# fname = f003154.csv
#  num_bckg events = 90
#  num_sig events = 9
# 0: class: 0, dur: 39 start: 1, stop = 39
# 1: class: 0, dur: 476 start: 40, stop = 515
# 2: class: 0, dur: 233 start: 516, stop = 748
# 3: class: 0, dur: 216 start: 749, stop = 964
# 4: class: 0, dur: 112 start: 965, stop = 1076
# 5: class: 4, dur: 131 start: 1077, stop = 1207
# 6: class: 0, dur: 152 start: 1208, stop = 1359
# 7: class: 0, dur: 347 start: 1360, stop = 1706
# 8: class: 0, dur: 152 start: 1707, stop = 1858
# 9: class: 4, dur: 301 start: 1859, stop = 2159
# 10: class: 0, dur: 446 start: 2160, stop = 2605
# 11: class: 3, dur: 284 start: 2606, stop = 2889
# 12: class: 0, dur: 82 start: 2890, stop = 2971
# 13: class: 0, dur: 340 start: 2972, stop = 3311
# 14: class: 0, dur: 54 start: 3312, stop = 3365
# 15: class: 0, dur: 251 start: 3366, stop = 3616
# 16: class: 0, dur: 205 start: 3617, stop = 3821
# 17: class: 0, dur: 25 start: 3822, stop = 3846
# 18: class: 0, dur: 376 start: 3847, stop = 4222
# 19: class: 0, dur: 262 start: 4223, stop = 4484
# 20: class: 0, dur: 134 start: 4485, stop = 4618
# 21: class: 0, dur: 342 start: 4619, stop = 4960
# 22: class: 0, dur: 433 start: 4961, stop = 5393
# 23: class: 0, dur: 219 start: 5394, stop = 5612
# 24: class: 0, dur: 246 start: 5613, stop = 5858
# 25: class: 0, dur: 496 start: 5859, stop = 6354
# 26: class: 0, dur: 199 start: 6355, stop = 6553
# 27: class: 1, dur: 260 start: 6554, stop = 6813
# 28: class: 0, dur: 167 start: 6814, stop = 6980
# 29: class: 0, dur: 119 start: 6981, stop = 7099
# 30: class: 0, dur: 452 start: 7100, stop = 7551
# 31: class: 0, dur: 124 start: 7552, stop = 7675
# 32: class: 0, dur: 437 start: 7676, stop = 8112
# 33: class: 0, dur: 491 start: 8113, stop = 8603
# 34: class: 0, dur: 413 start: 8604, stop = 9016
# 35: class: 0, dur: 294 start: 9017, stop = 9310
# 36: class: 0, dur: 498 start: 9311, stop = 9808
# 37: class: 0, dur: 369 start: 9809, stop = 10177
# 38: class: 0, dur: 311 start: 10178, stop = 10488
# 39: class: 0, dur: 118 start: 10489, stop = 10606
# 40: class: 0, dur: 412 start: 10607, stop = 11018
# 41: class: 0, dur: 346 start: 11019, stop = 11364
# 42: class: 0, dur: 371 start: 11365, stop = 11735
# 43: class: 0, dur: 259 start: 11736, stop = 11994
# 44: class: 0, dur: 48 start: 11995, stop = 12042
# 45: class: 0, dur: 424 start: 12043, stop = 12466
# 46: class: 0, dur: 224 start: 12467, stop = 12690
# 47: class: 0, dur: 368 start: 12691, stop = 13058
# 48: class: 0, dur: 395 start: 13059, stop = 13453
# 49: class: 0, dur: 456 start: 13454, stop = 13909
# 50: class: 2, dur: 302 start: 13910, stop = 14211
# 51: class: 0, dur: 311 start: 14212, stop = 14522
# 52: class: 0, dur: 105 start: 14523, stop = 14627
# 53: class: 0, dur: 67 start: 14628, stop = 14694
# 54: class: 0, dur: 241 start: 14695, stop = 14935
# 55: class: 0, dur: 43 start: 14936, stop = 14978
# 56: class: 0, dur: 288 start: 14979, stop = 15266
# 57: class: 0, dur: 412 start: 15267, stop = 15678
# 58: class: 0, dur: 139 start: 15679, stop = 15817
# 59: class: 0, dur: 226 start: 15818, stop = 16043
# 60: class: 0, dur: 334 start: 16044, stop = 16377
# 61: class: 0, dur: 406 start: 16378, stop = 16783
# 62: class: 0, dur: 236 start: 16784, stop = 17019
# 63: class: 0, dur: 149 start: 17020, stop = 17168
# 64: class: 0, dur: 365 start: 17169, stop = 17533
# 65: class: 0, dur: 150 start: 17534, stop = 17683
# 66: class: 0, dur: 263 start: 17684, stop = 17946
# 67: class: 0, dur: 445 start: 17947, stop = 18391
# 68: class: 0, dur: 280 start: 18392, stop = 18671
# 69: class: 0, dur: 279 start: 18672, stop = 18950
# 70: class: 0, dur: 413 start: 18951, stop = 19363
# 71: class: 0, dur: 425 start: 19364, stop = 19788
# 72: class: 0, dur: 174 start: 19789, stop = 19962
# 73: class: 1, dur: 14 start: 19963, stop = 19976
# 74: class: 3, dur: 494 start: 19977, stop = 20470
# 75: class: 0, dur: 222 start: 20471, stop = 20692
# 76: class: 0, dur: 209 start: 20693, stop = 20901
# 77: class: 1, dur: 78 start: 20902, stop = 20979
# 78: class: 0, dur: 161 start: 20980, stop = 21140
# 79: class: 0, dur: 259 start: 21141, stop = 21399
# 80: class: 0, dur: 98 start: 21400, stop = 21497
# 81: class: 0, dur: 82 start: 21498, stop = 21579
# 82: class: 0, dur: 362 start: 21580, stop = 21941
# 83: class: 0, dur: 32 start: 21942, stop = 21973
# 84: class: 0, dur: 392 start: 21974, stop = 22365
# 85: class: 0, dur: 117 start: 22366, stop = 22482
# 86: class: 0, dur: 453 start: 22483, stop = 22935
# 87: class: 0, dur: 358 start: 22936, stop = 23293
# 88: class: 0, dur: 183 start: 23294, stop = 23476
# 89: class: 0, dur: 437 start: 23477, stop = 23913
# 90: class: 0, dur: 24 start: 23914, stop = 23937
# 91: class: 0, dur: 259 start: 23938, stop = 24196
# 92: class: 0, dur: 240 start: 24197, stop = 24436
# 93: class: 0, dur: 130 start: 24437, stop = 24566
# 94: class: 3, dur: 280 start: 24567, stop = 24846
# 95: class: 0, dur: 229 start: 24847, stop = 25075
# 96: class: 0, dur: 142 start: 25076, stop = 25217
# 97: class: 0, dur: 123 start: 25218, stop = 25340
# 98: class: 0, dur: 43 start: 25341, stop = 25383
#------------
1,1.970405
2,1.243316
3,0.000624
4,0.056322
5,1.762349
6,0.897465
7,0.634908
8,1.210108
9,1.328644
10,0.275909
11,0.613719
12,-0.665449
13,0.793291
14,-0.405148
15,-1.963524
16,0.672790
17,0.939314
18,0.553462
19,2.439695
20,2.225816
21,1.780723
22,0.053317
23,-1.686120
24,-0.927311
25,-0.045134
26,0.731533
27,0.199917
28,0.005437
29,0.208439
30,-1.527702
31,0.211390
32,-0.775306
33,0.143345
34,0.203866
35,0.150437
36,0.240161
37,0.410276
38,-0.604816
39,0.752452
40,0.750922
41,1.463009
42,-0.940979
43,-0.568292
44,0.836565
45,1.695158
46,1.813196
47,0.740209
48,3.047416
49,2.764989
50,0.629960
51,1.067357
52,0.381418
53,-1.414919
54,-1.195048
55,1.026765
56,1.533931
57,1.273219
58,-0.521596
59,-0.321610
60,-0.229255
61,-2.231484
62,-1.762433
63,-1.884178
64,-0.188354
65,-1.101596
66,-0.448593
67,0.793612
68,-0.158798
69,1.021494
70,1.800656
71,-1.689735
72,0.108582
73,0.954649
74,-0.168331
75,-1.054992
76,-1.434154
77,-0.319885
78,-0.614249
79,-1.289724
80,-2.121792
81,-1.630948
82,-0.430851
83,0.832209
84,0.197455
85,0.833756
86,0.748612
87,1.026752
88,-0.705441
89,-0.984886
90,-0.056387
91,0.703139
92,-0.336714
93,-1.646484
94,-0.326141
95,0.213767
96,-0.023364
97,0.925479
98,1.108754
99,1.850807
100,-0.855952
101,-1.203278
102,-0.419124
103,-1.441687
104,0.953035
105,1.403609
106,0.780638
107,-0.036219
108,-0.204529
109,0.012980
110,1.285575
111,0.118189
112,0.031359
113,-0.095699
114,0.831765
115,-0.134546
116,-0.426123
117,0.611461
118,0.723780
119,-1.151955
120,1.009164
121,-0.199117
122,1.220440
123,0.030047
124,0.766049
125,1.254244
126,-0.486912
127,-0.299571
128,-2.502923
129,-0.521974
130,-1.408430
131,1.035229
132,-0.932509
133,-0.593360
134,-0.247920
135,0.743112
136,0.670437
137,-1.143075
138,-1.187121
139,-0.745410
140,-0.039831
141,-0.527878
142,-0.477872
143,1.040623
144,0.275747
145,-1.458256
146,-1.580533
147,-0.924097
148,-1.188929
149,-2.595030
150,-1.669704
151,0.049198
152,0.499820
153,-0.158470
154,-1.295833
155,-0.808803
156,-1.040365
157,-0.783619
158,0.082174
159,0.549945
160,1.301380
161,2.178099
162,1.307985
163,1.353363
164,-0.718352
165,-1.137414
166,-0.654278
167,0.754961
168,1.546793
169,-0.320867
170,-0.592661
171,2.107211
172,0.947848
173,1.456619
174,1.083083
175,0.737598
176,-1.421519
177,-0.774589
178,-0.525454
179,0.575740
180,0.986812
181,-1.058516
182,0.303699
183,1.922073
184,0.339062
185,0.090347
186,1.063006
187,2.478237
188,0.210522
189,0.535791
190,-0.269161
191,1.431857
192,0.895221
193,1.488846
194,0.632671
195,0.688048
196,2.118497
197,-0.633403
198,-0.063403
199,3.427855
200,-0.464253
201,-1.047691
202,0.833274
203,0.706771
204,-0.332450
205,-0.348494
206,-0.074984
207,-0.185105
208,-0.008695
209,1.503913
210,0.392422
211,-0.775334
212,0.917086
213,-1.133053
214,0.211057
215,-0.640034
216,-0.541643
217,-0.424809
218,-0.780425
219,0.679936
220,-1.640859
221,-1.307124
222,-1.265744
223,-0.168818
224,0.268516
225,-1.377276
226,0.305403
227,0.683145
228,0.297192
229,-0.966556
230,-1.437325
231,-1.044883
232,-0.018844
233,1.149144
234,0.137903
235,1.001561
236,1.637910
237,-0.136860
238,0.461798
239,-0.614892
240,-0.289329
241,-0.095653
242,1.280241
243,0.963740
244,-1.277289
245,-0.044330
246,0.395034
247,-0.027521
248,-0.336231
249,0.001440
250,0.364428
251,0.062699
252,2.114718
253,1.531559
254,0.357973
255,-0.932176
256,0.291514
257,1.009891
258,0.378687
259,0.878013
260,0.718448
261,2.701726
262,0.807286
263,1.176340
264,1.057358
265,0.104039
266,1.392106
267,-0.229216
268,0.553193
269,0.169659
270,-1.396443
271,-1.129351
272,1.866872
273,0.991001
274,1.286326
275,0.803881
276,0.041334
277,0.059559
278,0.342938
279,0.090684
280,0.761367
281,-1.673478
282,-1.950671
283,0.269943
284,-0.832562
285,-0.276803
286,0.079395
287,-0.460786
288,0.850189
289,0.182169
290,-0.298816
291,0.603345
292,0.379358
293,1.337438
294,-0.942526
295,-0.178480
296,-0.434103
297,-0.471220
298,-0.749676
299,-0.600741
300,-0.537159
301,0.256285
302,-0.343750
303,-1.991286
304,-0.706266
305,-0.908812
306,-0.549090
307,0.392897
308,1.135929
309,0.761700
310,-0.075939
311,-0.354414
312,0.558796
313,0.646291
314,1.217720
315,0.367444
316,0.019339
317,-0.805487
318,-1.560980
319,-0.779693
320,-0.400504
321,-1.895958
322,-2.744799
323,-1.099995
324,-2.099422
325,0.937405
326,-0.191702
327,-1.466684
328,-1.402813
329,0.372353
330,0.969748
331,-0.892353
332,-0.254262
333,1.540711
334,0.749256
335,-0.065696
336,0.575910
337,-1.779656
338,-1.535047
339,1.612565
340,-0.005795
341,-1.212286
342,-0.271098
343,-0.200257
344,0.078301
345,-0.662619
346,-0.202560
347,1.043502
348,-0.410994
349,0.262621
350,-0.082594
351,1.028257
352,1.381048
353,0.028844
354,-0.119768
355,-0.056427
356,-1.764552
357,-0.740643
358,-0.900805
359,-1.491076
360,-0.904858
361,1.756056
362,0.748825
363,-0.112229
364,-0.881408
365,-0.976696
366,-0.303099
367,-0.350334
368,1.064482
369,-0.830504
370,0.085922
371,0.302235
372,2.259181
373,0.035790
374,-0.669713
375,-1.030752
376,-1.376474
377,0.806004
378,-0.143347
379,0.875984
380,1.005029
381,0.434127
382,0.370322
383,-0.654519
384,1.147877
385,-0.211379
386,-0.011526
387,-0.908770
388,-1.269506
389,-0.333085
390,0.538470
391,0.469187
392,0.352458
393,-1.300852
394,1.043857
395,0.533350
396,-0.970734
397,1.970629
398,-0.576716
399,-1.646975
400,-0.773545
401,0.472106
402,1.724907
403,1.226402
404,0.242499
405,0.222702
406,0.161544
407,1.377010
408,1.848798
409,0.420963
410,-1.644729
411,-0.846913
412,0.788338
413,0.304325
414,-0.209109
415,0.433577
416,-0.497095
417,-0.255454
418,0.052970
419,-0.206095
420,0.425613
421,1.103420
422,1.014355
423,-0.774821
424,-1.555228
425,-0.705588
426,1.093062
427,1.263397
428,2.195455
429,0.709428
430,0.947038
431,-0.102820
432,-0.180612
433,0.099371
434,1.747855
435,1.278570
436,0.365367
437,0.650438
438,0.577674
439,0.379784
440,-1.370862
441,-2.064741
442,-0.813467
443,1.493392
444,1.443504
445,0.465878
446,0.655717
447,-0.499969
448,-0.044632
449,0.076791
450,0.887052
451,-0.114474
452,-1.253452
453,-0.220677
454,1.524023
455,0.878694
456,-0.138413
457,1.637970
458,0.936658
459,0.605651
460,0.460969
461,2.104685
462,0.557051
463,-0.680979
464,1.074047
465,-0.278977
466,-0.296765
467,-0.687926
468,0.439065
469,2.220669
470,3.173128
471,0.008124
472,-0.616583
473,-0.682157
474,0.088647
475,-0.667778
476,0.348150
477,0.675276
478,-0.285690
479,-2.413057
480,0.515747
481,0.333910
482,1.654351
483,-0.644972
484,-2.053003
485,-0.769229
486,-1.607422
487,0.485920
488,0.132317
489,-0.208137
490,-0.205679
491,-2.958945
492,-1.578211
493,1.206855
494,0.477078
495,-0.241848
496,0.391226
497,0.781020
498,-1.663245
499,1.210574
500,1.104778
501,0.106982
502,0.433790
503,1.702101
504,0.144796
505,-0.972876
506,1.389851
507,-0.590120
508,-0.352125
509,0.272595
510,1.400195
511,0.483665
512,-0.290615
513,0.390383
514,0.885335
515,0.014072
516,-2.560609
517,-0.690754
518,0.983284
519,0.508971
520,-1.265576
521,-0.026592
522,-1.579509
523,-0.554149
524,-0.359484
525,0.333337
526,0.462100
527,0.269710
528,-0.683482
529,-0.279004
530,-1.964499
531,0.011097
532,-0.112994
533,-1.963441
534,-2.666589
535,0.564851
536,-0.913540
537,0.806293
538,0.134936
539,-1.276356
540,-1.233903
541,0.509201
542,0.648738
543,-0.748482
544,-0.365258
545,0.375226
546,0.996849
547,-0.527334
548,-1.405800
549,-0.427808
550,-0.972956
551,-0.372254
552,-0.974619
553,0.787258
554,-0.093712
555,1.423574
556,0.463877
557,-0.673313
558,0.525639
559,-1.137192
560,0.120623
561,-1.355288
562,-1.785923
563,0.297058
564,-1.065257
565,1.067403
566,0.325689
567,-0.614694
568,0.569886
569,-0.166993
570,-0.584419
571,1.707914
572,0.620546
573,0.257826
574,-0.744237
575,-1.654836
576,-1.047469
577,-0.725691
578,0.507719
579,1.502064
580,2.138900
581,0.224550
582,-0.447315
583,2.094917
584,2.354381
585,0.235980
586,3.753747
587,0.317593
588,-0.021372
589,1.914623
590,0.998581
591,-0.092350
592,0.817502
593,-0.059569
594,0.740313
595,0.111544
596,-0.524723
597,-0.339015
598,-0.566639
599,1.509285
600,0.578232
601,0.248116
602,0.844739
603,-0.474625
604,-0.487471
605,1.907916
606,-1.095715
607,-0.404218
608,1.560679
609,1.762098
610,-0.065553
611,-0.036003
612,1.141173
613,-0.315603
614,0.197593
615,1.185520
616,1.295103
617,-0.552084
618,-2.407598
619,-0.382897
620,-0.289238
621,0.424943
622,-2.075884
623,-2.078143
624,-1.114218
625,-0.041047
626,0.619856
627,0.601259
628,0.615622
629,0.356661
630,0.014945
631,-0.936708
632,-0.308369
633,0.876070
634,0.158985
635,0.370038
636,1.072438
637,-1.118164
638,-0.328716
639,0.636161
640,1.178991
641,0.198311
642,-0.416968
643,-0.442367
644,0.771711
645,-1.021113
646,2.332769
647,0.186129
648,-0.595700
649,0.396507
650,0.046619
651,-0.431159
652,-0.752302
653,-0.943972
654,-0.324143
655,-0.023156
656,0.182940
657,-0.187255
658,0.410116
659,0.765287
660,-1.697426
661,1.567892
662,-0.722214
663,-0.002527
664,-0.294288
665,0.519940
666,0.176272
667,-0.608664
668,-0.044153
669,1.914643
670,-0.943617
671,-2.131697
672,-0.298470
673,0.300390
674,0.721619
675,-1.330874
676,-1.390887
677,-2.258139
678,-1.044182
679,0.782592
680,1.575514
681,1.349680
682,-0.571930
683,0.406983
684,0.863436
685,-0.092424
686,-0.910025
687,-0.143355
688,-0.377642
689,-1.056807
690,0.044022
691,0.690250
692,-0.012941
693,-0.247816
694,-0.639796
695,-1.986955
696,-1.560094
697,-0.365958
698,-2.717401
699,-0.569637
700,-2.971149
701,-0.530967
702,-0.880381
703,-0.918274
704,0.837455
705,1.164630
706,0.254438
707,0.781902
708,1.695580
709,0.825179
710,-1.319357
711,-1.900096
712,-0.462813
713,-0.747866
714,-1.109712
715,0.862072
716,0.184126
717,-0.821446
718,0.504061
719,-0.706437
720,-1.537460
721,-1.118999
722,0.856235
723,0.700279
724,2.028523
725,-0.422239
726,1.638700
727,0.916915
728,1.763966
729,-1.424166
730,0.499504
731,-0.304431
732,-0.306310
733,-2.326421
734,-0.278163
735,-1.943236
736,-0.338497
737,0.356266
738,-2.393278
739,-0.689202
740,-0.152658
741,-1.516553
742,0.808213
743,-1.042162
744,-0.006619
745,0.504727
746,2.492831
747,1.138276
748,-0.719738
749,1.026499
750,0.175535
751,0.014517
752,-0.899446
753,-1.285024
754,0.606460
755,-1.429790
756,-0.522957
757,-0.807674
758,-1.432876
759,0.946057
760,-0.997504
761,-0.002617
762,1.561724
763,-0.393751
764,1.056580
765,-1.054595
766,-0.290920
767,1.277621
768,0.255898
769,-0.296915
770,1.314770
771,-0.182852
772,-0.678104
773,0.472179
774,0.239260
775,0.702243
776,0.055045
777,1.559045
778,1.220545
779,0.626661
780,1.926651
781,0.893535
782,1.480464
783,-1.049629
784,-0.021478
785,1.523230
786,0.289463
787,1.390310
788,0.846462
789,1.807899
790,-0.339963
791,-0.154622
792,1.179731
793,0.516100
794,1.715350
795,0.571043
796,-0.817142
797,-1.054959
798,-0.111197
799,-0.704170
800,0.949703
801,0.543515
802,1.687748
803,-0.577374
804,0.507626
805,0.367984
806,-0.575361
807,-0.493819
808,1.272841
809,1.358007
810,0.095352
811,0.033319
812,-0.553032
813,-1.267377
814,0.359574
815,0.610457
816,1.233470
817,-1.625890
818,-0.656437
819,-0.417739
820,0.728271
821,0.190596
822,-0.424058
823,1.133106
824,-0.419685
825,0.380681
826,0.796971
827,0.599355
828,-0.470838
829,-0.923365
830,-0.888659
831,1.026259
832,-1.703993
833,-1.083686
834,-0.704092
835,-1.929959
836,-2.388928
837,0.284831
838,-0.326953
839,-0.190038
840,1.658436
841,2.027286
842,1.459336
843,-0.606266
844,0.117653
845,1.105458
846,-0.091109
847,-0.032088
848,0.544455
849,-2.345745
850,0.620047
851,1.851007
852,0.551814
853,2.770729
854,0.224967
855,-0.706671
856,-0.842366
857,-0.143261
858,-1.178618
859,0.081209
860,0.063071
861,1.272307
862,0.818488
863,0.877006
864,-0.299140
865,1.442006
866,-0.137664
867,0.306831
868,0.017292
869,0.061703
870,-1.041908
871,0.189076
872,0.358127
873,1.642923
874,-0.814179
875,0.271367
876,1.562049
877,1.068700
878,0.026908
879,0.649601
880,1.593284
881,1.025712
882,-0.017297
883,0.896960
884,-2.168830
885,1.151818
886,-0.408717
887,-0.571261
888,0.120236
889,0.088887
890,-1.229433
891,-1.331853
892,0.030379
893,2.236605
894,2.078105
895,0.755702
896,-2.678385
897,-1.133958
898,-0.036105
899,0.752492
900,0.079014
901,-0.250606
902,-0.150955
903,0.472835
904,0.146684
905,-0.290255
906,0.246407
907,0.079697
908,-0.002103
909,-1.583057
910,-0.563338
911,-0.170218
912,0.192392
913,-0.704913
914,-0.118330
915,0.548569
916,-0.076583
917,-0.582885
918,0.969952
919,-1.035901
920,-0.698835
921,0.216411
922,-0.743480
923,0.358736
924,-0.703412
925,-0.765235
926,0.349889
927,-1.390498
928,0.142287
929,1.456122
930,2.307585
931,0.439319
932,-0.208203
933,-0.248902
934,1.321345
935,2.255667
936,0.014738
937,0.198123
938,-1.398071
939,0.031687
940,-1.074863
941,0.670933
942,-0.298536
943,0.793748
944,1.034480
945,1.280525
946,-0.474154
947,0.186520
948,2.180564
949,1.798906
950,1.118158
951,1.146167
952,0.434314
953,-0.283880
954,0.335365
955,-0.013828
956,-1.070092
957,-1.222888
958,-0.370457
959,-0.999034
960,-1.649816
961,-0.702527
962,0.756731
963,-0.142248
964,-0.056128
965,-1.101811
966,-0.659898
967,0.613659
968,-0.811662
969,0.094930
970,-2.149837
971,-0.125849
972,0.340229
973,-0.034916
974,2.648375
975,0.937447
976,-0.008622
977,-0.336881
978,-2.074699
979,-0.834286
980,-0.483659
981,-0.355798
982,-2.027402
983,-0.851571
984,0.563939
985,-1.473992
986,-1.228832
987,-0.120838
988,0.615750
989,-1.606066
990,0.009583
991,-1.074258
992,0.287020
993,1.741716
994,-0.329514
995,0.460452
996,0.513026
997,-0.513365
998,-0.311890
999,0.641438
1000,0.439582
1001,0.283777
1002,0.303695
1003,0.090427
1004,0.018360
1005,-1.179839
1006,-0.941061
1007,0.273783
1008,-1.594656
1009,-0.181837
1010,-0.343826
1011,-0.267610
1012,1.357973
1013,0.817079
1014,-0.121984
1015,-0.823707
1016,1.093415
1017,0.877124
1018,-0.422133
1019,-0.983041
1020,-2.097617
1021,-2.379277
1022,0.357812
1023,0.834981
1024,-1.657330
1025,0.404324
1026,-0.245308
1027,-0.379810
1028,-0.568836
1029,0.791208
1030,-0.762644
1031,0.704609
1032,0.024909
1033,0.460282
1034,0.673981
1035,-1.270238
1036,1.251551
1037,0.636899
1038,0.412950
1039,1.853969
1040,0.401133
1041,1.717390
1042,1.594542
1043,0.577429
1044,0.579183
1045,0.787020
1046,-1.017096
1047,-1.006022
1048,-0.317064
1049,-0.476860
1050,-1.628515
1051,-1.018835
1052,-1.056507
1053,-0.097195
1054,-0.482378
1055,0.195549
1056,0.623173
1057,1.144332
1058,0.616084
1059,-0.389024
1060,-1.684652
1061,-1.400425
1062,1.155010
1063,0.835633
1064,0.473369
1065,0.481291
1066,-1.197830
1067,0.742903
1068,1.297399
1069,1.057971
1070,0.191266
1071,-1.157529
1072,0.952308
1073,0.004105
1074,-0.185481
1075,-1.120451
1076,-1.725606
1077,7.615849
1078,6.246361
1079,7.391182
1080,5.935352
1081,7.599922
1082,4.289274
1083,5.893779
1084,8.422900
1085,8.126947
1086,9.565826
1087,10.758831
1088,6.667013
1089,7.695603
1090,8.220489
1091,5.915310
1092,5.822302
1093,2.299122
1094,2.590760
1095,5.811364
1096,7.847680
1097,5.146597
1098,6.566626
1099,8.216904
1100,7.332162
1101,6.425943
1102,7.852284
1103,3.902777
1104,6.411079
1105,5.570646
1106,4.938552
1107,4.183319
1108,8.048104
1109,10.370371
1110,2.132111
1111,4.261096
1112,6.883688
1113,5.483232
1114,1.708092
1115,3.554015
1116,6.031647
1117,7.921156
1118,6.524321
1119,9.785062
1120,8.489408
1121,8.144034
1122,4.710911
1123,2.117618
1124,3.262563
1125,7.422404
1126,7.021048
1127,6.175664
1128,9.240980
1129,3.448278
1130,5.923895
1131,2.484440
1132,9.562572
1133,6.683308
1134,7.963243
1135,6.649439
1136,3.168621
1137,5.995387
1138,7.626057
1139,5.029957
1140,5.693778
1141,4.238348
1142,8.667909
1143,7.357314
1144,4.434501
1145,6.993254
1146,7.691662
1147,9.335358
1148,9.189683
1149,8.569274
1150,6.030126
1151,5.326383
1152,7.197141
1153,6.331368
1154,5.649201
1155,4.129427
1156,4.713236
1157,5.586638
1158,7.517650
1159,5.260850
1160,6.063309
1161,0.307925
1162,4.038740
1163,6.420522
1164,9.341863
1165,2.963389
1166,7.860021
1167,4.893261
1168,5.483661
1169,7.786223
1170,8.062215
1171,7.641594
1172,8.023295
1173,7.688062
1174,8.934709
1175,6.249998
1176,6.472274
1177,5.615394
1178,4.244539
1179,6.302205
1180,7.019789
1181,1.305322
1182,6.036240
1183,5.987108
1184,4.621936
1185,8.472679
1186,7.076420
1187,9.067520
1188,6.253464
1189,8.239430
1190,6.170212
1191,6.792043
1192,3.583656
1193,6.227990
1194,4.101790
1195,5.858283
1196,4.728537
1197,4.657942
1198,6.573216
1199,5.260893
1200,7.240134
1201,8.401457
1202,4.024258
1203,5.973269
1204,8.161579
1205,4.721848
1206,9.019982
1207,8.379397
1208,1.311441
1209,0.488938
1210,-0.504206
1211,0.776113
1212,1.279974
1213,0.451176
1214,1.054395
1215,0.104916
1216,-0.104741
1217,-0.966381
1218,-2.942522
1219,-0.859916
1220,0.632045
1221,-0.742838
1222,-0.973188
1223,-0.225373
1224,-1.542069
1225,0.047014
1226,2.095352
1227,1.152511
1228,0.603992
1229,1.568359
1230,0.934133
1231,0.692350
1232,-0.533318
1233,-1.591044
1234,0.019688
1235,-0.813492
1236,0.789836
1237,0.489664
1238,-0.018570
1239,-0.248266
1240,-0.873409
1241,-0.236417
1242,0.253170
1243,-2.725421
1244,-1.904112
1245,0.552618
1246,0.994579
1247,0.685177
1248,-0.499117
1249,-0.552201
1250,1.229437
1251,2.012827
1252,0.368461
1253,-0.793727
1254,-0.994012
1255,0.550055
1256,0.462836
1257,-0.555248
1258,-1.650313
1259,0.399820
1260,-1.225924
1261,-0.438376
1262,-1.119810
1263,0.068965
1264,-0.837212
1265,-0.485195
1266,-0.596080
1267,-0.574650
1268,1.089242
1269,-1.747111
1270,-0.853391
1271,0.135902
1272,2.274281
1273,-0.357372
1274,-0.813513
1275,-0.618409
1276,0.275790
1277,0.781725
1278,-0.451863
1279,-0.099744
1280,-1.240527
1281,1.327162
1282,-0.068434
1283,-0.350769
1284,0.833203
1285,-0.312196
1286,0.315131
1287,0.031270
1288,-1.361970
1289,-1.802515
1290,-0.903448
1291,2.725082
1292,0.028150
1293,0.985077
1294,-2.462841
1295,-1.092406
1296,0.344854
1297,0.332373
1298,0.221788
1299,0.918161
1300,-2.062564
1301,0.032395
1302,-0.328160
1303,-1.171127
1304,-1.346175
1305,-0.214572
1306,-1.032750
1307,-1.144125
1308,1.791163
1309,-1.374102
1310,-0.901362
1311,-0.059066
1312,-0.201442
1313,-1.221423
1314,-0.120271
1315,-0.686576
1316,0.479729
1317,-0.046034
1318,-0.255144
1319,1.516335
1320,1.493483
1321,0.173690
1322,0.248907
1323,-0.468477
1324,-1.937973
1325,1.640065
1326,0.096936
1327,0.239308
1328,-0.779654
1329,-1.274275
1330,-0.455193
1331,0.866303
1332,-0.027012
1333,1.564918
1334,0.239535
1335,2.009394
1336,0.728088
1337,-2.060613
1338,-1.268103
1339,0.789719
1340,1.498522
1341,-2.677218
1342,-3.257930
1343,-0.618132
1344,-0.634086
1345,-0.091559
1346,1.060458
1347,0.395904
1348,1.263129
1349,0.294956
1350,1.155171
1351,-0.072001
1352,1.982646
1353,0.619378
1354,0.291279
1355,-0.410192
1356,0.509742
1357,-0.039570
1358,1.730918
1359,0.606157
1360,0.799117
1361,1.010035
1362,2.054764
1363,1.995786
1364,0.672994
1365,1.229486
1366,-0.149954
1367,-1.298528
1368,-0.402971
1369,2.314948
1370,1.609400
1371,0.981179
1372,0.493854
1373,0.687593
1374,-1.058412
1375,-1.271538
1376,-0.866988
1377,-0.790097
1378,1.560338
1379,0.446624
1380,1.064039
1381,1.131665
1382,-0.655272
1383,-0.292856
1384,0.449907
1385,1.201815
1386,-0.759775
1387,0.050983
1388,0.575874
1389,1.511259
1390,-0.900913
1391,-0.952831
1392,-0.675807
1393,-0.601834
1394,-0.843164
1395,-0.162001
1396,1.731098
1397,-1.785916
1398,-0.154147
1399,0.501848
1400,-0.448605
1401,0.322848
1402,-0.173816
1403,1.143802
1404,0.192815
1405,-1.820007
1406,-2.169314
1407,-0.263325
1408,2.674379
1409,-0.042795
1410,-0.614482
1411,-0.940431
1412,1.012498
1413,-0.392413
1414,0.633080
1415,-0.319284
1416,-1.042991
1417,-0.705548
1418,0.369076
1419,0.576418
1420,0.199181
1421,-0.760854
1422,0.403505
1423,1.322158
1424,1.353788
1425,0.193282
1426,0.132082
1427,1.176336
1428,0.354988
1429,-0.334960
1430,-0.157394
1431,0.370023
1432,0.135982
1433,0.732203
1434,-1.292543
1435,-1.911165
1436,-0.839727
1437,1.101903
1438,0.284471
1439,1.741665
1440,0.487369
1441,-0.447307
1442,-2.090171
1443,-1.745961
1444,-1.964353
1445,-0.850019
1446,0.541785
1447,0.016149
1448,-0.423692
1449,0.956128
1450,1.462464
1451,-1.159178
1452,0.273890
1453,-0.862578
1454,0.428695
1455,-0.146941
1456,1.150421
1457,2.349036
1458,1.395546
1459,1.144161
1460,0.653551
1461,1.993682
1462,0.766610
1463,0.055183
1464,0.627933
1465,0.158973
1466,1.522534
1467,0.433978
1468,0.758971
1469,-0.941291
1470,-2.126621
1471,-0.932880
1472,-1.100281
1473,0.655903
1474,0.436386
1475,0.046311
1476,0.399814
1477,-0.715152
1478,-0.161361
1479,-2.137374
1480,-1.722432
1481,-1.229307
1482,-1.340909
1483,0.029350
1484,2.395374
1485,1.419017
1486,0.225836
1487,0.611604
1488,-0.393710
1489,-0.555146
1490,0.732809
1491,-0.826213
1492,0.149013
1493,0.532597
1494,0.832989
1495,-0.053699
1496,0.514097
1497,1.018152
1498,0.529781
1499,-1.374665
1500,-0.271522
1501,-0.526917
1502,-1.103040
1503,-2.480763
1504,0.025988
1505,0.928531
1506,-1.296987
1507,-0.383757
1508,-0.306295
1509,1.687173
1510,0.833975
1511,2.023853
1512,0.065285
1513,-0.919069
1514,-0.659963
1515,-0.770870
1516,1.569931
1517,0.790217
1518,0.260123
1519,-0.325167
1520,0.920581
1521,-0.109722
1522,-0.308310
1523,0.163465
1524,0.064492
1525,0.555270
1526,1.485862
1527,0.530141
1528,0.450502
1529,-0.094294
1530,0.953895
1531,2.194772
1532,1.311353
1533,0.503936
1534,-2.046334
1535,-1.202075
1536,-1.404329
1537,-0.195225
1538,-0.197954
1539,0.677235
1540,-1.050825
1541,0.660810
1542,0.162813
1543,1.239259
1544,1.748604
1545,0.503762
1546,-0.743158
1547,1.057668
1548,0.411538
1549,-0.856686
1550,-0.719769
1551,-1.247457
1552,-1.497799
1553,-1.679278
1554,0.227469
1555,0.806086
1556,0.240842
1557,-0.626016
1558,-0.595659
1559,1.378869
1560,-1.224364
1561,0.293223
1562,-0.194782
1563,-0.419290
1564,1.078486
1565,1.002042
1566,-0.194952
1567,2.247657
1568,0.377780
1569,-1.880918
1570,-0.141622
1571,1.023353
1572,-0.196643
1573,-0.079630
1574,-1.273616
1575,0.984628
1576,0.115673
1577,-0.476691
1578,-1.125430
1579,-0.699388
1580,-0.694961
1581,-0.321195
1582,-1.413789
1583,-1.112160
1584,-2.225478
1585,-1.476693
1586,-1.428098
1587,1.064872
1588,-0.057048
1589,-1.029975
1590,-0.489263
1591,0.861792
1592,-0.149186
1593,0.579005
1594,0.885576
1595,0.039526
1596,-0.469043
1597,-1.142290
1598,-0.841398
1599,-1.893344
1600,-1.691605
1601,0.766981
1602,0.100543
1603,1.991345
1604,-0.178823
1605,1.186443
1606,-0.501561
1607,-0.182019
1608,0.112360
1609,-1.268161
1610,-0.447581
1611,1.400579
1612,0.230329
1613,-0.223075
1614,-1.345526
1615,0.385374
1616,-0.656032
1617,0.478841
1618,-1.242913
1619,-1.921071
1620,1.455499
1621,-0.163539
1622,0.269933
1623,2.022353
1624,-0.440429
1625,-0.260533
1626,-1.757466
1627,0.670519
1628,-1.178006
1629,-0.946806
1630,0.126535
1631,-1.266637
1632,-1.429245
1633,-0.228375
1634,-0.744777
1635,-0.794916
1636,0.018110
1637,0.137783
1638,0.725697
1639,0.835687
1640,-2.169907
1641,0.478267
1642,0.074542
1643,-1.059549
1644,-1.375894
1645,0.720776
1646,0.329724
1647,-0.531193
1648,1.690135
1649,-1.312532
1650,-0.681494
1651,-1.040766
1652,-2.776281
1653,0.005690
1654,0.972702
1655,-0.174507
1656,1.132965
1657,0.090646
1658,1.376920
1659,1.092824
1660,0.702973
1661,1.137034
1662,1.907685
1663,0.592500
1664,-0.877988
1665,-2.053799
1666,-0.770807
1667,-1.084958
1668,1.254313
1669,0.610313
1670,-1.577731
1671,-0.801500
1672,0.927444
1673,-0.423539
1674,0.132899
1675,-0.461825
1676,-1.637176
1677,-0.331227
1678,0.467796
1679,2.456702
1680,0.004801
1681,0.273699
1682,-1.074820
1683,-0.644904
1684,-1.694653
1685,-0.799550
1686,-1.507508
1687,0.164578
1688,-0.451749
1689,-0.408606
1690,0.631956
1691,0.673195
1692,0.780412
1693,0.779219
1694,-0.104771
1695,1.642893
1696,1.032739
1697,-0.092362
1698,-0.827072
1699,0.765088
1700,-2.587940
1701,-0.208669
1702,-1.712088
1703,-0.660264
1704,-0.830207
1705,0.733862
1706,-0.085165
1707,1.370222
1708,0.342719
1709,0.548213
1710,-0.621670
1711,1.389095
1712,-1.215279
1713,-1.164934
1714,-0.415940
1715,0.009133
1716,0.392134
1717,0.012654
1718,1.660673
1719,-0.491160
1720,-0.523125
1721,-0.222559
1722,0.887933
1723,-0.849437
1724,1.000913
1725,0.369319
1726,-0.624760
1727,0.031447
1728,0.927780
1729,-1.134971
1730,0.185284
1731,-1.275621
1732,0.408121
1733,-0.401712
1734,0.328818
1735,0.430844
1736,-0.587567
1737,-0.324346
1738,-0.398688
1739,-1.059812
1740,0.940920
1741,2.268684
1742,0.499659
1743,-0.890117
1744,0.330546
1745,-0.855183
1746,1.733535
1747,1.886613
1748,0.689876
1749,0.437762
1750,0.765217
1751,0.875821
1752,-0.524670
1753,2.167903
1754,-0.164609
1755,1.597698
1756,1.861200
1757,-0.095847
1758,1.021685
1759,1.698401
1760,1.003240
1761,0.484056
1762,0.020657
1763,2.354269
1764,-1.089855
1765,-1.139428
1766,0.334708
1767,1.442519
1768,0.574773
1769,-0.004169
1770,0.750267
1771,1.134776
1772,-0.697861
1773,-0.413007
1774,-1.683970
1775,-1.877303
1776,-1.463179
1777,-0.095266
1778,0.380539
1779,-0.482524
1780,-0.855617
1781,0.353045
1782,0.807477
1783,0.849151
1784,0.463428
1785,-0.713253
1786,-0.719050
1787,0.471628
1788,-2.163220
1789,0.541300
1790,0.403562
1791,0.230653
1792,1.196586
1793,-0.821732
1794,1.202434
1795,1.268194
1796,-0.307844
1797,0.856974
1798,-0.929961
1799,0.642260
1800,-0.617512
1801,0.045574
1802,0.408717
1803,0.983505
1804,0.119101
1805,-0.246127
1806,1.552837
1807,1.758010
1808,0.972470
1809,1.392655
1810,0.407159
1811,0.348368
1812,0.351515
1813,0.756406
1814,1.639239
1815,0.295544
1816,2.264080
1817,0.289454
1818,-0.694408
1819,-0.294390
1820,0.136802
1821,-0.545591
1822,-0.440291
1823,0.786880
1824,1.273244
1825,1.863608
1826,1.266680
1827,-0.867365
1828,0.392533
1829,-0.763589
1830,0.346815
1831,0.443525
1832,-0.139895
1833,1.135777
1834,-1.015963
1835,1.367266
1836,-0.815220
1837,-0.824256
1838,1.158517
1839,0.027124
1840,0.025419
1841,-0.807838
1842,-0.013725
1843,1.018232
1844,-1.080245
1845,-0.001226
1846,-0.547439
1847,0.212326
1848,0.400423
1849,0.359942
1850,-1.114491
1851,0.277694
1852,2.425678
1853,1.642690
1854,-0.645459
1855,-0.569567
1856,-0.237597
1857,1.239484
1858,-0.366896
1859,7.996697
1860,14.024722
1861,12.563341
1862,8.994889
1863,12.909074
1864,10.466180
1865,15.368282
1866,14.936645
1867,13.493685
1868,12.490816
1869,7.259877
1870,7.518830
1871,12.353117
1872,12.208453
1873,12.051910
1874,12.547634
1875,11.980489
1876,12.332492
1877,10.208181
1878,11.854936
1879,13.988971
1880,12.021735
1881,10.940827
1882,14.833141
1883,11.517814
1884,6.524351
1885,11.396255
1886,15.118098
1887,10.430223
1888,13.531099
1889,14.980712
1890,10.747880
1891,12.003687
1892,12.373194
1893,13.069218
1894,13.339848
1895,14.054937
1896,12.662494
1897,14.105353
1898,13.527420
1899,14.088214
1900,8.776592
1901,11.981715
1902,11.465609
1903,11.718359
1904,11.307289
1905,13.953724
1906,11.392369
1907,12.084275
1908,17.529043
1909,12.018539
1910,8.762939
1911,12.392743
1912,10.817867
1913,11.468863
1914,8.771591
1915,13.024564
1916,11.640836
1917,11.996794
1918,9.954105
1919,15.499587
1920,12.218203
1921,14.075676
1922,12.064720
1923,15.228267
1924,13.249531
1925,13.080152
1926,9.789610
1927,11.398969
1928,14.715221
1929,12.932267
1930,13.758988
1931,9.788068
1932,12.767784
1933,12.901605
1934,10.572471
1935,11.480184
1936,10.227116
1937,7.220729
1938,10.459027
1939,7.345880
1940,7.596318
1941,10.304544
1942,11.812919
1943,13.190540
1944,14.806159
1945,10.785208
1946,11.200550
1947,10.933054
1948,12.337003
1949,11.365158
1950,12.148516
1951,11.118147
1952,14.334203
1953,16.736987
1954,12.887579
1955,9.217597
1956,10.678586
1957,9.865182
1958,11.515188
1959,15.157268
1960,14.591001
1961,12.336663
1962,13.207935
1963,14.508924
1964,12.436531
1965,10.285625
1966,11.129364
1967,11.095412
1968,11.735120
1969,8.304580
1970,14.248734
1971,18.425666
1972,13.086337
1973,12.901105
1974,13.157139
1975,9.141728
1976,13.691550
1977,10.446477
1978,12.633538
1979,14.269340
1980,12.041551
1981,11.405331
1982,12.341174
1983,9.685664
1984,13.557750
1985,13.239192
1986,10.390519
1987,12.475281
1988,12.721317
1989,14.412456
1990,13.899035
1991,7.544210
1992,14.109142
1993,12.442438
1994,14.444597
1995,14.470438
1996,11.112738
1997,11.792438
1998,9.028103
1999,11.387010
2000,9.587064
2001,11.597681
2002,10.214859
2003,12.720636
2004,14.682160
2005,8.051015
2006,11.087197
2007,10.367953
2008,11.467565
2009,11.548922
2010,12.018461
2011,13.151558
2012,13.520781
2013,12.694058
2014,12.204437
2015,15.053392
2016,12.721485
2017,12.691139
2018,9.368294
2019,12.709235
2020,12.237978
2021,11.950288
2022,12.430419
2023,10.987990
2024,13.451131
2025,9.106134
2026,13.167406
2027,14.532116
2028,12.302154
2029,9.510668
2030,8.670123
2031,11.606692
2032,10.502395
2033,7.114284
2034,15.001514
2035,12.302182
2036,9.648446
2037,10.395408
2038,12.883180
2039,10.590986
2040,11.806753
2041,10.573284
2042,13.027039
2043,12.130111
2044,12.378913
2045,13.615407
2046,9.803400
2047,12.312470
2048,12.099577
2049,10.665312
2050,8.442396
2051,13.644958
2052,10.315397
2053,11.581814
2054,7.741762
2055,12.623366
2056,12.791621
2057,13.973822
2058,11.199312
2059,9.090662
2060,10.740575
2061,13.605233
2062,12.322245
2063,11.355256
2064,14.408565
2065,15.099920
2066,11.193494
2067,11.679586
2068,13.811650
2069,14.482239
2070,12.917905
2071,10.451454
2072,9.646045
2073,13.039156
2074,16.179881
2075,9.043401
2076,15.485507
2077,16.817666
2078,12.945071
2079,11.297076
2080,11.733322
2081,12.315472
2082,9.617145
2083,13.840669
2084,14.897894
2085,11.153158
2086,13.241135
2087,10.466476
2088,13.759464
2089,11.103503
2090,8.675735
2091,10.992003
2092,10.226231
2093,10.270600
2094,8.589369
2095,12.061283
2096,10.739984
2097,9.909412
2098,10.816394
2099,13.409995
2100,15.423303
2101,12.133673
2102,10.297691
2103,8.569485
2104,9.562471
2105,11.849501
2106,14.633858
2107,11.301263
2108,8.879354
2109,7.253585
2110,12.665842
2111,11.280424
2112,9.940663
2113,8.417447
2114,11.673827
2115,11.793296
2116,10.219680
2117,9.410596
2118,10.689114
2119,11.894688
2120,14.956814
2121,14.942720
2122,17.526372
2123,11.485187
2124,12.515388
2125,9.070485
2126,11.769685
2127,10.152861
2128,13.162072
2129,10.398106
2130,11.800265
2131,12.780483
2132,12.530366
2133,11.432064
2134,7.723942
2135,8.352997
2136,13.570910
2137,11.830183
2138,13.512358
2139,12.469277
2140,11.745638
2141,11.877355
2142,10.744658
2143,9.626241
2144,7.049330
2145,6.730047
2146,10.855490
2147,10.355888
2148,11.159615
2149,10.258106
2150,9.270130
2151,12.716763
2152,14.439327
2153,12.620498
2154,13.044058
2155,10.494694
2156,10.971129
2157,11.289664
2158,8.607465
2159,12.020054
2160,2.344014
2161,2.728943
2162,0.974025
2163,-0.163187
2164,-0.468986
2165,-1.472089
2166,0.124181
2167,-0.742174
2168,0.480252
2169,-2.343868
2170,0.582947
2171,2.230098
2172,0.626333
2173,-1.448169
2174,-2.245656
2175,-2.273568
2176,-1.392827
2177,-2.254460
2178,-1.180610
2179,0.391712
2180,0.588384
2181,1.435057
2182,0.080811
2183,0.470890
2184,0.142526
2185,-0.766451
2186,-0.542227
2187,-1.273065
2188,-1.447792
2189,-0.682777
2190,-0.318469
2191,-0.130240
2192,-2.296042
2193,0.126189
2194,0.043970
2195,-0.695739
2196,-0.413912
2197,0.004126
2198,1.095417
2199,1.052523
2200,-0.448675
2201,0.613850
2202,0.948443
2203,1.548875
2204,-0.711786
2205,2.038974
2206,0.348088
2207,2.018172
2208,0.053181
2209,-2.020232
2210,-0.237521
2211,1.218246
2212,-0.615644
2213,-1.177462
2214,0.617969
2215,-0.235038
2216,2.097588
2217,0.052879
2218,-0.202597
2219,-1.475967
2220,0.181098
2221,-1.318395
2222,-0.151971
2223,-0.874388
2224,-0.310595
2225,-0.805152
2226,0.330564
2227,-0.642484
2228,-0.833545
2229,0.338313
2230,-0.907696
2231,1.120067
2232,2.243761
2233,0.384021
2234,1.140390
2235,-0.594877
2236,-0.425604
2237,-1.459407
2238,-1.038304
2239,-0.564837
2240,-0.423621
2241,1.559431
2242,0.668214
2243,-0.348556
2244,-0.891343
2245,-0.124914
2246,-0.671291
2247,-0.349962
2248,1.522657
2249,1.230201
2250,0.378701
2251,-0.695347
2252,-0.880806
2253,0.295296
2254,1.575475
2255,0.461580
2256,-2.045173
2257,0.045070
2258,-0.517944
2259,-0.446200
2260,-0.716365
2261,-0.240922
2262,0.574124
2263,0.308409
2264,0.291474
2265,1.524414
2266,0.613482
2267,-0.195272
2268,0.781022
2269,1.151920
2270,1.622450
2271,0.670651
2272,2.180698
2273,0.908473
2274,-2.443232
2275,-0.054944
2276,0.260129
2277,1.080725
2278,-1.701704
2279,0.168733
2280,0.827848
2281,-1.021581
2282,-1.311074
2283,0.504350
2284,0.207675
2285,0.078994
2286,0.619025
2287,-0.133830
2288,-0.165430
2289,-0.314810
2290,-1.931415
2291,1.347592
2292,0.901670
2293,1.824052
2294,-0.315360
2295,0.668892
2296,0.637060
2297,-0.331857
2298,-0.662585
2299,-0.231194
2300,-0.936484
2301,-0.713561
2302,-0.965893
2303,1.046384
2304,1.363193
2305,0.605046
2306,0.819009
2307,0.847525
2308,0.673109
2309,0.806574
2310,0.248214
2311,-0.362441
2312,0.297552
2313,-0.130249
2314,0.636799
2315,0.254687
2316,0.696257
2317,0.864584
2318,0.808157
2319,1.419747
2320,0.405654
2321,-0.339518
2322,1.610109
2323,0.535150
2324,1.399155
2325,-0.424988
2326,0.838237
2327,1.292531
2328,-0.347105
2329,0.250682
2330,-0.428021
2331,-0.309500
2332,-1.490499
2333,0.939138
2334,1.511009
2335,2.133746
2336,1.389071
2337,-1.515221
2338,0.222955
2339,-0.582751
2340,0.082741
2341,0.624977
2342,1.055329
2343,-0.257729
2344,-0.083338
2345,-0.792309
2346,0.564695
2347,0.861035
2348,-1.367305
2349,-1.567033
2350,0.666783
2351,0.283884
2352,-1.064713
2353,0.075460
2354,-0.020708
2355,0.960646
2356,-0.614690
2357,0.114157
2358,-0.322131
2359,-0.426400
2360,0.223027
2361,-0.539396
2362,0.338616
2363,-0.190123
2364,0.103503
2365,-1.971159
2366,-0.559521
2367,0.007525
2368,1.694107
2369,3.082684
2370,1.492135
2371,-0.079167
2372,1.973513
2373,1.558617
2374,1.168633
2375,0.548857
2376,-0.105974
2377,-0.998566
2378,0.898497
2379,-0.286690
2380,1.092430
2381,1.617810
2382,2.107925
2383,0.917366
2384,-0.626303
2385,0.694338
2386,0.230168
2387,-0.283537
2388,-0.493470
2389,-0.114828
2390,-1.836836
2391,-0.284449
2392,0.216473
2393,0.984188
2394,-0.019272
2395,-0.408016
2396,-1.819392
2397,-0.049955
2398,-0.088837
2399,0.485762
2400,-0.855756
2401,-1.403141
2402,-0.367221
2403,0.690134
2404,0.923123
2405,0.180142
2406,1.129759
2407,0.295130
2408,0.526952
2409,-0.308409
2410,1.049106
2411,0.247434
2412,1.162973
2413,-0.912211
2414,0.223342
2415,0.044819
2416,-0.294780
2417,0.837310
2418,0.735510
2419,-0.324466
2420,-1.664877
2421,-0.318181
2422,1.175693
2423,1.119351
2424,0.322213
2425,0.098481
2426,0.465679
2427,-0.059101
2428,-1.307328
2429,-0.217353
2430,-0.631498
2431,-1.961510
2432,-0.769061
2433,1.007695
2434,0.925495
2435,-0.660421
2436,-0.978254
2437,-0.722965
2438,-0.044693
2439,0.231140
2440,0.059137
2441,-0.207813
2442,-0.056970
2443,0.555181
2444,0.396798
2445,0.027314
2446,-0.070743
2447,0.185041
2448,-1.019080
2449,-1.481632
2450,0.468591
2451,0.521940
2452,-0.103720
2453,-1.997016
2454,-0.941960
2455,-0.683605
2456,-0.693087
2457,0.125313
2458,-1.430589
2459,0.490260
2460,-0.740873
2461,0.417418
2462,0.359433
2463,0.090501
2464,0.923751
2465,1.156581
2466,-0.271838
2467,0.231240
2468,-1.371196
2469,-0.841312
2470,-1.221194
2471,0.472832
2472,0.303370
2473,0.035710
2474,0.151613
2475,0.484377
2476,0.526301
2477,0.386879
2478,0.320542
2479,-0.525066
2480,0.235282
2481,-0.365360
2482,0.625658
2483,0.329550
2484,-0.097697
2485,-0.270862
2486,-0.498352
2487,-1.101781
2488,-0.549783
2489,0.725788
2490,-0.180662
2491,0.703422
2492,-0.032635
2493,-1.182644
2494,-0.600109
2495,1.963746
2496,2.178125
2497,-1.597234
2498,0.301380
2499,-1.706647
2500,0.133490
2501,-0.622563
2502,0.352642
2503,-0.330595
2504,-0.121191
2505,1.028666
2506,-0.682058
2507,-0.766184
2508,0.321857
2509,-0.080765
2510,0.737605
2511,0.403570
2512,0.779232
2513,2.303645
2514,0.463106
2515,-0.332960
2516,-1.651240
2517,-0.483482
2518,0.208960
2519,0.795598
2520,0.261973
2521,-0.232307
2522,0.586648
2523,-1.295664
2524,0.118702
2525,-0.083795
2526,1.845118
2527,1.495018
2528,-0.012089
2529,0.592959
2530,0.519759
2531,1.386149
2532,0.844574
2533,0.258398
2534,1.197599
2535,0.448011
2536,2.177179
2537,2.192578
2538,-0.713892
2539,0.888921
2540,0.789706
2541,1.227112
2542,0.559951
2543,1.177508
2544,0.106884
2545,-2.668807
2546,-1.962851
2547,1.381325
2548,-0.379882
2549,0.721027
2550,0.987553
2551,0.264236
2552,-0.209545
2553,0.442735
2554,-0.577274
2555,0.256846
2556,-0.177561
2557,0.126125
2558,-1.257086
2559,1.608154
2560,1.217748
2561,1.035677
2562,0.211347
2563,-0.278877
2564,-0.188584
2565,-0.007777
2566,-1.432693
2567,1.202827
2568,1.341724
2569,-0.341344
2570,-2.138646
2571,1.136832
2572,2.466030
2573,1.026172
2574,-0.692522
2575,0.787159
2576,-0.020684
2577,-0.554872
2578,-1.995903
2579,-1.307741
2580,-1.545536
2581,-0.005786
2582,-1.883984
2583,-0.641539
2584,-0.111818
2585,1.081481
2586,-0.264811
2587,-0.669334
2588,-0.432730
2589,-1.000710
2590,-0.208318
2591,0.157186
2592,0.927112
2593,0.229441
2594,-0.837946
2595,-0.259699
2596,-0.903821
2597,0.021950
2598,2.544155
2599,-1.530616
2600,0.401329
2601,0.666928
2602,-0.455577
2603,-0.359708
2604,-0.141854
2605,1.419976
2606,11.136039
2607,14.278148
2608,14.097509
2609,14.684952
2610,17.385873
2611,14.274997
2612,13.878152
2613,12.151084
2614,12.976576
2615,16.163827
2616,16.423056
2617,15.275869
2618,15.555632
2619,16.687060
2620,14.125287
2621,16.929913
2622,15.752387
2623,14.127277
2624,17.949641
2625,13.880761
2626,17.921065
2627,15.141174
2628,18.598294
2629,17.303319
2630,10.571280
2631,13.778158
2632,15.381407
2633,14.591249
2634,13.377211
2635,12.073181
2636,11.782204
2637,13.109286
2638,16.200206
2639,14.654891
2640,12.682062
2641,16.562736
2642,15.207151
2643,19.218421
2644,14.046120
2645,11.443289
2646,13.251567
2647,12.167465
2648,11.190450
2649,12.871242
2650,13.080314
2651,14.156017
2652,14.987139
2653,14.857258
2654,13.742017
2655,15.935283
2656,13.623779
2657,17.000040
2658,15.477377
2659,12.194613
2660,11.128221
2661,11.071988
2662,14.511222
2663,12.544830
2664,12.525581
2665,13.380228
2666,14.361342
2667,14.688327
2668,12.938024
2669,16.954625
2670,14.943503
2671,14.044109
2672,14.955473
2673,15.419219
2674,14.587698
2675,13.466482
2676,13.328882
2677,14.766124
2678,15.805113
2679,15.150786
2680,15.955951
2681,10.707327
2682,13.389412
2683,17.149508
2684,14.867976
2685,14.902552
2686,18.321402
2687,18.908066
2688,16.218593
2689,13.210566
2690,14.759835
2691,13.885819
2692,13.806539
2693,16.585477
2694,16.430149
2695,13.463268
2696,18.316524
2697,12.172164
2698,12.374848
2699,15.340838
2700,15.386432
2701,15.211409
2702,16.237560
2703,14.742523
2704,16.756750
2705,14.819338
2706,15.948655
2707,15.125732
2708,14.750894
2709,15.207262
2710,17.383951
2711,15.776343
2712,13.451330
2713,11.342006
2714,15.485791
2715,15.842712
2716,12.901180
2717,15.298997
2718,15.492343
2719,13.684141
2720,15.177007
2721,11.384347
2722,13.224419
2723,17.018108
2724,14.434166
2725,12.843277
2726,14.268421
2727,15.399541
2728,14.264384
2729,15.434647
2730,15.236343
2731,16.499647
2732,16.864819
2733,14.517304
2734,12.359128
2735,16.743414
2736,16.567585
2737,14.343763
2738,13.351310
2739,13.074123
2740,15.410820
2741,15.364779
2742,16.594219
2743,17.892156
2744,17.188710
2745,15.369956
2746,17.271623
2747,14.427038
2748,14.606536
2749,13.999141
2750,17.633928
2751,16.231844
2752,16.930261
2753,17.455439
2754,17.277674
2755,14.572760
2756,13.964584
2757,16.040427
2758,18.428176
2759,14.104387
2760,16.390445
2761,15.573901
2762,13.012820
2763,14.445581
2764,13.588922
2765,14.661128
2766,14.788413
2767,12.935372
2768,15.771183
2769,12.295931
2770,15.069367
2771,14.215836
2772,14.674651
2773,13.798655
2774,12.797966
2775,14.568332
2776,10.581720
2777,14.137806
2778,13.642382
2779,12.021337
2780,11.836314
2781,7.498161
2782,13.125335
2783,14.396853
2784,10.004760
2785,15.073269
2786,13.146143
2787,12.724680
2788,16.715362
2789,13.792124
2790,13.328012
2791,13.619057
2792,14.891069
2793,13.151567
2794,15.144222
2795,14.546943
2796,15.290214
2797,14.205948
2798,14.775672
2799,12.450865
2800,12.730672
2801,15.055526
2802,13.661274
2803,12.397921
2804,16.117529
2805,17.087483
2806,18.570967
2807,17.955113
2808,17.903962
2809,15.798802
2810,17.942227
2811,16.721838
2812,17.363695
2813,15.020346
2814,17.279796
2815,14.897137
2816,13.677695
2817,14.432768
2818,14.754917
2819,11.362609
2820,11.384740
2821,14.848278
2822,16.363897
2823,11.825129
2824,11.876202
2825,14.086608
2826,13.807854
2827,10.430026
2828,8.892866
2829,15.603326
2830,14.314023
2831,17.482629
2832,14.334693
2833,14.005196
2834,17.598716
2835,14.524691
2836,15.595456
2837,15.910981
2838,15.805965
2839,14.699701
2840,13.568863
2841,14.946677
2842,15.066418
2843,12.175397
2844,12.783346
2845,14.713793
2846,11.970338
2847,12.616357
2848,16.496827
2849,12.772759
2850,14.934013
2851,12.530313
2852,12.170397
2853,13.006196
2854,14.041417
2855,16.429136
2856,16.660170
2857,14.251566
2858,14.342880
2859,15.121419
2860,14.093355
2861,14.702376
2862,16.149371
2863,14.252095
2864,14.975297
2865,17.644722
2866,16.631708
2867,16.040024
2868,14.704473
2869,10.690300
2870,12.197601
2871,17.656436
2872,15.405440
2873,15.533140
2874,15.863973
2875,14.042556
2876,12.742690
2877,14.482211
2878,17.463541
2879,15.294619
2880,14.350483
2881,13.097718
2882,14.665357
2883,14.266395
2884,12.171754
2885,16.243672
2886,16.663181
2887,12.350240
2888,15.104558
2889,14.301204
2890,3.442926
2891,-1.383689
2892,0.242823
2893,0.564252
2894,1.477659
2895,2.043923
2896,0.326837
2897,-1.433065
2898,0.388631
2899,-0.740861
2900,-0.647230
2901,-0.624433
2902,0.193292
2903,1.580265
2904,1.845758
2905,-0.738486
2906,-0.293405
2907,-0.700744
2908,-0.614969
2909,-0.318567
2910,0.130788
2911,-0.848472
2912,-1.053631
2913,0.248998
2914,-0.138995
2915,-0.320067
2916,0.777718
2917,0.757465
2918,1.590302
2919,0.478439
2920,-0.006473
2921,0.107017
2922,-1.498025
2923,-1.640201
2924,-1.114674
2925,-0.010013
2926,0.371011
2927,-0.692130
2928,-0.494334
2929,1.396303
2930,0.164096
2931,1.250474
2932,0.265002
2933,0.720429
2934,-1.064895
2935,0.019581
2936,1.464911
2937,1.335430
2938,0.426706
2939,-0.681279
2940,-2.144310
2941,-0.869737
2942,0.635374
2943,-0.522385
2944,-0.730355
2945,0.298699
2946,-1.498199
2947,0.754533
2948,0.355094
2949,1.150448
2950,-0.532850
2951,1.346114
2952,-0.632953
2953,0.056166
2954,-0.522302
2955,0.052251
2956,0.780854
2957,0.759918
2958,-0.468856
2959,1.296119
2960,0.205770
2961,-1.304083
2962,-1.509992
2963,0.007887
2964,0.457143
2965,2.521436
2966,1.754587
2967,-0.538874
2968,-0.347590
2969,0.789216
2970,-0.694766
2971,-1.162220
2972,-1.371859
2973,-1.001696
2974,-0.284924
2975,0.463376
2976,-0.698653
2977,-0.607583
2978,1.093935
2979,0.829513
2980,-1.248014
2981,-0.443319
2982,0.192675
2983,-0.962201
2984,1.885767
2985,-1.249868
2986,1.455250
2987,-1.278089
2988,0.143586
2989,-0.297656
2990,-0.701972
2991,-0.606620
2992,0.001345
2993,-2.215321
2994,-1.091862
2995,-1.384098
2996,-0.451295
2997,-0.059809
2998,-1.357885
2999,0.713311
3000,0.317332
3001,-0.557877
3002,-0.450567
3003,-0.369858
3004,0.161997
3005,1.967285
3006,1.228490
3007,1.058818
3008,-2.089820
3009,-2.221056
3010,0.407086
3011,0.163693
3012,0.928740
3013,1.182091
3014,0.798222
3015,-0.786091
3016,-0.312460
3017,0.166126
3018,-0.641457
3019,-0.782205
3020,-0.957984
3021,-0.239871
3022,-0.171854
3023,-0.735725
3024,-0.489928
3025,1.242124
3026,-0.026718
3027,0.390178
3028,0.698657
3029,0.088047
3030,0.623099
3031,-0.849874
3032,0.139311
3033,-0.574341
3034,0.192644
3035,1.777107
3036,0.581781
3037,0.518315
3038,1.451606
3039,0.782959
3040,2.548959
3041,2.308164
3042,2.687411
3043,0.781952
3044,1.500036
3045,-0.357279
3046,0.086694
3047,0.237444
3048,-0.655501
3049,-0.375519
3050,0.393850
3051,0.148790
3052,-0.058709
3053,-0.095052
3054,1.070683
3055,-0.701300
3056,0.678119
3057,0.051159
3058,-0.946004
3059,0.196214
3060,0.850644
3061,0.935063
3062,0.729635
3063,-1.381575
3064,-1.591447
3065,0.832586
3066,0.987724
3067,-0.375017
3068,-1.192217
3069,-0.884222
3070,0.085458
3071,1.753648
3072,1.331794
3073,-0.234547
3074,0.287062
3075,0.381041
3076,1.020407
3077,1.221780
3078,0.323322
3079,0.579702
3080,-0.548837
3081,-0.041750
3082,2.732480
3083,0.372954
3084,-1.763576
3085,-1.124041
3086,0.026902
3087,1.167571
3088,-0.089499
3089,0.007292
3090,0.187971
3091,-0.040130
3092,0.411313
3093,-3.405818
3094,-2.029708
3095,0.161300
3096,-0.237063
3097,-0.185424
3098,0.504910
3099,-0.278204
3100,-0.407158
3101,-0.963763
3102,-2.638904
3103,-1.666282
3104,0.492684
3105,0.845489
3106,0.136618
3107,-0.538462
3108,0.304402
3109,-1.230871
3110,-1.525056
3111,-1.369525
3112,-1.818850
3113,-0.280494
3114,-0.025919
3115,-1.193282
3116,0.658329
3117,-0.334418
3118,-0.741057
3119,1.028623
3120,0.560586
3121,0.610283
3122,0.303060
3123,0.432199
3124,-0.438692
3125,-0.327428
3126,0.465200
3127,0.753117
3128,0.686683
3129,-0.482352
3130,1.096240
3131,0.226843
3132,0.970750
3133,0.029938
3134,-0.280229
3135,-0.061435
3136,1.159922
3137,-0.372882
3138,-0.399473
3139,-0.585184
3140,0.174627
3141,-0.848923
3142,2.035119
3143,1.900828
3144,0.782951
3145,0.731920
3146,-0.076582
3147,0.631801
3148,0.585452
3149,-0.188831
3150,-0.219026
3151,1.140586
3152,-0.745771
3153,0.248515
3154,-0.430973
3155,1.699693
3156,-0.738003
3157,1.177380
3158,-1.356555
3159,-0.910458
3160,-0.267953
3161,1.063527
3162,1.199041
3163,0.658770
3164,1.188246
3165,1.588937
3166,0.298800
3167,-2.325773
3168,2.732651
3169,1.220948
3170,0.989539
3171,1.356927
3172,0.583594
3173,1.488425
3174,1.222420
3175,-1.534391
3176,-1.099115
3177,-0.126587
3178,0.113048
3179,1.068519
3180,-0.253225
3181,-0.295489
3182,0.476804
3183,2.148689
3184,0.261329
3185,-1.328401
3186,-0.008556
3187,-0.786528
3188,-0.686638
3189,-0.519249
3190,0.947362
3191,1.219344
3192,-0.142285
3193,-0.458205
3194,0.764957
3195,0.413822
3196,2.315518
3197,0.310942
3198,2.017523
3199,0.107798
3200,-2.436974
3201,-1.071519
3202,0.781674
3203,-0.233499
3204,0.320451
3205,-0.378571
3206,-2.420883
3207,0.949220
3208,0.476763
3209,2.164913
3210,1.826443
3211,1.593850
3212,0.995098
3213,-2.067813
3214,-0.633311
3215,-2.128381
3216,0.344323
3217,1.636198
3218,0.634080
3219,1.186699
3220,-0.114815
3221,1.187133
3222,2.459766
3223,1.612920
3224,0.359542
3225,-0.413765
3226,-0.686671
3227,-0.699932
3228,0.370857
3229,-0.036409
3230,-1.341114
3231,1.045781
3232,-1.801465
3233,1.155939
3234,1.219447
3235,-0.292843
3236,-0.481445
3237,-0.205941
3238,-1.317599
3239,-0.790083
3240,1.247726
3241,0.408772
3242,0.878327
3243,0.273205
3244,0.973467
3245,0.730488
3246,0.133727
3247,-0.966571
3248,-0.686549
3249,-1.577977
3250,0.776853
3251,0.010782
3252,0.489712
3253,1.900539
3254,-0.839152
3255,-0.717753
3256,-1.719157
3257,0.482397
3258,0.487155
3259,-0.542767
3260,-1.128139
3261,-1.741368
3262,-0.715912
3263,0.563032
3264,-1.348726
3265,0.128488
3266,0.811953
3267,0.073280
3268,-0.072221
3269,-1.307559
3270,-1.272223
3271,-2.892703
3272,-1.555607
3273,-0.153916
3274,1.237060
3275,-0.589354
3276,1.695050
3277,1.724691
3278,1.189338
3279,0.183401
3280,2.278446
3281,1.363085
3282,0.274954
3283,0.422666
3284,-0.632825
3285,0.198212
3286,-0.246867
3287,1.022048
3288,0.734535
3289,-0.549120
3290,-1.149935
3291,-1.236159
3292,-1.256125
3293,0.398308
3294,0.207247
3295,-1.184066
3296,-0.579995
3297,0.373787
3298,0.179746
3299,0.141031
3300,0.022482
3301,0.547754
3302,-0.966120
3303,1.687336
3304,0.805873
3305,1.523415
3306,0.511753
3307,0.276622
3308,1.560697
3309,-0.244972
3310,-0.142258
3311,0.151731
3312,-1.307307
3313,0.032425
3314,0.739928
3315,0.006906
3316,0.342349
3317,-0.660687
3318,-0.593483
3319,0.564166
3320,0.172784
3321,-0.199326
3322,-0.207636
3323,-1.456386
3324,0.811126
3325,-0.034711
3326,-0.072101
3327,-1.215553
3328,0.954249
3329,1.818966
3330,1.043822
3331,0.300248
3332,1.790703
3333,1.292032
3334,0.111877
3335,0.871276
3336,-0.004679
3337,2.225208
3338,2.987241
3339,0.354253
3340,-0.048331
3341,1.018828
3342,0.492318
3343,-0.489404
3344,0.112186
3345,0.082333
3346,-1.584252
3347,1.806500
3348,2.542322
3349,1.732523
3350,0.883493
3351,-0.168848
3352,-1.600494
3353,0.685311
3354,0.627973
3355,-0.374959
3356,-1.405064
3357,0.422084
3358,-1.578063
3359,-0.498374
3360,-0.515753
3361,0.344293
3362,0.466634
3363,0.003712
3364,0.304635
3365,1.869649
3366,0.189593
3367,-0.488821
3368,-0.428600
3369,-0.621061
3370,-0.236479
3371,0.771864
3372,-0.859783
3373,-0.725358
3374,-0.036358
3375,-0.168241
3376,-0.385983
3377,0.152269
3378,-0.329814
3379,-0.194277
3380,0.341421
3381,2.395102
3382,0.105695
3383,1.256241
3384,1.334543
3385,-0.164026
3386,-0.613582
3387,-0.691119
3388,-0.597150
3389,0.616894
3390,-0.652032
3391,0.397092
3392,-1.020059
3393,-0.308642
3394,-0.744691
3395,-1.476236
3396,1.438677
3397,1.028806
3398,1.907295
3399,0.408903
3400,-1.198814
3401,-0.125360
3402,-0.049722
3403,-0.669349
3404,1.475772
3405,1.168042
3406,0.403212
3407,-0.464187
3408,-0.423316
3409,-0.627534
3410,0.795969
3411,1.229812
3412,2.231691
3413,-0.930204
3414,-0.909455
3415,0.319313
3416,-0.212421
3417,1.437273
3418,-1.295999
3419,-0.156342
3420,-1.485269
3421,-0.301695
3422,-0.680027
3423,-0.038063
3424,0.925794
3425,0.372949
3426,-1.385061
3427,0.440203
3428,-0.511944
3429,0.165086
3430,0.493470
3431,0.756844
3432,-1.959380
3433,-0.331964
3434,-0.302935
3435,-1.920147
3436,0.429403
3437,0.319058
3438,0.567834
3439,-0.324903
3440,-2.001980
3441,-0.556780
3442,-0.870199
3443,-0.153978
3444,-0.920626
3445,0.877066
3446,0.577921
3447,1.165746
3448,-2.349869
3449,-0.133854
3450,1.410845
3451,0.266419
3452,0.712242
3453,1.482507
3454,-0.588899
3455,-1.102425
3456,-0.263142
3457,2.019361
3458,1.245615
3459,0.571847
3460,0.157373
3461,-0.519961
3462,-1.099443
3463,-0.112914
3464,3.793936
3465,-0.281066
3466,-1.064753
3467,-0.281225
3468,0.681020
3469,-0.400277
3470,-0.944880
3471,1.207699
3472,1.930091
3473,3.146420
3474,0.752078
3475,0.019404
3476,0.707531
3477,-0.179911
3478,-0.928119
3479,1.708312
3480,0.712938
3481,-0.564100
3482,-3.269857
3483,-0.470911
3484,-0.283064
3485,-0.555742
3486,-0.168353
3487,-0.968994
3488,0.492317
3489,-0.391077
3490,-1.350687
3491,-0.133868
3492,0.486069
3493,-0.680066
3494,-1.763499
3495,-0.999543
3496,-0.678541
3497,-0.996607
3498,0.713811
3499,0.455249
3500,-0.487841
3501,-0.906943
3502,0.675433
3503,1.103550
3504,1.152658
3505,1.106653
3506,0.822141
3507,-0.436903
3508,1.123405
3509,0.170335
3510,0.058997
3511,0.311789
3512,-0.532769
3513,-0.258290
3514,-0.919816
3515,-0.750109
3516,-1.059679
3517,-1.608126
3518,-1.316305
3519,-0.826722
3520,-0.065003
3521,1.431511
3522,-0.056060
3523,0.973696
3524,1.908241
3525,0.579053
3526,1.466696
3527,1.022163
3528,-0.450553
3529,-0.039035
3530,-0.864328
3531,0.238484
3532,1.226364
3533,-0.010759
3534,0.032938
3535,-1.379701
3536,-1.738300
3537,0.589482
3538,-0.555419
3539,-0.418978
3540,-0.997943
3541,1.259294
3542,1.126434
3543,-1.688847
3544,-0.134280
3545,-1.114898
3546,0.053990
3547,-1.533820
3548,-0.657162
3549,1.263534
3550,1.689365
3551,-0.317338
3552,-0.673265
3553,-0.330838
3554,-0.305799
3555,-0.912333
3556,-1.293031
3557,-0.422539
3558,-2.023968
3559,-2.029721
3560,-0.716257
3561,-1.088568
3562,-0.551477
3563,-1.075586
3564,0.824619
3565,2.628429
3566,0.370838
3567,0.162689
3568,-0.567826
3569,-1.276020
3570,-1.558482
3571,-1.813787
3572,-0.185841
3573,0.900563
3574,0.985387
3575,-0.336965
3576,-0.261174
3577,-0.094810
3578,-0.005608
3579,1.176798
3580,1.515126
3581,0.613235
3582,-0.038096
3583,-0.373082
3584,-1.904387
3585,0.403722
3586,-1.851609
3587,-0.718767
3588,1.396000
3589,-0.492565
3590,-0.747058
3591,0.891524
3592,1.214515
3593,0.378560
3594,1.485050
3595,0.503438
3596,-0.674018
3597,0.290127
3598,-0.628727
3599,1.119120
3600,1.185314
3601,-0.458641
3602,-0.575149
3603,-1.062641
3604,0.048822
3605,-1.355289
3606,-0.834140
3607,0.855276
3608,0.924197
3609,0.760320
3610,-0.537772
3611,-0.816731
3612,1.732415
3613,1.896798
3614,-0.243868
3615,0.642532
3616,-0.199291
3617,-0.792558
3618,0.070788
3619,-0.299209
3620,0.279922
3621,0.121269
3622,-0.361522
3623,-1.505235
3624,1.025245
3625,2.052212
3626,1.248324
3627,-0.555500
3628,-0.622613
3629,0.069759
3630,0.409667
3631,0.156590
3632,-1.371576
3633,1.014875
3634,0.154911
3635,0.460330
3636,1.831371
3637,-0.531505
3638,1.929719
3639,-1.392521
3640,0.292095
3641,-0.411413
3642,0.011220
3643,-1.607451
3644,0.169510
3645,-0.380243
3646,-1.362888
3647,0.401433
3648,-1.271798
3649,-2.269050
3650,-1.380163
3651,-1.554022
3652,0.566884
3653,0.585471
3654,0.163048
3655,-1.048947
3656,-0.917853
3657,-2.964062
3658,-0.626098
3659,-1.091272
3660,-1.357857
3661,0.055452
3662,0.658658
3663,0.746665
3664,1.954188
3665,0.746344
3666,0.051745
3667,0.426979
3668,-1.386819
3669,-1.284924
3670,0.094825
3671,0.824769
3672,0.914098
3673,-0.482059
3674,-0.404912
3675,0.193045
3676,1.301023
3677,0.448051
3678,2.076570
3679,1.742843
3680,0.468882
3681,-0.389172
3682,-0.019608
3683,-0.729756
3684,-0.201958
3685,-0.622541
3686,1.017960
3687,0.698088
3688,0.798134
3689,-0.128344
3690,0.440693
3691,0.306916
3692,0.828997
3693,0.835675
3694,-0.039417
3695,0.180522
3696,-0.146966
3697,1.457566
3698,0.198150
3699,-1.957365
3700,-2.268631
3701,-1.606655
3702,-1.241296
3703,-2.618858
3704,-0.168635
3705,-1.589480
3706,-0.364699
3707,-0.747235
3708,0.324376
3709,-0.641352
3710,-0.126934
3711,0.234843
3712,1.183066
3713,0.754450
3714,0.318312
3715,0.491794
3716,-1.942162
3717,0.763449
3718,-0.591825
3719,-1.494218
3720,0.798903
3721,-1.549258
3722,-2.949021
3723,-2.109605
3724,-0.117648
3725,0.278767
3726,0.072564
3727,0.128472
3728,0.137325
3729,0.574533
3730,1.771951
3731,0.687010
3732,0.971190
3733,0.198706
3734,0.725816
3735,2.521663
3736,0.926439
3737,-1.421540
3738,0.509123
3739,0.556008
3740,0.981275
3741,0.946239
3742,-0.657329
3743,0.412015
3744,-0.594699
3745,0.910773
3746,-1.367568
3747,0.969595
3748,0.019025
3749,-0.121781
3750,-1.244305
3751,-0.372219
3752,0.336486
3753,1.302842
3754,-0.032527
3755,1.178893
3756,-0.518553
3757,0.126864
3758,-0.268913
3759,0.705976
3760,-0.520976
3761,1.853731
3762,0.519596
3763,-0.202774
3764,0.406903
3765,-0.204274
3766,0.816434
3767,0.543255
3768,1.158071
3769,0.799791
3770,-1.232964
3771,1.206725
3772,1.433886
3773,2.159104
3774,-0.345823
3775,-0.809885
3776,-0.277496
3777,0.283800
3778,0.822011
3779,0.544558
3780,0.347408
3781,0.158206
3782,-0.916922
3783,-0.995334
3784,-1.253687
3785,0.159308
3786,-0.019520
3787,0.560025
3788,0.129882
3789,0.239243
3790,-0.324061
3791,-2.749354
3792,-2.637303
3793,1.568023
3794,0.233286
3795,-0.099220
3796,1.264756
3797,-1.606719
3798,-0.351500
3799,-0.807460
3800,-1.058441
3801,-0.633426
3802,-0.125742
3803,-0.215159
3804,0.819923
3805,-0.574601
3806,0.724497
3807,-0.465945
3808,-0.093175
3809,0.750280
3810,-0.169145
3811,-0.701499
3812,-0.067008
3813,-1.899802
3814,-0.739464
3815,-0.781391
3816,1.202122
3817,0.242844
3818,-1.410123
3819,0.112028
3820,-0.354563
3821,-0.140186
3822,0.417817
3823,-0.657914
3824,-0.103462
3825,0.017184
3826,-2.051158
3827,-1.091387
3828,0.548775
3829,-0.204079
3830,-1.045089
3831,1.857458
3832,0.044100
3833,1.707973
3834,-0.477593
3835,-0.324303
3836,-0.753375
3837,-0.120780
3838,2.822415
3839,1.166187
3840,0.613044
3841,0.904161
3842,-3.642502
3843,-2.126181
3844,-0.351821
3845,0.127647
3846,0.562592
3847,0.698814
3848,1.105008
3849,0.653525
3850,-1.582596
3851,-0.023728
3852,-0.335837
3853,0.882108
3854,0.489341
3855,0.483393
3856,1.254080
3857,0.495624
3858,0.338036
3859,-0.465413
3860,1.320531
3861,-0.473629
3862,-0.539788
3863,0.125797
3864,-0.449360
3865,0.303546
3866,0.133719
3867,-1.411651
3868,-1.793299
3869,-1.882219
3870,-2.355690
3871,-1.389286
3872,-1.090771
3873,0.440934
3874,-0.409338
3875,1.238135
3876,1.282131
3877,-0.005965
3878,-0.630682
3879,1.236329
3880,0.213690
3881,-0.099640
3882,-0.242775
3883,1.608550
3884,0.277029
3885,0.999487
3886,-0.755027
3887,-0.425711
3888,1.921988
3889,1.199418
3890,-0.185946
3891,-0.704551
3892,0.145096
3893,-1.249110
3894,-1.340230
3895,-0.305949
3896,0.114146
3897,1.340185
3898,0.313569
3899,-0.208506
3900,0.554791
3901,0.058149
3902,1.622147
3903,2.021294
3904,-0.216326
3905,-0.162948
3906,0.027649
3907,0.365887
3908,-0.676436
3909,-0.554414
3910,0.526213
3911,0.538049
3912,-0.123811
3913,0.867234
3914,1.484934
3915,1.200372
3916,1.026647
3917,1.220964
3918,-0.491725
3919,0.810766
3920,-1.596729
3921,-1.134694
3922,0.515271
3923,-0.116646
3924,0.623699
3925,0.809450
3926,2.331150
3927,0.405836
3928,-0.446648
3929,-0.305400
3930,-0.349672
3931,-1.489453
3932,0.498067
3933,-1.382091
3934,-0.385629
3935,-0.275991
3936,-0.282525
3937,-0.677579
3938,-1.239499
3939,-0.976308
3940,0.238563
3941,0.687452
3942,0.164969
3943,-0.368006
3944,-0.354779
3945,0.874371
3946,-1.575532
3947,-1.157427
3948,-1.400212
3949,-0.515242
3950,0.050186
3951,-1.221560
3952,-2.425433
3953,0.626981
3954,1.125194
3955,-0.416210
3956,0.631906
3957,0.211476
3958,-1.069821
3959,1.368620
3960,-0.824336
3961,-1.246919
3962,-0.847045
3963,-0.947116
3964,-0.426832
3965,-1.638360
3966,-0.950531
3967,-1.119710
3968,-1.455960
3969,-0.051683
3970,1.253451
3971,-0.062857
3972,0.309455
3973,0.944246
3974,0.513097
3975,0.623604
3976,1.505587
3977,1.311271
3978,1.844716
3979,-0.299338
3980,-0.427746
3981,-1.285905
3982,-1.544305
3983,-1.543663
3984,-0.883968
3985,-0.645046
3986,-1.209984
3987,0.385757
3988,0.214099
3989,0.354936
3990,-0.759721
3991,1.274420
3992,0.804456
3993,0.291781
3994,-0.031142
3995,-1.005777
3996,1.899731
3997,1.919530
3998,-0.396936
3999,0.264001
4000,-0.577649
4001,0.218363
4002,-1.220519
4003,-0.700572
4004,-0.315316
4005,-0.094483
4006,-1.202035
4007,0.218503
4008,-1.283384
4009,0.068830
4010,-0.409131
4011,-0.057790
4012,-0.660531
4013,-0.387262
4014,-0.302168
4015,-0.134283
4016,1.280187
4017,1.491600
4018,-0.705410
4019,0.325451
4020,0.536698
4021,-0.470084
4022,-2.362731
4023,-0.374818
4024,-0.495603
4025,-0.387519
4026,0.984684
4027,3.066412
4028,1.337278
4029,0.335739
4030,1.831440
4031,-1.549325
4032,-0.951393
4033,-1.374004
4034,1.074083
4035,0.169377
4036,1.395113
4037,-0.430817
4038,-1.744434
4039,0.105429
4040,3.159918
4041,0.768609
4042,-0.452410
4043,0.475142
4044,-1.261529
4045,-1.971128
4046,-0.017612
4047,0.080696
4048,1.497591
4049,2.060628
4050,1.359544
4051,1.549292
4052,0.963756
4053,-0.066453
4054,0.992021
4055,0.246107
4056,0.665427
4057,1.150001
4058,0.571319
4059,-0.283142
4060,1.047066
4061,0.834940
4062,0.509069
4063,-0.284677
4064,-0.043013
4065,0.400800
4066,0.142962
4067,0.664913
4068,0.937951
4069,-2.499301
4070,-0.413529
4071,-2.178314
4072,1.702293
4073,0.455696
4074,1.689610
4075,0.134494
4076,-1.100060
4077,-1.036359
4078,-0.289626
4079,0.896967
4080,-1.689523
4081,-0.792105
4082,0.545698
4083,0.014842
4084,2.027463
4085,-0.112599
4086,-0.657305
4087,-0.425293
4088,0.455925
4089,-1.556687
4090,-0.228885
4091,-2.541887
4092,-0.166600
4093,-0.476763
4094,0.212652
4095,1.280035
4096,-0.370835
4097,0.365138
4098,-1.743653
4099,0.877598
4100,0.728246
4101,1.249082
4102,2.144013
4103,0.398235
4104,0.940291
4105,0.081762
4106,1.971390
4107,-1.570110
4108,-1.880404
4109,1.025439
4110,1.091187
4111,1.070503
4112,-0.242517
4113,0.336981
4114,0.114219
4115,-0.942916
4116,0.105897
4117,-1.184413
4118,0.055836
4119,0.183863
4120,-1.193931
4121,-1.834115
4122,-0.952092
4123,-0.276915
4124,-0.416017
4125,0.274872
4126,1.173647
4127,0.742456
4128,0.755809
4129,0.063517
4130,0.846827
4131,0.024859
4132,0.106957
4133,-1.255681
4134,0.231004
4135,-0.513625
4136,-0.757068
4137,-0.419833
4138,1.718693
4139,0.438518
4140,-1.854837
4141,0.357070
4142,-0.757127
4143,0.907029
4144,1.384536
4145,-1.131576
4146,-0.406379
4147,-0.530066
4148,-0.829154
4149,-1.365714
4150,0.117084
4151,0.298809
4152,0.980238
4153,1.515548
4154,1.136924
4155,0.365451
4156,-0.498685
4157,-0.883866
4158,-0.288087
4159,1.766527
4160,0.654736
4161,1.072929
4162,1.283180
4163,-0.985768
4164,-0.535755
4165,0.617234
4166,0.599678
4167,2.926283
4168,2.867352
4169,-1.298274
4170,-0.207637
4171,-0.650928
4172,-0.169115
4173,-1.329713
4174,-1.589469
4175,-1.709368
4176,-0.676818
4177,-0.262180
4178,1.875451
4179,1.101993
4180,0.078164
4181,-0.435138
4182,1.040440
4183,0.442040
4184,0.484554
4185,-1.176780
4186,-0.464136
4187,-0.964423
4188,-0.743385
4189,-1.561225
4190,-1.161907
4191,1.031966
4192,-0.827149
4193,-1.750098
4194,-0.599855
4195,-2.129119
4196,-1.350392
4197,0.406046
4198,0.483714
4199,1.429624
4200,1.601156
4201,0.403973
4202,1.075897
4203,-0.085055
4204,2.014486
4205,0.293230
4206,0.427915
4207,0.578731
4208,-0.006460
4209,1.162222
4210,0.097340
4211,-0.758369
4212,0.238665
4213,0.102167
4214,-0.113219
4215,-0.737676
4216,-0.023172
4217,0.057311
4218,-1.157282
4219,-0.642708
4220,0.335126
4221,1.071319
4222,-0.067419
4223,0.270614
4224,-1.373268
4225,-2.126008
4226,-0.434455
4227,1.362080
4228,-2.693584
4229,1.140736
4230,-1.116819
4231,-0.146885
4232,0.150957
4233,-0.865935
4234,-1.058157
4235,0.011069
4236,-0.991450
4237,-0.214964
4238,0.476688
4239,-0.756367
4240,-1.864994
4241,-0.836497
4242,0.961403
4243,-1.046902
4244,-0.341315
4245,-3.413850
4246,-0.449303
4247,-1.143795
4248,0.894888
4249,0.748561
4250,-0.706276
4251,-0.309182
4252,0.409740
4253,-0.905249
4254,0.093881
4255,0.193937
4256,-0.049952
4257,-0.980332
4258,0.417884
4259,-0.691328
4260,-1.545815
4261,-1.519029
4262,-0.191977
4263,-1.852084
4264,-0.797268
4265,-2.419465
4266,-0.352733
4267,1.061920
4268,-0.131938
4269,0.465678
4270,1.154074
4271,1.931794
4272,0.399940
4273,1.555401
4274,-0.219937
4275,-0.957478
4276,-0.080938
4277,-2.179641
4278,-0.401497
4279,-0.483027
4280,-1.298644
4281,0.917902
4282,-0.410820
4283,-1.136276
4284,0.236905
4285,0.421040
4286,-0.193806
4287,0.738173
4288,0.446377
4289,0.752077
4290,-0.146192
4291,0.214084
4292,-0.957390
4293,-0.841208
4294,-1.046375
4295,0.374699
4296,1.596777
4297,0.963034
4298,-0.645383
4299,-0.933901
4300,-1.151364
4301,0.253572
4302,-0.717092
4303,-0.011202
4304,-0.460620
4305,-1.037420
4306,0.825678
4307,0.669055
4308,0.243106
4309,-0.936255
4310,-0.880146
4311,-0.977302
4312,-0.954433
4313,-1.850407
4314,-1.762880
4315,0.830655
4316,-0.625318
4317,-1.099460
4318,-2.016900
4319,0.168486
4320,0.747781
4321,-0.380243
4322,0.410149
4323,1.103590
4324,-0.642272
4325,0.337219
4326,-0.353935
4327,-0.105164
4328,0.877035
4329,1.817189
4330,1.017136
4331,0.144486
4332,-0.388166
4333,-0.216054
4334,0.429219
4335,1.773608
4336,0.812816
4337,0.053647
4338,-1.459135
4339,0.320185
4340,0.323494
4341,-0.434756
4342,0.913482
4343,-0.488386
4344,-0.146584
4345,2.812189
4346,0.534428
4347,1.549965
4348,0.799213
4349,0.420406
4350,-0.917590
4351,0.038281
4352,-0.184936
4353,1.375827
4354,-2.537004
4355,-1.997211
4356,-1.188104
4357,-2.042068
4358,-0.365580
4359,-1.036686
4360,-0.823690
4361,0.400317
4362,0.993492
4363,0.580392
4364,-1.369535
4365,0.197531
4366,-0.706980
4367,-0.639162
4368,-1.254948
4369,0.264562
4370,-0.460810
4371,-0.633752
4372,0.500555
4373,-0.142459
4374,1.005733
4375,1.421928
4376,1.594708
4377,3.264019
4378,-0.280939
4379,0.993444
4380,-0.803839
4381,-1.379290
4382,-1.187125
4383,-1.018309
4384,-0.207334
4385,-1.799246
4386,-0.590598
4387,0.312338
4388,-0.035101
4389,0.342693
4390,-1.824239
4391,0.976124
4392,-0.975044
4393,0.237584
4394,0.362378
4395,1.359402
4396,2.068628
4397,0.143992
4398,-0.460372
4399,-0.309965
4400,1.089680
4401,-0.282352
4402,1.151209
4403,0.490246
4404,0.329326
4405,0.403075
4406,1.011999
4407,0.848946
4408,1.538813
4409,0.495724
4410,-0.023831
4411,-2.852429
4412,-0.341687
4413,-2.271828
4414,-0.393109
4415,-0.813629
4416,-0.888712
4417,-0.663198
4418,-0.854117
4419,0.167037
4420,1.072157
4421,1.153322
4422,0.352639
4423,0.655056
4424,-1.635555
4425,-0.893803
4426,-1.441907
4427,0.619446
4428,-1.022824
4429,-0.163265
4430,-1.397762
4431,-1.393333
4432,-0.085093
4433,0.612837
4434,1.311633
4435,-0.128220
4436,-2.034089
4437,-0.998839
4438,-1.982706
4439,-0.565787
4440,0.399521
4441,2.095916
4442,-0.205783
4443,-2.453566
4444,-0.980889
4445,-0.995171
4446,-0.082893
4447,-0.828508
4448,-1.258463
4449,-1.168605
4450,-1.660855
4451,-2.496642
4452,-1.515720
4453,1.826171
4454,-0.493110
4455,0.393392
4456,1.649190
4457,1.101677
4458,-0.268275
4459,-0.971179
4460,-0.516946
4461,-1.031958
4462,-0.701300
4463,0.293236
4464,0.513557
4465,0.040527
4466,0.248767
4467,0.236919
4468,0.680205
4469,0.519287
4470,0.526705
4471,0.179037
4472,0.371187
4473,0.699398
4474,0.683986
4475,1.633828
4476,-0.568143
4477,-0.376448
4478,-2.600228
4479,0.357053
4480,-0.666228
4481,-0.088938
4482,-0.021617
4483,0.458600
4484,0.340995
4485,-1.693929
4486,-0.376844
4487,-2.488338
4488,-1.024479
4489,-0.234936
4490,-1.515320
4491,-1.775664
4492,-0.294978
4493,-0.283902
4494,-0.375923
4495,0.639305
4496,1.288669
4497,0.309208
4498,-1.013744
4499,-1.121523
4500,-0.072320
4501,-2.986698
4502,-0.151484
4503,-0.091616
4504,-0.577716
4505,0.087987
4506,-1.211963
4507,-2.845952
4508,-0.789861
4509,0.119075
4510,-0.479916
4511,-1.966118
4512,0.699044
4513,0.483259
4514,-0.735729
4515,1.138444
4516,-1.875906
4517,-1.295033
4518,-1.036876
4519,1.695518
4520,-2.523551
4521,-1.093132
4522,-0.642754
4523,1.120101
4524,0.990325
4525,0.645724
4526,0.900043
4527,-0.609231
4528,-0.218730
4529,-1.437992
4530,-2.307397
4531,-2.399654
4532,-1.884569
4533,-2.106560
4534,-1.753866
4535,-0.046428
4536,-0.388830
4537,-0.553873
4538,0.949152
4539,1.177036
4540,-0.393009
4541,-1.325375
4542,-1.841061
4543,-0.994177
4544,0.547204
4545,-0.220125
4546,-0.815415
4547,0.595551
4548,-0.971860
4549,1.532936
4550,0.715607
4551,0.384235
4552,0.681693
4553,0.936410
4554,0.438008
4555,0.140936
4556,0.047443
4557,0.137287
4558,-1.251328
4559,-1.566072
4560,-0.402506
4561,-1.543316
4562,-0.150824
4563,0.113439
4564,-1.799173
4565,-0.199399
4566,0.587240
4567,-0.778195
4568,0.172520
4569,-0.320808
4570,-1.256998
4571,0.276204
4572,-3.060349
4573,-1.633647
4574,0.412352
4575,-0.844633
4576,-1.978670
4577,-0.068542
4578,0.394845
4579,0.297433
4580,-0.743415
4581,-1.019178
4582,0.061134
4583,-1.610596
4584,-0.808805
4585,-0.161519
4586,1.632792
4587,1.507761
4588,1.677005
4589,-0.115852
4590,0.090967
4591,0.932770
4592,0.845597
4593,0.259135
4594,-1.104898
4595,-1.707792
4596,-1.093927
4597,-0.195563
4598,-1.523536
4599,-0.749278
4600,0.057990
4601,0.321566
4602,0.057201
4603,-0.027473
4604,-1.577577
4605,0.909875
4606,0.701808
4607,0.177513
4608,-0.119226
4609,-0.954351
4610,-0.438773
4611,-0.097767
4612,0.732327
4613,0.626861
4614,1.273771
4615,0.068245
4616,0.220156
4617,-0.658307
4618,-2.561406
4619,-0.151950
4620,-1.636968
4621,0.418321
4622,0.455798
4623,-0.978146
4624,-0.790859
4625,0.785215
4626,2.089331
4627,0.116270
4628,0.650015
4629,0.459811
4630,-1.037447
4631,-0.789531
4632,0.485244
4633,0.338665
4634,-0.752247
4635,0.975400
4636,0.049744
4637,0.036492
4638,-0.014970
4639,0.540977
4640,0.753527
4641,-0.181417
4642,-1.285766
4643,-0.317528
4644,-0.375995
4645,0.818708
4646,0.648649
4647,-0.677250
4648,0.492330
4649,0.422441
4650,-1.235081
4651,-0.305964
4652,-1.042591
4653,1.549186
4654,1.518854
4655,1.092502
4656,-0.017394
4657,0.992674
4658,1.098823
4659,0.030565
4660,1.690152
4661,0.630377
4662,0.355203
4663,-0.192005
4664,-1.300095
4665,-0.292238
4666,-0.229740
4667,1.015085
4668,-0.020768
4669,-0.114825
4670,-1.354330
4671,-1.096272
4672,0.630146
4673,0.751803
4674,2.739955
4675,-0.614475
4676,-0.855439
4677,-0.894339
4678,-2.869876
4679,-1.816763
4680,-1.264090
4681,0.118621
4682,0.330709
4683,0.515046
4684,0.492572
4685,0.378267
4686,1.026124
4687,0.725451
4688,-1.596991
4689,-1.959805
4690,-0.509072
4691,-0.806008
4692,-1.571464
4693,-2.363950
4694,-0.613636
4695,-1.692280
4696,1.314845
4697,0.198390
4698,0.065860
4699,-0.204623
4700,2.568657
4701,0.575086
4702,-0.133045
4703,0.009302
4704,-1.488696
4705,-1.017474
4706,0.187904
4707,2.679967
4708,-0.958806
4709,0.578879
4710,-0.170880
4711,0.119408
4712,0.511507
4713,1.166262
4714,0.259234
4715,-1.246509
4716,0.378783
4717,-0.561997
4718,-0.371043
4719,-0.469088
4720,-0.175702
4721,-0.632874
4722,-0.240929
4723,0.020058
4724,0.070840
4725,-0.013198
4726,-0.765258
4727,0.344177
4728,-0.555043
4729,-0.828670
4730,-1.258658
4731,0.607141
4732,-0.908284
4733,0.142512
4734,0.426211
4735,-0.715088
4736,-0.546314
4737,0.344829
4738,-1.354024
4739,0.687278
4740,-1.903178
4741,-2.031913
4742,-1.011844
4743,-0.004035
4744,-1.680903
4745,-0.979997
4746,-1.413648
4747,-1.900121
4748,0.121989
4749,-0.581260
4750,-1.780653
4751,-2.204094
4752,-2.574536
4753,0.972510
4754,-0.047391
4755,-0.019884
4756,0.225945
4757,-0.249265
4758,-0.116805
4759,0.750780
4760,2.119715
4761,-0.500005
4762,0.236593
4763,-0.649921
4764,-1.103870
4765,1.271916
4766,-0.166495
4767,-1.078360
4768,-1.549723
4769,-0.082750
4770,-0.067119
4771,1.450807
4772,0.701111
4773,-0.545944
4774,0.987825
4775,1.097165
4776,-1.152052
4777,-0.597252
4778,-0.123153
4779,1.141786
4780,-0.636308
4781,-0.871775
4782,0.509728
4783,0.847366
4784,1.559029
4785,-0.306853
4786,-0.028141
4787,1.263543
4788,0.532437
4789,0.782561
4790,-1.255121
4791,-1.923319
4792,-0.944376
4793,-0.548132
4794,-1.127891
4795,-0.954801
4796,-0.812400
4797,-0.606666
4798,0.587905
4799,1.398327
4800,0.870501
4801,0.264204
4802,-1.835017
4803,-0.199895
4804,-0.525063
4805,0.260432
4806,-0.165874
4807,0.413330
4808,0.277662
4809,0.994230
4810,0.934672
4811,-1.131667
4812,-1.552225
4813,-0.185641
4814,0.183966
4815,0.131593
4816,2.230347
4817,2.776884
4818,0.926269
4819,1.086191
4820,0.993718
4821,0.677046
4822,0.525132
4823,-1.313818
4824,0.868373
4825,3.033723
4826,1.059048
4827,-0.171116
4828,-0.630265
4829,0.516156
4830,0.176196
4831,0.190863
4832,1.261090
4833,0.441452
4834,0.606230
4835,-0.374318
4836,0.243169
4837,-1.161189
4838,0.084535
4839,1.545726
4840,-0.483227
4841,0.486145
4842,-0.664688
4843,-0.628374
4844,-1.559514
4845,-2.821770
4846,-0.271154
4847,0.082995
4848,0.245109
4849,-1.377589
4850,-2.087232
4851,0.332027
4852,0.921218
4853,-0.715048
4854,0.308137
4855,-0.842723
4856,-2.089850
4857,0.553888
4858,0.219254
4859,-0.316051
4860,-0.444605
4861,-0.780448
4862,0.951773
4863,0.037521
4864,-0.008684
4865,0.680837
4866,-0.852804
4867,-0.956740
4868,1.381694
4869,-0.626449
4870,-1.218914
4871,0.684465
4872,1.243289
4873,-0.154501
4874,0.263668
4875,-0.933520
4876,0.596154
4877,0.032346
4878,1.318049
4879,1.940165
4880,1.072003
4881,0.100214
4882,1.354891
4883,-0.149903
4884,0.614131
4885,2.448851
4886,-0.055292
4887,-0.048108
4888,-0.654521
4889,0.317208
4890,2.079119
4891,0.462862
4892,-0.019227
4893,-0.243345
4894,0.131827
4895,-0.869978
4896,1.332122
4897,0.316540
4898,1.240799
4899,3.166450
4900,2.111361
4901,0.982866
4902,0.152148
4903,0.246968
4904,-1.240488
4905,0.635826
4906,0.703244
4907,0.859056
4908,2.088106
4909,0.150112
4910,-0.005786
4911,-0.261595
4912,-0.717595
4913,-1.783830
4914,-2.873588
4915,-2.521611
4916,-0.606220
4917,1.391148
4918,0.479834
4919,0.292992
4920,1.054658
4921,1.078108
4922,1.688386
4923,1.782341
4924,1.494724
4925,1.720508
4926,-0.524624
4927,-1.562141
4928,-1.238981
4929,-1.651267
4930,-1.716642
4931,-0.763860
4932,0.696768
4933,1.265150
4934,-3.595528
4935,0.395669
4936,-1.429675
4937,0.661780
4938,0.117263
4939,-1.344112
4940,-1.631743
4941,-1.395719
4942,-1.749427
4943,-2.201420
4944,0.369046
4945,-0.634111
4946,-0.527886
4947,1.894741
4948,1.770702
4949,0.950470
4950,-1.635134
4951,-0.486528
4952,-0.158547
4953,-1.329411
4954,0.637575
4955,1.084413
4956,2.674021
4957,0.792026
4958,-1.983224
4959,0.927522
4960,-0.424864
4961,-0.380922
4962,-2.337051
4963,-1.223143
4964,-0.571576
4965,-0.063003
4966,-1.635902
4967,-0.863919
4968,1.230319
4969,-0.109855
4970,-1.052874
4971,0.494682
4972,0.536532
4973,-0.874097
4974,-2.117005
4975,1.348337
4976,-0.667799
4977,0.008768
4978,-0.946563
4979,-1.446541
4980,0.057136
4981,-0.315745
4982,-0.313992
4983,0.411989
4984,-0.525859
4985,-2.005313
4986,-0.032172
4987,-0.590392
4988,0.839779
4989,2.158238
4990,0.640710
4991,1.650374
4992,-0.031671
4993,-0.372490
4994,0.697907
4995,1.640253
4996,1.616193
4997,1.935901
4998,0.280176
4999,-0.789343
5000,-1.296749
5001,-0.581903
5002,0.306395
5003,-0.412790
5004,-0.958593
5005,1.518351
5006,-0.884554
5007,0.121556
5008,0.687292
5009,-1.313682
5010,1.069029
5011,0.404117
5012,1.405919
5013,-0.656961
5014,0.111676
5015,0.656781
5016,0.608928
5017,0.882926
5018,1.072195
5019,1.586428
5020,0.281677
5021,2.146279
5022,0.444980
5023,0.493976
5024,1.140453
5025,-0.045952
5026,0.814942
5027,-2.025824
5028,0.209392
5029,0.636278
5030,-1.372244
5031,-3.254518
5032,-2.119983
5033,-1.233048
5034,0.218819
5035,0.493999
5036,-0.242427
5037,-1.173823
5038,-0.990007
5039,-1.849521
5040,-1.164824
5041,0.008043
5042,0.209294
5043,2.005260
5044,-0.602547
5045,-0.286766
5046,-0.307554
5047,-0.413703
5048,-1.039757
5049,-1.509022
5050,0.815958
5051,-0.275744
5052,2.168282
5053,0.672195
5054,-0.008428
5055,-0.740066
5056,-0.973756
5057,-0.578352
5058,0.690620
5059,0.468483
5060,0.096529
5061,-0.044125
5062,0.996049
5063,1.654063
5064,1.471039
5065,1.252448
5066,-0.212430
5067,-1.184810
5068,-1.820544
5069,-1.337082
5070,-1.567035
5071,0.002367
5072,-1.727958
5073,0.255047
5074,-0.850035
5075,1.743520
5076,0.711959
5077,0.992835
5078,0.159064
5079,-0.937871
5080,0.338200
5081,0.605638
5082,-0.012609
5083,-1.181140
5084,0.449699
5085,1.212040
5086,0.077516
5087,-0.212788
5088,-0.788184
5089,-1.965479
5090,-1.291131
5091,0.630970
5092,0.198223
5093,-0.810970
5094,-0.307747
5095,1.922022
5096,-0.452251
5097,-0.086023
5098,-0.424937
5099,-0.003363
5100,-0.726427
5101,0.935695
5102,-0.710452
5103,0.877813
5104,1.341902
5105,0.452480
5106,-0.590740
5107,0.070406
5108,-1.341184
5109,0.219568
5110,-1.725313
5111,-0.959249
5112,0.251146
5113,-1.088834
5114,-0.044362
5115,-0.165189
5116,-0.407894
5117,-1.152294
5118,-0.145366
5119,0.074977
5120,0.290512
5121,0.905981
5122,1.480628
5123,-0.798324
5124,-1.836022
5125,-0.618190
5126,0.051719
5127,-0.088019
5128,0.349910
5129,0.812703
5130,1.489215
5131,0.821360
5132,2.225409
5133,0.146822
5134,0.033130
5135,0.712590
5136,0.986294
5137,0.691893
5138,1.769840
5139,-0.339895
5140,-0.297432
5141,-0.922404
5142,-0.464329
5143,-1.185448
5144,0.270532
5145,-1.697483
5146,-1.954837
5147,-1.490654
5148,-0.224411
5149,0.784675
5150,0.502195
5151,0.285944
5152,0.627548
5153,0.248675
5154,-0.634614
5155,0.226692
5156,-0.334189
5157,-0.886547
5158,1.080141
5159,1.038346
5160,0.174672
5161,1.467613
5162,1.212619
5163,-0.730237
5164,-0.806225
5165,0.725972
5166,0.085738
5167,1.489182
5168,1.017222
5169,2.316083
5170,0.700635
5171,0.957980
5172,-0.360134
5173,0.868504
5174,-1.890954
5175,-1.147769
5176,0.015895
5177,-0.196401
5178,-1.107802
5179,1.702877
5180,0.669307
5181,0.099980
5182,0.436843
5183,1.670898
5184,1.315467
5185,0.525596
5186,0.557032
5187,0.245447
5188,0.787356
5189,1.336313
5190,-1.076727
5191,-0.618346
5192,1.579435
5193,-1.297147
5194,-0.872363
5195,-1.444133
5196,-0.130171
5197,-1.954957
5198,1.636500
5199,1.275668
5200,1.107221
5201,2.163426
5202,-0.241004
5203,-0.658455
5204,-0.346108
5205,-0.193768
5206,-0.266116
5207,0.764493
5208,-1.569393
5209,1.905694
5210,-0.420895
5211,0.081889
5212,0.392807
5213,-0.698850
5214,0.223596
5215,-0.432794
5216,-1.050758
5217,-1.588320
5218,0.087624
5219,-0.684310
5220,-0.021994
5221,-0.970388
5222,0.854287
5223,0.055719
5224,0.307897
5225,-1.303844
5226,-0.067857
5227,0.208866
5228,1.333000
5229,0.656350
5230,1.354193
5231,1.598743
5232,1.814885
5233,-2.953180
5234,-0.770260
5235,1.517157
5236,0.661787
5237,0.101486
5238,1.545397
5239,0.513696
5240,0.551284
5241,-0.331228
5242,-1.101742
5243,-0.079150
5244,0.731237
5245,-0.423335
5246,-0.213207
5247,-1.000795
5248,-1.898929
5249,-0.662448
5250,-0.719548
5251,0.063030
5252,-0.192320
5253,-1.785879
5254,-1.951406
5255,-1.088572
5256,1.253759
5257,1.666869
5258,0.286330
5259,-0.027541
5260,0.218501
5261,-1.620091
5262,-1.088152
5263,0.568350
5264,1.061512
5265,0.124707
5266,-0.249237
5267,-0.171979
5268,1.084063
5269,-0.002950
5270,1.112907
5271,1.377701
5272,1.294919
5273,1.117224
5274,0.951957
5275,-1.993028
5276,-0.294417
5277,-0.040490
5278,0.478977
5279,-0.328113
5280,1.625100
5281,1.149845
5282,-0.362358
5283,-0.529882
5284,-0.346184
5285,-0.711713
5286,0.165576
5287,-0.485198
5288,-0.160785
5289,-0.480004
5290,0.144972
5291,-0.453653
5292,0.094770
5293,0.107826
5294,-0.463341
5295,0.735560
5296,-1.131297
5297,-0.715249
5298,-0.243150
5299,0.962925
5300,0.296111
5301,-0.880869
5302,-0.663628
5303,-1.518515
5304,-1.276505
5305,2.039162
5306,0.188140
5307,-0.710686
5308,-0.400860
5309,0.699950
5310,1.607994
5311,0.960011
5312,1.037600
5313,-0.009188
5314,2.301492
5315,1.398459
5316,0.681211
5317,0.795606
5318,0.758741
5319,0.711314
5320,0.480603
5321,-0.812306
5322,-1.207832
5323,-1.037551
5324,0.753772
5325,0.963474
5326,-0.149207
5327,0.049444
5328,0.011704
5329,1.275593
5330,1.941801
5331,-0.929523
5332,-0.161552
5333,0.798551
5334,1.248853
5335,-1.369629
5336,-0.228891
5337,-0.595757
5338,-0.265380
5339,1.136468
5340,-0.133907
5341,0.195400
5342,1.484272
5343,-0.288635
5344,-0.404353
5345,1.270988
5346,-0.360954
5347,-1.020597
5348,-1.418103
5349,0.754236
5350,1.578278
5351,-0.839126
5352,-0.465969
5353,-2.540972
5354,-1.033018
5355,-0.396110
5356,-0.927934
5357,-2.743898
5358,-0.621627
5359,0.627940
5360,0.123891
5361,0.116418
5362,2.685616
5363,0.263765
5364,0.430139
5365,0.705532
5366,0.111136
5367,-1.091970
5368,-1.173808
5369,-0.805768
5370,0.879799
5371,0.913786
5372,-0.054216
5373,1.053772
5374,2.124176
5375,-2.771353
5376,-0.712596
5377,0.302734
5378,0.250628
5379,-0.460933
5380,-0.320856
5381,-0.752457
5382,0.910378
5383,-0.385135
5384,0.535742
5385,-0.412548
5386,-0.293085
5387,0.340716
5388,-1.098482
5389,-0.018519
5390,0.593186
5391,0.315726
5392,-0.423989
5393,1.552394
5394,-0.818277
5395,-0.691746
5396,0.485578
5397,1.671099
5398,0.655669
5399,-2.393740
5400,-1.536716
5401,-0.850091
5402,-0.470450
5403,-1.755146
5404,-2.104861
5405,-0.920445
5406,-0.976251
5407,-0.004271
5408,1.541797
5409,-0.514460
5410,0.761163
5411,1.062508
5412,0.470589
5413,-0.739832
5414,-1.119398
5415,-2.137729
5416,-1.686548
5417,-1.193624
5418,1.058828
5419,-0.876420
5420,-0.478101
5421,0.169737
5422,0.524783
5423,1.638853
5424,-0.171772
5425,-0.267402
5426,-1.098160
5427,-0.188089
5428,-0.896216
5429,-1.166723
5430,-2.021926
5431,-1.207880
5432,-1.208340
5433,-1.972582
5434,0.474855
5435,-0.898341
5436,0.901331
5437,-0.403497
5438,0.058632
5439,0.132930
5440,-0.749446
5441,1.870069
5442,-0.751267
5443,-0.859266
5444,-0.368255
5445,0.766966
5446,-1.666725
5447,-1.336047
5448,0.687117
5449,-0.538261
5450,0.128998
5451,0.618149
5452,0.616443
5453,0.135863
5454,0.180729
5455,1.650083
5456,1.506711
5457,-0.134820
5458,-1.971101
5459,0.922953
5460,-0.640583
5461,1.816644
5462,-1.213110
5463,-0.806002
5464,-0.958846
5465,-0.162336
5466,-1.001666
5467,-1.440864
5468,0.721053
5469,-1.289352
5470,-0.353460
5471,0.579571
5472,-0.940937
5473,-0.483518
5474,0.100920
5475,1.551030
5476,0.530624
5477,-0.326215
5478,1.776146
5479,-0.273798
5480,-0.717019
5481,0.366760
5482,-1.310641
5483,-0.178443
5484,0.087594
5485,-0.316967
5486,-0.975036
5487,0.171485
5488,-2.116337
5489,-0.273591
5490,-0.446908
5491,-2.162308
5492,-2.675916
5493,-0.397898
5494,-1.343829
5495,-1.254239
5496,-1.021902
5497,-0.976083
5498,-1.072013
5499,-0.346896
5500,0.441600
5501,-0.491785
5502,-1.121807
5503,0.872896
5504,-1.039161
5505,-1.334893
5506,1.577644
5507,-1.033314
5508,-1.509898
5509,-1.058945
5510,-0.496055
5511,-0.795291
5512,-0.111487
5513,-2.123585
5514,-0.217329
5515,0.285742
5516,0.864272
5517,0.446496
5518,-0.903415
5519,2.049226
5520,0.673861
5521,-0.190692
5522,1.843167
5523,-0.269071
5524,1.069897
5525,1.832714
5526,0.370137
5527,0.158649
5528,0.569882
5529,-0.191319
5530,1.077802
5531,-0.389818
5532,-1.334247
5533,-0.563896
5534,-1.105835
5535,0.679959
5536,-0.328562
5537,-0.465000
5538,-0.351685
5539,0.824174
5540,-1.038907
5541,-1.242824
5542,-0.508841
5543,1.124138
5544,1.054461
5545,-0.563885
5546,-0.964045
5547,-0.145297
5548,-0.398700
5549,0.319401
5550,0.325606
5551,-0.177531
5552,-0.723438
5553,-1.011017
5554,-0.058858
5555,-0.686118
5556,-0.273531
5557,-0.554542
5558,-0.502007
5559,-1.829612
5560,-0.815479
5561,-1.320827
5562,-0.415226
5563,-2.156370
5564,0.257076
5565,-0.370334
5566,-0.845734
5567,-0.751415
5568,-0.068997
5569,0.452157
5570,-1.500303
5571,-0.701223
5572,0.564000
5573,1.151255
5574,-0.297046
5575,0.479175
5576,1.593485
5577,0.590667
5578,-0.667115
5579,1.044032
5580,-0.691167
5581,0.540780
5582,-1.061517
5583,-1.045532
5584,-1.412615
5585,-0.074058
5586,0.161250
5587,-1.497329
5588,0.484008
5589,1.783253
5590,0.789682
5591,-0.935493
5592,0.285088
5593,0.822185
5594,-0.799012
5595,-0.211596
5596,-0.220895
5597,-0.899245
5598,-0.574744
5599,0.589385
5600,0.219311
5601,-2.133866
5602,-0.875934
5603,-1.048039
5604,-1.048675
5605,-1.155185
5606,-1.356558
5607,-1.618185
5608,0.559487
5609,-0.536095
5610,0.868554
5611,-2.285462
5612,-1.422049
5613,-1.330397
5614,0.360475
5615,0.515039
5616,0.243573
5617,1.707361
5618,-1.077598
5619,-2.312154
5620,0.526532
5621,-0.846939
5622,0.331121
5623,0.872949
5624,0.308940
5625,0.603360
5626,0.698978
5627,0.765300
5628,0.365426
5629,0.271539
5630,2.226659
5631,0.312568
5632,-1.010813
5633,-0.751089
5634,1.686669
5635,1.034310
5636,0.348013
5637,0.334771
5638,1.867717
5639,0.942184
5640,-1.938123
5641,-1.898918
5642,-0.629135
5643,0.887656
5644,0.785815
5645,0.211583
5646,0.482787
5647,-0.817906
5648,1.713460
5649,1.121644
5650,1.304756
5651,-0.179137
5652,-0.187135
5653,-0.841714
5654,-0.076595
5655,-0.264944
5656,-0.444559
5657,-0.022373
5658,-0.621840
5659,-0.415135
5660,0.825637
5661,0.334059
5662,-1.680967
5663,-0.181872
5664,-0.094538
5665,0.075241
5666,0.908564
5667,1.740126
5668,-1.087971
5669,-1.656962
5670,0.713125
5671,1.968850
5672,-0.344014
5673,1.502286
5674,1.111073
5675,-1.417876
5676,0.409292
5677,1.049618
5678,-0.231357
5679,0.397739
5680,0.020991
5681,-1.250106
5682,-0.950343
5683,-1.448198
5684,-1.304519
5685,0.918665
5686,-0.832722
5687,-0.546364
5688,-0.923170
5689,-0.140454
5690,1.160702
5691,-0.955130
5692,-0.429971
5693,0.347153
5694,-0.762831
5695,1.006135
5696,0.541909
5697,1.385592
5698,-0.585696
5699,-1.505312
5700,0.485456
5701,0.759027
5702,-0.091728
5703,-0.943961
5704,-1.753083
5705,-0.304436
5706,0.039525
5707,0.092494
5708,-0.135979
5709,-0.116133
5710,2.017123
5711,-0.024831
5712,0.402945
5713,-1.286321
5714,-0.947619
5715,-0.045357
5716,0.215050
5717,0.506940
5718,-0.743913
5719,1.520580
5720,1.141046
5721,1.341475
5722,2.251789
5723,0.378086
5724,0.388517
5725,-0.020376
5726,-1.128028
5727,0.128199
5728,2.105201
5729,1.367469
5730,-0.815948
5731,0.825612
5732,-0.271754
5733,-0.823712
5734,-1.301818
5735,-0.705679
5736,-0.736398
5737,0.714120
5738,-2.588677
5739,-0.419102
5740,1.506948
5741,-0.403819
5742,0.607363
5743,-0.102179
5744,0.203034
5745,0.003407
5746,-0.044778
5747,-0.014803
5748,0.564530
5749,-0.915816
5750,-1.022791
5751,0.256513
5752,1.244630
5753,1.133971
5754,0.127840
5755,0.111249
5756,-0.629438
5757,1.060693
5758,-0.444896
5759,0.336848
5760,0.680830
5761,0.177558
5762,-0.143763
5763,-0.242106
5764,0.195200
5765,-0.016084
5766,-2.350490
5767,0.419774
5768,-1.860157
5769,-2.538193
5770,-1.957006
5771,-0.117091
5772,-0.100555
5773,0.150227
5774,0.866784
5775,-0.253119
5776,-0.338673
5777,1.525376
5778,1.829672
5779,-0.337066
5780,-0.976778
5781,-0.660507
5782,0.886234
5783,-0.577115
5784,0.165429
5785,0.481225
5786,2.376379
5787,1.713598
5788,0.143135
5789,-1.172995
5790,-1.216531
5791,0.399595
5792,1.238637
5793,0.275220
5794,-0.722003
5795,0.460211
5796,0.211984
5797,0.835129
5798,-0.972596
5799,-1.058993
5800,-0.174279
5801,0.088305
5802,-0.456465
5803,-1.117323
5804,-0.873606
5805,1.206123
5806,1.367884
5807,0.558500
5808,0.028754
5809,-0.060741
5810,1.471662
5811,-0.975114
5812,1.027890
5813,1.899549
5814,0.891950
5815,1.173913
5816,0.259397
5817,-0.409211
5818,0.900470
5819,0.031970
5820,1.940078
5821,-0.164474
5822,0.060516
5823,-0.523518
5824,-0.893906
5825,-2.567879
5826,-1.413862
5827,-0.056224
5828,-0.184195
5829,-1.443304
5830,-1.182602
5831,1.119256
5832,-1.985143
5833,0.810648
5834,0.327559
5835,-0.710753
5836,-2.162633
5837,-0.924917
5838,2.213695
5839,-0.459742
5840,-0.815014
5841,-0.093667
5842,-0.171474
5843,-0.274561
5844,-1.011593
5845,0.752055
5846,0.966148
5847,0.511612
5848,-0.120441
5849,0.774717
5850,-0.560014
5851,0.617765
5852,0.963511
5853,-0.352133
5854,0.022600
5855,-2.497739
5856,-1.752897
5857,0.289606
5858,1.020661
5859,0.901513
5860,1.102161
5861,-1.431950
5862,-0.611866
5863,-0.077837
5864,-1.854845
5865,-1.244226
5866,-0.762576
5867,-0.427988
5868,-0.065626
5869,1.467415
5870,-1.738608
5871,-1.305028
5872,1.646059
5873,0.107520
5874,0.166942
5875,0.612198
5876,0.491841
5877,-1.735732
5878,-1.096941
5879,-1.544963
5880,-0.137318
5881,0.119102
5882,0.775406
5883,-1.115843
5884,-0.384663
5885,-1.937582
5886,-0.376124
5887,0.528806
5888,-1.350746
5889,-2.613402
5890,0.062820
5891,0.889361
5892,-1.456522
5893,0.725418
5894,0.914090
5895,-0.733763
5896,-1.553807
5897,-0.476147
5898,-0.876377
5899,1.581484
5900,-0.118344
5901,-0.767072
5902,0.051925
5903,-1.377472
5904,0.205315
5905,-0.169907
5906,-0.419803
5907,0.274830
5908,-0.461863
5909,-1.094498
5910,-0.101757
5911,0.807610
5912,2.116159
5913,0.260483
5914,-0.683500
5915,-0.654593
5916,-0.717135
5917,-0.711861
5918,-0.922057
5919,-0.230813
5920,-1.110602
5921,1.007677
5922,1.020004
5923,-0.568138
5924,0.037174
5925,-1.191990
5926,1.805534
5927,0.003048
5928,-2.041008
5929,-0.210913
5930,0.459673
5931,-1.421968
5932,0.408786
5933,0.380729
5934,0.261349
5935,-0.526540
5936,-0.750466
5937,0.331118
5938,1.346188
5939,-0.622366
5940,-0.256975
5941,1.395498
5942,-1.098805
5943,0.895277
5944,-0.512125
5945,-1.039098
5946,-0.277814
5947,0.457347
5948,-1.598919
5949,0.211019
5950,1.609268
5951,-0.412378
5952,-0.010188
5953,2.006053
5954,-0.417730
5955,-0.226279
5956,-1.184039
5957,-1.637942
5958,-1.475039
5959,-1.002838
5960,-0.067857
5961,0.390721
5962,0.903207
5963,-0.667345
5964,0.670308
5965,2.191129
5966,-0.163906
5967,-1.226713
5968,-0.997353
5969,-1.376417
5970,-1.077029
5971,-0.279336
5972,-0.429359
5973,1.134838
5974,-0.453921
5975,0.198873
5976,-0.710259
5977,-1.035460
5978,0.153797
5979,-0.079842
5980,2.958884
5981,0.011877
5982,-1.746402
5983,-0.235239
5984,0.158064
5985,0.933790
5986,-0.428018
5987,-0.552492
5988,0.829897
5989,-0.620416
5990,0.600700
5991,0.277458
5992,2.039893
5993,1.837147
5994,1.529785
5995,1.625219
5996,1.726898
5997,1.968055
5998,1.974969
5999,1.474986
6000,-0.229766
6001,-1.192271
6002,0.036596
6003,0.613518
6004,1.400138
6005,-0.612986
6006,-1.908327
6007,-0.870138
6008,-0.661610
6009,-2.449098
6010,1.385867
6011,0.483571
6012,0.528809
6013,-1.051533
6014,-0.855042
6015,1.497471
6016,-0.663271
6017,-0.629571
6018,-1.724006
6019,0.308563
6020,0.140186
6021,-1.109884
6022,0.842017
6023,-0.619468
6024,0.037698
6025,-0.205366
6026,-2.402731
6027,-1.007515
6028,-2.235441
6029,0.260720
6030,0.371414
6031,-0.629229
6032,0.288405
6033,1.526416
6034,2.064910
6035,1.652641
6036,0.068439
6037,-1.451459
6038,0.786498
6039,0.807951
6040,0.478023
6041,-0.415418
6042,0.286740
6043,0.485807
6044,0.233753
6045,2.250788
6046,1.555644
6047,0.439928
6048,0.528741
6049,-2.166151
6050,-0.857598
6051,-0.006625
6052,-0.645686
6053,-1.107375
6054,0.291892
6055,-0.481051
6056,-0.834095
6057,0.010374
6058,-0.617955
6059,0.550128
6060,-0.522557
6061,-0.010793
6062,-0.115658
6063,-3.066524
6064,-0.487139
6065,0.273740
6066,0.851919
6067,-0.943540
6068,-0.076662
6069,-0.243948
6070,0.360343
6071,-0.254724
6072,0.112159
6073,-1.207413
6074,-1.056449
6075,-1.714073
6076,-0.686606
6077,0.144755
6078,0.088942
6079,0.295164
6080,-1.659148
6081,-0.641968
6082,0.678081
6083,0.383177
6084,-0.710323
6085,-0.649027
6086,0.228490
6087,1.986710
6088,0.453831
6089,-0.398247
6090,-1.081316
6091,-0.315938
6092,-1.405507
6093,-0.922101
6094,-1.670670
6095,2.312747
6096,1.719671
6097,-1.282516
6098,-0.036270
6099,0.268103
6100,-0.207271
6101,0.201502
6102,2.457648
6103,1.411214
6104,-1.245676
6105,-2.017135
6106,-0.661714
6107,-0.869915
6108,1.000337
6109,-0.486866
6110,0.173259
6111,-2.112533
6112,-0.527128
6113,-0.050731
6114,-0.610700
6115,-1.164876
6116,-0.089157
6117,0.280814
6118,1.150367
6119,1.692094
6120,-0.807053
6121,-1.106004
6122,1.038454
6123,0.713184
6124,-0.872595
6125,-1.560294
6126,-1.366810
6127,1.280166
6128,-1.269682
6129,-0.033834
6130,0.490583
6131,-0.209056
6132,0.437288
6133,-1.840464
6134,-2.222653
6135,-1.554966
6136,1.291004
6137,1.199582
6138,-0.066928
6139,0.124682
6140,-1.085579
6141,0.519029
6142,0.076797
6143,0.341533
6144,-1.616727
6145,-1.048088
6146,-0.850823
6147,-0.167225
6148,-0.675059
6149,-0.261902
6150,0.515301
6151,1.106149
6152,0.343993
6153,1.218311
6154,0.342820
6155,-0.261715
6156,-0.229120
6157,-0.113052
6158,-0.127618
6159,-1.267084
6160,0.123815
6161,-0.135486
6162,1.086833
6163,0.375041
6164,0.184656
6165,0.167628
6166,-0.474535
6167,-0.397693
6168,-0.684934
6169,2.103188
6170,1.033980
6171,1.638182
6172,1.231992
6173,-0.254042
6174,-0.252536
6175,-0.945630
6176,0.208572
6177,-0.977898
6178,0.013219
6179,-0.052975
6180,-0.166283
6181,-0.454471
6182,0.641712
6183,0.325688
6184,0.236069
6185,0.968363
6186,-0.065722
6187,1.462411
6188,1.160306
6189,1.618302
6190,-1.861658
6191,-0.128021
6192,0.461067
6193,0.858607
6194,0.211027
6195,0.470361
6196,2.067317
6197,0.795585
6198,-0.184522
6199,-0.832735
6200,0.408359
6201,0.613620
6202,1.361466
6203,-0.297846
6204,-1.092640
6205,1.109826
6206,0.681453
6207,-0.712630
6208,0.802941
6209,0.752893
6210,0.985297
6211,-0.838224
6212,-0.711658
6213,0.144223
6214,-2.258128
6215,-0.480538
6216,-1.117384
6217,-1.658869
6218,-0.834975
6219,-0.026661
6220,-0.516010
6221,-0.711849
6222,1.088457
6223,1.419971
6224,1.097939
6225,-0.127698
6226,-0.281795
6227,-1.528691
6228,-0.704932
6229,-0.114361
6230,0.330950
6231,-0.262350
6232,-0.015950
6233,-1.467481
6234,0.965246
6235,0.920635
6236,1.302301
6237,-1.036242
6238,-0.275932
6239,-0.467185
6240,0.464652
6241,-0.288919
6242,-0.157287
6243,-1.033754
6244,0.356305
6245,-0.673329
6246,-1.372394
6247,-0.160602
6248,1.175612
6249,0.834608
6250,-0.169180
6251,1.743484
6252,-0.038979
6253,-0.653831
6254,0.430293
6255,0.197368
6256,1.351642
6257,0.323245
6258,-0.779107
6259,-2.040587
6260,-1.236225
6261,1.016184
6262,1.402251
6263,0.080437
6264,-1.727992
6265,-1.228549
6266,0.068618
6267,-0.008095
6268,-1.861066
6269,-0.221966
6270,-2.079141
6271,-0.339311
6272,0.006672
6273,0.098317
6274,1.150280
6275,0.928068
6276,0.959400
6277,0.065189
6278,-0.129749
6279,-0.094858
6280,-1.374023
6281,0.710400
6282,-0.972985
6283,-1.177636
6284,0.734579
6285,-0.039810
6286,-1.079670
6287,1.189598
6288,0.912540
6289,2.022032
6290,1.782856
6291,-0.201380
6292,0.971967
6293,-0.421732
6294,-0.093295
6295,1.360979
6296,-1.764425
6297,-0.985967
6298,-0.144766
6299,-0.009106
6300,-0.920084
6301,-1.197242
6302,-0.740166
6303,-1.212261
6304,0.073548
6305,-0.470199
6306,0.539858
6307,-0.145494
6308,-1.522742
6309,0.317261
6310,0.181581
6311,-0.873455
6312,0.437781
6313,-0.761047
6314,-1.596300
6315,0.561733
6316,-1.525691
6317,0.427627
6318,1.639320
6319,0.828547
6320,1.606947
6321,-0.864719
6322,-0.403167
6323,-0.628496
6324,-0.032643
6325,1.021093
6326,-0.869954
6327,-1.256071
6328,0.440313
6329,0.070293
6330,-0.219734
6331,0.179587
6332,0.725274
6333,0.906294
6334,0.258408
6335,-0.887951
6336,-0.762323
6337,-0.379765
6338,-0.458270
6339,0.520726
6340,-0.502787
6341,-1.505562
6342,-1.195631
6343,0.577600
6344,0.859744
6345,-0.706549
6346,-1.584776
6347,0.071891
6348,-1.354479
6349,-0.779998
6350,0.224671
6351,1.110357
6352,1.101053
6353,0.669569
6354,-0.294401
6355,0.023478
6356,0.409547
6357,2.403305
6358,0.893214
6359,-0.648655
6360,-0.208875
6361,0.840439
6362,-0.392763
6363,-0.135006
6364,0.166019
6365,1.104852
6366,0.756184
6367,-0.549111
6368,-1.029351
6369,-1.299923
6370,0.446431
6371,0.949027
6372,-0.575974
6373,0.706120
6374,0.005586
6375,0.387073
6376,0.593521
6377,0.806733
6378,-0.948164
6379,-2.314448
6380,0.058000
6381,0.538751
6382,0.755147
6383,-0.346647
6384,0.389612
6385,-0.168575
6386,0.576186
6387,-0.109285
6388,-0.896557
6389,0.878161
6390,1.634119
6391,2.273619
6392,0.329131
6393,-0.007663
6394,-0.881256
6395,-0.895615
6396,-0.938846
6397,-0.320587
6398,-1.208519
6399,0.139719
6400,-0.940766
6401,-0.353802
6402,-1.264279
6403,-1.814317
6404,-0.663699
6405,0.313709
6406,1.964525
6407,2.170208
6408,-1.598362
6409,-1.641544
6410,-1.721871
6411,-0.542792
6412,-0.948015
6413,0.142709
6414,0.141212
6415,-1.007713
6416,-0.020887
6417,-0.116020
6418,0.419247
6419,0.489251
6420,-0.749993
6421,-1.748597
6422,0.329796
6423,-0.575708
6424,0.618512
6425,0.816903
6426,1.394262
6427,1.637220
6428,-0.290144
6429,-0.761947
6430,0.506230
6431,-0.935015
6432,-0.128700
6433,1.180420
6434,-0.680699
6435,1.805482
6436,-0.734268
6437,-0.355496
6438,1.109849
6439,1.522689
6440,-0.918314
6441,1.272275
6442,0.658065
6443,0.693680
6444,-0.242517
6445,1.305875
6446,-0.654852
6447,-0.862526
6448,0.070583
6449,-1.182122
6450,1.947685
6451,0.410011
6452,-0.257725
6453,0.014770
6454,-1.357282
6455,-0.993722
6456,-0.785841
6457,0.070097
6458,0.083797
6459,1.793121
6460,-0.873100
6461,0.567418
6462,-0.382290
6463,2.806996
6464,1.097043
6465,-1.684433
6466,1.380096
6467,1.585453
6468,0.894011
6469,-1.003164
6470,-2.133388
6471,-2.345588
6472,2.343131
6473,0.785763
6474,0.260729
6475,0.930512
6476,-0.617926
6477,0.063030
6478,0.489161
6479,0.320079
6480,-0.651299
6481,-0.207206
6482,1.130785
6483,0.715327
6484,0.991205
6485,-0.611206
6486,0.399612
6487,-0.113908
6488,0.060234
6489,-0.057846
6490,1.389488
6491,-0.096776
6492,-0.157879
6493,0.222279
6494,0.555416
6495,-0.054329
6496,-1.991504
6497,-0.740530
6498,-2.925446
6499,0.226028
6500,-0.253872
6501,-0.680903
6502,-1.024494
6503,0.187129
6504,0.039350
6505,-1.363671
6506,-2.446732
6507,-0.973401
6508,0.469295
6509,-1.922662
6510,-2.258344
6511,1.025693
6512,-1.474659
6513,0.493881
6514,1.386163
6515,1.099031
6516,1.447583
6517,1.384246
6518,-1.126589
6519,-0.259937
6520,-0.053556
6521,-1.077410
6522,1.201624
6523,0.336171
6524,0.244058
6525,3.125813
6526,0.698440
6527,0.359619
6528,2.365250
6529,0.134289
6530,0.737079
6531,0.713537
6532,1.262406
6533,0.660435
6534,0.974623
6535,-0.518821
6536,-0.653260
6537,-0.473252
6538,-1.573116
6539,-1.142485
6540,-1.573332
6541,-0.804513
6542,-0.076464
6543,-0.028746
6544,-0.790862
6545,-0.495407
6546,0.530938
6547,1.586989
6548,-0.258669
6549,0.307303
6550,-0.683095
6551,-0.453036
6552,0.317607
6553,-0.273327
6554,29.593948
6555,33.489660
6556,39.346528
6557,36.501249
6558,37.321883
6559,37.042478
6560,36.638392
6561,39.110607
6562,38.194465
6563,35.950560
6564,34.213708
6565,36.217301
6566,35.323721
6567,37.230950
6568,34.681819
6569,33.148841
6570,34.337408
6571,33.980106
6572,36.534700
6573,37.799922
6574,38.101783
6575,36.050678
6576,33.663515
6577,36.572480
6578,36.033327
6579,36.270548
6580,35.759208
6581,37.535881
6582,38.438175
6583,40.262235
6584,36.569408
6585,35.979044
6586,32.722749
6587,35.809164
6588,35.751246
6589,37.341939
6590,37.641006
6591,36.012366
6592,37.790162
6593,37.910352
6594,37.849666
6595,39.320057
6596,33.839552
6597,36.199432
6598,36.565326
6599,35.029227
6600,35.641468
6601,35.324688
6602,36.554520
6603,35.739672
6604,35.203643
6605,37.879734
6606,35.266215
6607,39.527254
6608,34.484710
6609,36.535438
6610,35.849322
6611,35.653276
6612,32.042391
6613,35.252593
6614,38.411821
6615,38.493115
6616,34.307284
6617,39.054439
6618,34.327154
6619,38.355030
6620,40.039864
6621,38.832673
6622,36.131475
6623,40.079339
6624,34.157723
6625,33.668601
6626,38.629516
6627,37.575108
6628,37.848624
6629,33.902816
6630,36.949576
6631,34.990437
6632,35.278921
6633,38.545481
6634,36.477208
6635,33.209250
6636,32.863895
6637,39.326520
6638,37.661348
6639,39.312752
6640,36.847777
6641,36.090195
6642,35.706817
6643,36.769027
6644,35.696047
6645,32.839881
6646,36.064049
6647,35.797182
6648,35.139086
6649,33.802912
6650,35.347122
6651,36.083615
6652,37.703485
6653,38.029198
6654,38.624181
6655,39.909142
6656,39.223102
6657,36.411406
6658,35.333078
6659,36.888192
6660,36.200873
6661,34.639166
6662,36.705010
6663,38.657365
6664,35.242234
6665,35.566758
6666,35.470447
6667,36.235813
6668,35.468332
6669,34.952733
6670,38.234116
6671,32.721470
6672,34.631992
6673,39.210930
6674,42.952976
6675,38.605556
6676,35.542605
6677,33.767066
6678,31.079376
6679,36.704242
6680,35.382124
6681,36.640897
6682,37.392405
6683,36.369416
6684,40.510652
6685,35.276629
6686,34.557263
6687,35.458447
6688,34.554181
6689,37.481313
6690,36.533182
6691,38.112231
6692,31.110138
6693,33.602449
6694,36.195539
6695,36.844036
6696,38.845442
6697,35.430423
6698,37.747458
6699,37.999592
6700,34.217352
6701,40.089446
6702,34.180246
6703,34.324295
6704,32.672374
6705,35.284780
6706,33.050919
6707,36.009028
6708,40.638609
6709,39.933397
6710,34.853903
6711,34.423980
6712,36.039544
6713,33.082478
6714,40.578730
6715,37.656819
6716,39.051764
6717,34.669997
6718,35.060275
6719,36.267702
6720,35.967000
6721,36.268578
6722,33.471673
6723,36.642555
6724,38.439958
6725,37.968934
6726,36.787877
6727,35.307333
6728,39.728372
6729,39.359240
6730,38.618492
6731,36.046779
6732,37.841264
6733,38.523972
6734,36.340279
6735,35.665250
6736,35.853220
6737,35.244499
6738,35.637625
6739,34.295516
6740,36.240524
6741,38.945121
6742,36.062532
6743,37.473190
6744,33.985739
6745,34.525439
6746,33.489234
6747,36.713705
6748,35.520728
6749,34.095063
6750,35.337450
6751,34.403951
6752,36.382506
6753,37.370070
6754,38.253116
6755,38.339022
6756,39.164576
6757,34.030874
6758,35.177542
6759,38.141819
6760,38.284426
6761,34.411737
6762,34.805087
6763,35.372791
6764,38.189773
6765,36.435214
6766,34.379359
6767,35.172222
6768,36.563354
6769,32.734290
6770,34.225845
6771,31.863421
6772,32.706016
6773,33.105817
6774,38.211601
6775,32.590692
6776,31.776013
6777,32.807245
6778,35.533701
6779,31.088427
6780,31.805525
6781,35.824364
6782,37.784602
6783,37.653151
6784,38.757355
6785,40.230381
6786,35.598378
6787,38.194156
6788,33.945359
6789,36.274780
6790,38.538076
6791,37.846274
6792,36.604850
6793,35.553836
6794,35.728618
6795,35.399650
6796,36.402073
6797,34.856728
6798,36.292861
6799,40.143029
6800,35.148656
6801,32.861324
6802,36.219055
6803,33.725597
6804,37.954270
6805,35.847195
6806,36.556197
6807,34.381680
6808,35.128202
6809,33.108723
6810,34.942385
6811,36.176135
6812,35.493256
6813,32.678434
6814,7.419250
6815,2.727624
6816,1.454394
6817,0.975601
6818,-0.049224
6819,-0.631745
6820,-0.705591
6821,-0.224862
6822,0.249384
6823,-0.331671
6824,0.481967
6825,0.938853
6826,-0.887819
6827,-0.472292
6828,0.678877
6829,0.683374
6830,0.224823
6831,2.213106
6832,1.232705
6833,0.260236
6834,-0.181578
6835,-0.772080
6836,-0.259610
6837,0.921375
6838,0.938769
6839,0.190008
6840,0.065059
6841,0.091329
6842,1.432852
6843,0.139900
6844,-0.503640
6845,-1.226816
6846,0.636650
6847,-0.970565
6848,-1.018797
6849,1.176996
6850,-0.606625
6851,0.091482
6852,-0.019187
6853,1.222182
6854,0.788963
6855,0.536121
6856,-0.323116
6857,1.620902
6858,0.252298
6859,-0.253017
6860,-1.120018
6861,-1.078537
6862,-0.579053
6863,-1.004682
6864,-0.007111
6865,-1.052111
6866,-0.756219
6867,-1.065368
6868,1.040518
6869,-1.123890
6870,-0.348283
6871,0.487848
6872,-0.035718
6873,1.082374
6874,-1.468050
6875,-2.429743
6876,1.047560
6877,0.441573
6878,1.533607
6879,1.699006
6880,0.728005
6881,0.326439
6882,-0.401699
6883,-0.137677
6884,1.132784
6885,1.724808
6886,0.217475
6887,0.334248
6888,1.120734
6889,0.865661
6890,1.957605
6891,1.400475
6892,0.195492
6893,0.034660
6894,0.031327
6895,-0.452605
6896,0.300430
6897,1.138258
6898,0.859904
6899,0.167317
6900,-0.237922
6901,-0.487130
6902,1.179708
6903,-0.401367
6904,-1.689795
6905,-0.649092
6906,1.055984
6907,-0.041847
6908,0.039998
6909,1.445906
6910,1.485591
6911,1.332912
6912,-0.179091
6913,-0.522817
6914,-2.123340
6915,-0.739109
6916,-0.033740
6917,0.624925
6918,-1.944720
6919,1.526152
6920,0.885445
6921,-0.019163
6922,0.440555
6923,0.205685
6924,0.019982
6925,0.881727
6926,-0.203115
6927,-0.438835
6928,0.047366
6929,-1.666055
6930,1.428258
6931,1.114037
6932,0.470638
6933,0.678436
6934,-2.210250
6935,-3.497881
6936,1.872316
6937,1.103772
6938,0.770178
6939,-0.685731
6940,-0.256722
6941,0.462300
6942,-0.913997
6943,0.845241
6944,0.244265
6945,-0.518889
6946,-0.804833
6947,-0.710054
6948,0.561987
6949,-0.017359
6950,-1.187042
6951,-0.443614
6952,-1.319036
6953,-0.279322
6954,-1.152417
6955,0.159617
6956,-0.469403
6957,0.206319
6958,1.586758
6959,-1.657075
6960,-0.947496
6961,-0.430931
6962,-0.413386
6963,-0.324596
6964,-1.934724
6965,0.077769
6966,-0.073292
6967,-0.372525
6968,-0.010733
6969,-1.640709
6970,-0.276574
6971,-0.549528
6972,0.016729
6973,0.508128
6974,-0.375424
6975,-0.515167
6976,0.778482
6977,0.136386
6978,1.744764
6979,0.237412
6980,0.229084
6981,-1.133040
6982,-1.944884
6983,-1.770594
6984,-0.839139
6985,-1.833537
6986,0.452178
6987,0.776647
6988,-0.353111
6989,-1.680495
6990,-1.035458
6991,0.073568
6992,1.960032
6993,0.255356
6994,1.213623
6995,0.185784
6996,-0.069431
6997,1.308503
6998,-0.099969
6999,-0.193507
7000,0.484704
7001,0.411209
7002,0.975054
7003,-0.970603
7004,0.119345
7005,0.886322
7006,1.246681
7007,-0.493131
7008,0.794375
7009,0.386941
7010,0.792458
7011,0.964435
7012,0.824646
7013,0.064612
7014,-1.626337
7015,0.135933
7016,0.993850
7017,-0.856225
7018,-1.558448
7019,1.017414
7020,1.532600
7021,0.692968
7022,-0.144673
7023,-0.554197
7024,0.073292
7025,-1.185642
7026,0.719861
7027,1.498696
7028,0.090829
7029,0.451701
7030,-1.114782
7031,-0.822886
7032,-1.096418
7033,2.071177
7034,-0.606674
7035,-0.726507
7036,0.023538
7037,0.130293
7038,-1.028008
7039,-0.780158
7040,-1.472350
7041,-0.769664
7042,-2.232004
7043,-2.229889
7044,0.031600
7045,0.398199
7046,1.273963
7047,0.193437
7048,-0.300845
7049,0.399415
7050,0.028284
7051,2.425613
7052,1.217024
7053,0.763385
7054,-0.785623
7055,-0.180704
7056,-0.779210
7057,-0.774829
7058,-0.750955
7059,-1.250763
7060,-0.897295
7061,0.366113
7062,-0.956257
7063,0.618525
7064,-0.548844
7065,0.314944
7066,-0.856250
7067,-1.079912
7068,-0.878633
7069,-1.643644
7070,-1.130473
7071,0.223148
7072,-1.879835
7073,-1.512835
7074,-1.062946
7075,-0.953523
7076,0.665977
7077,-1.263997
7078,-0.560514
7079,-0.868414
7080,0.274065
7081,0.689855
7082,0.883042
7083,0.541165
7084,-0.736493
7085,-2.019497
7086,-1.168202
7087,0.817121
7088,-1.406192
7089,-0.042225
7090,-0.489475
7091,-1.333153
7092,-1.708411
7093,-0.689578
7094,0.807241
7095,-0.766981
7096,0.282054
7097,0.597373
7098,-1.497004
7099,0.029883
7100,-1.356159
7101,0.627567
7102,1.369427
7103,-0.049323
7104,0.208160
7105,-0.840261
7106,-1.673859
7107,-0.065114
7108,-1.991632
7109,-0.224975
7110,0.861393
7111,-0.322429
7112,-0.599767
7113,-0.318680
7114,-0.083395
7115,-0.568945
7116,-1.061300
7117,-0.046604
7118,0.737765
7119,-0.854270
7120,-1.318840
7121,-2.603774
7122,-1.764383
7123,2.217262
7124,2.015986
7125,2.486493
7126,0.685813
7127,-0.016282
7128,0.554240
7129,0.106814
7130,1.242152
7131,-0.270663
7132,-1.467637
7133,-0.774723
7134,1.470837
7135,0.623562
7136,1.608004
7137,0.406532
7138,-0.578980
7139,1.842753
7140,0.232197
7141,0.046649
7142,-0.598078
7143,-1.099850
7144,1.348449
7145,2.508369
7146,0.809611
7147,0.419784
7148,1.088490
7149,-0.497061
7150,0.993429
7151,-1.089964
7152,0.021670
7153,-1.044743
7154,0.142539
7155,0.593712
7156,0.829215
7157,0.418453
7158,1.949817
7159,0.914045
7160,-0.705101
7161,-0.004842
7162,0.138631
7163,0.466594
7164,-0.513915
7165,-0.221002
7166,0.987447
7167,-1.846055
7168,-0.131421
7169,1.996379
7170,0.475562
7171,-1.658791
7172,-0.615683
7173,-2.960385
7174,0.161216
7175,0.759014
7176,0.380689
7177,0.273350
7178,0.684316
7179,-0.810760
7180,-1.033911
7181,-2.503669
7182,-1.786260
7183,-0.732089
7184,-1.394597
7185,-0.049334
7186,-1.816443
7187,0.839394
7188,0.855833
7189,1.089605
7190,0.903621
7191,0.713344
7192,0.479901
7193,2.688158
7194,-0.105802
7195,-0.270633
7196,0.252306
7197,-0.490111
7198,0.933970
7199,0.915373
7200,0.925556
7201,-0.767141
7202,-2.974078
7203,-0.502763
7204,-0.781801
7205,0.142387
7206,0.395718
7207,-1.552061
7208,1.019189
7209,2.194539
7210,0.756978
7211,1.183562
7212,0.041855
7213,0.344660
7214,0.045376
7215,0.959941
7216,-0.836104
7217,-0.783593
7218,-0.336902
7219,-1.053347
7220,-0.378369
7221,-2.012327
7222,-0.146838
7223,0.183267
7224,1.638202
7225,-1.356144
7226,-0.838533
7227,0.191844
7228,0.562222
7229,-0.086102
7230,1.313435
7231,-0.135620
7232,-0.322515
7233,1.360503
7234,1.537090
7235,0.028660
7236,1.414961
7237,-1.452687
7238,-0.261836
7239,-0.301599
7240,0.524544
7241,-1.576288
7242,-1.293739
7243,-1.628419
7244,-0.567561
7245,-1.028361
7246,-1.702532
7247,0.130200
7248,-0.988720
7249,-0.306911
7250,0.101824
7251,0.649682
7252,1.185033
7253,1.225612
7254,-0.414344
7255,-1.513148
7256,0.126332
7257,-0.825985
7258,-0.987537
7259,-2.551921
7260,0.076838
7261,-0.197990
7262,-0.379596
7263,-0.867314
7264,-1.496645
7265,-0.516564
7266,-1.401136
7267,0.037852
7268,1.124370
7269,0.441323
7270,0.274358
7271,0.019941
7272,0.188908
7273,0.013845
7274,-0.996484
7275,1.175154
7276,-0.848282
7277,0.346758
7278,1.345741
7279,0.675662
7280,0.738378
7281,-2.689061
7282,-0.614329
7283,-0.582212
7284,0.441455
7285,-0.310267
7286,-0.596466
7287,-0.255847
7288,0.188421
7289,0.183570
7290,-0.206177
7291,0.038187
7292,0.154955
7293,-0.044743
7294,-0.010029
7295,-0.057992
7296,-0.634069
7297,2.265074
7298,0.052389
7299,-1.803236
7300,-2.629220
7301,0.386681
7302,-0.054636
7303,0.876164
7304,0.045421
7305,0.278923
7306,0.980710
7307,0.908662
7308,-0.547341
7309,1.342060
7310,0.671491
7311,-1.403751
7312,-1.131296
7313,0.367774
7314,-0.169873
7315,-1.719195
7316,-2.115863
7317,0.061306
7318,-0.077427
7319,0.094974
7320,-0.047150
7321,-1.724316
7322,-0.172632
7323,-0.826291
7324,-0.043933
7325,0.053496
7326,-0.402188
7327,-2.325814
7328,-1.313192
7329,1.061491
7330,1.270052
7331,0.005864
7332,-1.180093
7333,0.537936
7334,0.178928
7335,-1.199304
7336,0.737536
7337,-0.891529
7338,0.269797
7339,0.360876
7340,-0.069002
7341,-0.864127
7342,-0.055245
7343,0.055487
7344,-0.474728
7345,-1.460725
7346,-1.257872
7347,-0.049228
7348,2.062339
7349,0.636991
7350,-1.464208
7351,-0.405518
7352,-0.106125
7353,1.808533
7354,0.204246
7355,-0.430130
7356,-0.482425
7357,0.675482
7358,0.229765
7359,0.851939
7360,0.147229
7361,0.557735
7362,0.516295
7363,1.886911
7364,2.308164
7365,1.423750
7366,-0.407157
7367,1.363245
7368,0.847812
7369,0.599845
7370,-1.506168
7371,-1.816869
7372,-0.077945
7373,1.005338
7374,0.443345
7375,1.289967
7376,1.533052
7377,1.846208
7378,-0.196637
7379,-0.328449
7380,-1.155519
7381,-0.742586
7382,-0.574486
7383,-2.201546
7384,1.863880
7385,0.692989
7386,-0.732669
7387,0.583423
7388,1.087870
7389,0.594833
7390,-0.215125
7391,0.564785
7392,-0.874926
7393,2.250792
7394,0.128301
7395,-0.046021
7396,-0.545937
7397,1.052384
7398,-0.733883
7399,1.081953
7400,-0.118551
7401,-0.744134
7402,-0.072021
7403,-0.755617
7404,0.218111
7405,-0.476806
7406,0.083406
7407,-0.722984
7408,0.238190
7409,0.454202
7410,1.679563
7411,-1.234246
7412,1.667147
7413,0.098332
7414,-0.599827
7415,-0.488454
7416,0.193702
7417,1.984872
7418,0.268605
7419,-0.745279
7420,-2.561116
7421,-2.402564
7422,-1.019761
7423,-0.017958
7424,-0.419693
7425,1.802400
7426,0.061854
7427,1.083512
7428,-0.049760
7429,0.597074
7430,0.943434
7431,0.477345
7432,0.071794
7433,1.938554
7434,3.165748
7435,-0.534958
7436,0.764288
7437,1.157703
7438,0.848066
7439,0.091956
7440,0.140339
7441,-0.048264
7442,1.157284
7443,1.493748
7444,1.002344
7445,-0.769964
7446,-1.399364
7447,0.748771
7448,2.026486
7449,0.856093
7450,-0.265853
7451,-1.845420
7452,1.045170
7453,-0.546730
7454,-0.727230
7455,-1.041098
7456,-0.887504
7457,0.019248
7458,1.442910
7459,-0.329393
7460,-1.638166
7461,0.750208
7462,0.505653
7463,-0.218338
7464,-0.137748
7465,0.036724
7466,-1.384809
7467,-0.996927
7468,0.369472
7469,-1.313916
7470,-0.165796
7471,-0.495828
7472,-0.452003
7473,-0.226618
7474,0.776524
7475,-0.212766
7476,-1.030463
7477,-0.484546
7478,0.846138
7479,2.204441
7480,0.331688
7481,0.753016
7482,1.489308
7483,0.697738
7484,-0.874657
7485,-0.542183
7486,0.486896
7487,-0.691997
7488,0.154019
7489,-0.627561
7490,0.521960
7491,-1.479100
7492,-0.084283
7493,-0.072126
7494,-1.268284
7495,0.746630
7496,0.280912
7497,-1.491214
7498,-0.916540
7499,-2.114721
7500,-0.402221
7501,0.247816
7502,-0.448037
7503,-1.804630
7504,-0.092695
7505,1.036604
7506,0.131332
7507,-0.128018
7508,0.327946
7509,0.243841
7510,0.118144
7511,-0.025615
7512,-0.946602
7513,-0.390699
7514,0.447259
7515,0.671674
7516,-0.189580
7517,-1.385664
7518,1.766235
7519,0.720036
7520,-1.240286
7521,-0.867553
7522,-0.296429
7523,0.407725
7524,-0.515142
7525,-0.654434
7526,0.139099
7527,-0.257631
7528,-0.436991
7529,-0.502913
7530,-0.278049
7531,-1.646855
7532,-2.702769
7533,-1.661403
7534,-2.818980
7535,-0.511499
7536,-0.033924
7537,0.269431
7538,-0.533500
7539,-1.282894
7540,0.888605
7541,1.886201
7542,2.518860
7543,1.653829
7544,1.595051
7545,0.473102
7546,-0.495941
7547,-0.312363
7548,0.190105
7549,-0.623737
7550,-0.737433
7551,-1.076715
7552,1.016686
7553,2.041955
7554,1.298027
7555,0.386176
7556,1.174830
7557,-0.759372
7558,-0.576345
7559,0.346490
7560,0.065733
7561,-1.542032
7562,0.702636
7563,-0.293457
7564,0.783270
7565,0.897576
7566,-0.080025
7567,0.053002
7568,1.770712
7569,-0.702257
7570,0.815074
7571,0.509498
7572,0.070088
7573,1.198441
7574,0.290743
7575,-2.009017
7576,1.447430
7577,0.661781
7578,-0.813837
7579,-1.043686
7580,0.446089
7581,-0.764528
7582,0.126686
7583,-0.224443
7584,0.921570
7585,-0.548211
7586,-0.574174
7587,1.788257
7588,-0.186111
7589,0.022334
7590,-0.131964
7591,-0.876558
7592,1.889213
7593,1.292862
7594,1.665806
7595,0.003331
7596,-0.318220
7597,-1.205566
7598,0.274242
7599,0.169394
7600,0.784362
7601,-0.818386
7602,0.462533
7603,2.226340
7604,0.892612
7605,0.925933
7606,0.786318
7607,-0.032716
7608,-1.156437
7609,-1.155321
7610,-1.308540
7611,-0.854944
7612,0.163336
7613,-1.937557
7614,-0.966574
7615,-0.173944
7616,-2.103499
7617,-1.049817
7618,-0.172421
7619,0.404842
7620,-0.133429
7621,0.565836
7622,-0.124275
7623,1.703254
7624,-0.817831
7625,-0.388460
7626,-0.084705
7627,0.482117
7628,-1.712059
7629,0.862399
7630,-0.286648
7631,0.550043
7632,1.363533
7633,-1.915467
7634,-0.902008
7635,-2.141857
7636,-0.324740
7637,-1.993732
7638,-0.251406
7639,-0.112298
7640,0.473601
7641,1.239124
7642,-0.470813
7643,-0.011471
7644,-0.582516
7645,0.199244
7646,0.241361
7647,0.506022
7648,-0.015599
7649,-0.304037
7650,0.326865
7651,-0.108004
7652,-0.654335
7653,0.504002
7654,1.692287
7655,0.850294
7656,-1.169767
7657,0.436050
7658,0.017650
7659,-0.076408
7660,-0.533889
7661,-0.704742
7662,0.558707
7663,0.701305
7664,-0.222968
7665,1.453387
7666,1.421633
7667,1.597330
7668,-1.012975
7669,-0.284207
7670,0.102397
7671,1.525450
7672,-1.036364
7673,1.128749
7674,0.669225
7675,0.977537
7676,1.146836
7677,0.648639
7678,2.972319
7679,2.065551
7680,0.935169
7681,0.878645
7682,-0.249269
7683,-0.091803
7684,-0.478904
7685,0.602533
7686,0.647391
7687,0.860851
7688,0.708487
7689,-0.477518
7690,-1.413138
7691,-1.928468
7692,0.335809
7693,-0.963825
7694,1.870219
7695,1.091125
7696,0.516657
7697,0.928061
7698,-0.968165
7699,0.788336
7700,0.440782
7701,1.111155
7702,1.697593
7703,0.788230
7704,1.306368
7705,0.102431
7706,1.856368
7707,2.010362
7708,1.215465
7709,-0.665984
7710,-0.855101
7711,0.063380
7712,0.681284
7713,0.920813
7714,0.482307
7715,0.645714
7716,0.612633
7717,0.476201
7718,-1.495509
7719,0.366371
7720,-0.888670
7721,-3.122605
7722,-2.055661
7723,1.459406
7724,1.060102
7725,-2.720599
7726,-0.515382
7727,-2.607870
7728,-3.356746
7729,-0.829978
7730,1.664905
7731,0.425308
7732,1.114619
7733,-1.426882
7734,1.048918
7735,-0.006183
7736,0.792384
7737,1.563291
7738,0.327105
7739,-0.214580
7740,0.415610
7741,-0.182894
7742,0.638215
7743,0.410370
7744,0.381449
7745,-0.180640
7746,-0.164529
7747,0.480774
7748,0.547758
7749,-0.313206
7750,0.865073
7751,-0.960315
7752,-1.028485
7753,-1.056700
7754,1.745125
7755,0.888551
7756,0.061273
7757,-0.195048
7758,-1.247809
7759,-2.002210
7760,-0.756595
7761,-0.325920
7762,-1.914155
7763,-0.062388
7764,0.773539
7765,-0.357054
7766,-0.319678
7767,-2.338051
7768,0.335835
7769,0.960945
7770,-0.252062
7771,-0.609238
7772,-0.071339
7773,-0.380907
7774,-0.322688
7775,-0.287121
7776,2.393781
7777,-0.995267
7778,-0.576730
7779,0.428295
7780,0.507385
7781,1.351503
7782,1.978600
7783,1.044104
7784,-2.854371
7785,-1.163783
7786,-0.546105
7787,1.507832
7788,0.703231
7789,-2.208154
7790,-1.441218
7791,-1.015584
7792,-0.151390
7793,-0.979824
7794,-0.313292
7795,0.389908
7796,-0.426793
7797,-0.844961
7798,-2.810268
7799,-1.874842
7800,-0.605064
7801,0.459463
7802,1.682347
7803,-2.788865
7804,-0.983610
7805,0.132605
7806,-0.557304
7807,0.141389
7808,0.991788
7809,0.167916
7810,1.114623
7811,-0.638750
7812,0.646485
7813,0.061963
7814,0.582478
7815,1.223162
7816,-0.742059
7817,0.227561
7818,1.344999
7819,0.400466
7820,-0.812415
7821,-0.708779
7822,0.748835
7823,-2.279058
7824,-0.033519
7825,0.309870
7826,-0.348978
7827,-0.372731
7828,1.779978
7829,1.001280
7830,0.240824
7831,1.632148
7832,-0.634647
7833,-0.027721
7834,-0.250102
7835,-0.321180
7836,0.422317
7837,1.249131
7838,-0.422164
7839,-1.946669
7840,-0.364484
7841,1.592173
7842,-1.150948
7843,0.467528
7844,1.341466
7845,-0.249109
7846,0.295652
7847,-0.279541
7848,-0.565568
7849,-0.824948
7850,-0.890352
7851,-0.509986
7852,-1.459679
7853,-0.324711
7854,0.010414
7855,0.144315
7856,-0.605721
7857,1.958213
7858,0.985141
7859,0.557316
7860,-1.089510
7861,-0.318023
7862,0.727233
7863,-0.663135
7864,0.731911
7865,-0.617174
7866,-0.339118
7867,-1.079413
7868,-0.756710
7869,0.454231
7870,-0.134767
7871,-0.709068
7872,0.665685
7873,1.585859
7874,-1.644091
7875,-0.503281
7876,-0.727780
7877,1.392843
7878,-0.876601
7879,-0.938041
7880,0.111871
7881,1.966682
7882,-1.157780
7883,-1.696813
7884,-0.865687
7885,-0.061234
7886,0.532931
7887,-1.408748
7888,0.684578
7889,-1.120906
7890,0.650937
7891,1.241846
7892,-0.409539
7893,-0.296559
7894,0.516033
7895,-1.153431
7896,-2.288293
7897,-1.461302
7898,-0.136749
7899,1.558132
7900,1.883988
7901,-0.438043
7902,0.240143
7903,0.301186
7904,0.851515
7905,-0.989338
7906,-1.974005
7907,-0.316819
7908,0.096994
7909,0.519620
7910,0.499167
7911,-0.320714
7912,-0.644793
7913,-1.805536
7914,0.926398
7915,0.530931
7916,-0.975515
7917,-0.345734
7918,-0.793437
7919,0.526811
7920,-0.732964
7921,-0.110375
7922,-0.796772
7923,-0.993607
7924,-0.141683
7925,0.080315
7926,0.401324
7927,-0.488777
7928,-0.109657
7929,0.933177
7930,1.493432
7931,0.482563
7932,0.485363
7933,1.050010
7934,-0.238314
7935,-2.949436
7936,-0.277889
7937,-0.533859
7938,0.297438
7939,1.219854
7940,0.759594
7941,-1.690620
7942,-1.786978
7943,-1.303670
7944,0.471337
7945,0.957045
7946,-1.090409
7947,0.543550
7948,-0.183564
7949,-0.975764
7950,-0.539926
7951,-0.188362
7952,-0.181837
7953,-0.039147
7954,0.722384
7955,-0.391574
7956,0.748814
7957,0.214421
7958,0.689518
7959,0.979783
7960,0.254743
7961,-0.904390
7962,-1.286540
7963,-0.465341
7964,1.006677
7965,0.205777
7966,-0.258555
7967,-1.941172
7968,-0.556462
7969,0.336180
7970,-1.126751
7971,-0.880083
7972,1.113710
7973,1.436061
7974,-0.029969
7975,-0.227959
7976,-0.821199
7977,0.577122
7978,0.533226
7979,-0.788933
7980,0.309567
7981,1.298886
7982,1.509047
7983,0.803593
7984,1.316019
7985,1.729531
7986,1.684754
7987,0.830941
7988,0.965738
7989,-0.594761
7990,-1.179750
7991,-0.650891
7992,0.163311
7993,0.063778
7994,0.486457
7995,-0.196103
7996,-1.010337
7997,-1.031712
7998,0.850361
7999,0.782274
8000,2.220296
8001,1.678820
8002,-0.531619
8003,-1.459708
8004,1.885771
8005,-0.194740
8006,1.137295
8007,-0.375946
8008,0.244314
8009,-1.657061
8010,-0.853029
8011,-0.556671
8012,-0.212293
8013,-1.201588
8014,0.394113
8015,-1.338557
8016,-3.338122
8017,-0.659889
8018,0.405943
8019,-0.172299
8020,0.751401
8021,2.168551
8022,0.067648
8023,0.965423
8024,-0.178007
8025,1.347787
8026,-0.290688
8027,0.136817
8028,0.181309
8029,1.187827
8030,-0.173223
8031,-1.182906
8032,-2.137597
8033,0.319411
8034,-0.291895
8035,1.371806
8036,0.108241
8037,0.857596
8038,-0.686605
8039,-0.027634
8040,1.715331
8041,0.950486
8042,-0.871621
8043,-0.189428
8044,-0.934442
8045,-0.631205
8046,-0.165091
8047,-1.145905
8048,-0.815194
8049,-0.474501
8050,0.459884
8051,-1.117908
8052,-0.746536
8053,1.041400
8054,-0.657669
8055,2.097082
8056,3.104037
8057,1.897424
8058,1.078045
8059,1.866325
8060,0.795498
8061,0.427434
8062,2.337769
8063,0.727414
8064,1.082530
8065,1.005808
8066,0.618312
8067,1.939861
8068,0.291081
8069,1.305854
8070,1.164298
8071,-0.321579
8072,1.304753
8073,0.293244
8074,0.394206
8075,0.173110
8076,1.255090
8077,0.057924
8078,0.234852
8079,0.612119
8080,-1.782865
8081,-1.430744
8082,-0.761224
8083,0.169028
8084,0.405333
8085,0.691004
8086,2.411057
8087,1.197996
8088,0.552865
8089,-0.320073
8090,-1.287548
8091,-2.056944
8092,0.183410
8093,1.304063
8094,-0.970237
8095,0.572335
8096,0.421053
8097,1.959856
8098,-0.511415
8099,-0.135777
8100,-0.714521
8101,0.224339
8102,0.321318
8103,-0.753280
8104,-0.676892
8105,0.110746
8106,-1.573544
8107,0.496211
8108,0.975785
8109,0.272728
8110,0.182797
8111,-0.690300
8112,-0.190708
8113,1.258153
8114,0.259474
8115,0.023250
8116,1.744147
8117,0.025733
8118,0.297263
8119,0.654980
8120,-1.319451
8121,-0.733487
8122,-0.081473
8123,0.021777
8124,1.715859
8125,-0.536068
8126,-1.386552
8127,1.086774
8128,0.260704
8129,-2.325195
8130,-0.164139
8131,-0.598167
8132,-1.373784
8133,-0.931925
8134,0.118441
8135,-0.408476
8136,1.411798
8137,0.190289
8138,0.617986
8139,-1.042117
8140,0.302515
8141,-0.511113
8142,1.825490
8143,1.403399
8144,0.821286
8145,0.549725
8146,0.684865
8147,0.955294
8148,1.041851
8149,1.623590
8150,-0.437341
8151,0.707601
8152,2.403755
8153,0.534854
8154,-0.011765
8155,1.690690
8156,0.142181
8157,0.350104
8158,-1.080962
8159,-1.658416
8160,0.860652
8161,0.725140
8162,-1.324862
8163,1.624978
8164,0.866938
8165,1.515181
8166,-0.462928
8167,-0.577605
8168,0.792700
8169,0.226780
8170,1.462329
8171,1.952651
8172,0.209057
8173,-1.498094
8174,-0.635059
8175,1.639166
8176,0.432669
8177,1.637672
8178,-1.892418
8179,0.077294
8180,1.683221
8181,1.611897
8182,0.747854
8183,-0.057518
8184,1.317567
8185,-0.085811
8186,0.660983
8187,-1.420992
8188,-1.689120
8189,0.798374
8190,-0.228504
8191,-0.063940
8192,0.182656
8193,-2.204769
8194,0.832449
8195,0.331356
8196,-0.203662
8197,-0.023669
8198,2.094968
8199,0.330658
8200,0.786187
8201,-0.153730
8202,1.185920
8203,0.459845
8204,-0.116580
8205,-0.514009
8206,-0.402940
8207,2.185529
8208,-1.320804
8209,0.618246
8210,0.324135
8211,0.207482
8212,-0.297021
8213,0.540379
8214,0.987158
8215,-1.204277
8216,-0.053547
8217,-3.019966
8218,-0.506720
8219,0.920730
8220,-1.599175
8221,-1.796158
8222,0.055683
8223,-0.135624
8224,1.367976
8225,-0.473074
8226,-0.010004
8227,-0.683253
8228,-1.536023
8229,1.173335
8230,1.777443
8231,0.707462
8232,-0.485768
8233,-0.712212
8234,1.038651
8235,1.091624
8236,0.655253
8237,0.520459
8238,2.621754
8239,0.685362
8240,1.453853
8241,0.494761
8242,-0.707767
8243,0.328079
8244,-0.117396
8245,0.230618
8246,-2.565262
8247,1.148287
8248,1.389508
8249,2.624519
8250,0.349110
8251,-0.391946
8252,-0.027015
8253,-0.411372
8254,-0.150844
8255,1.113680
8256,1.341110
8257,-0.524207
8258,1.410811
8259,-0.175700
8260,0.096024
8261,1.661026
8262,-0.132655
8263,-0.600935
8264,-0.348056
8265,-1.006201
8266,0.969957
8267,1.219006
8268,-0.638946
8269,0.426618
8270,-1.247195
8271,0.605729
8272,-0.998970
8273,-0.987010
8274,-0.222886
8275,0.197222
8276,2.195959
8277,-0.170850
8278,-1.294868
8279,0.492519
8280,-0.360851
8281,-0.193880
8282,0.496767
8283,-0.418365
8284,-0.472764
8285,-1.106353
8286,-0.715358
8287,-0.525791
8288,-0.644711
8289,0.131674
8290,1.170820
8291,-0.687002
8292,0.119113
8293,0.083525
8294,-0.637755
8295,1.780769
8296,0.880114
8297,1.182218
8298,-1.525827
8299,-0.644624
8300,-0.393813
8301,-1.301314
8302,-1.156495
8303,-1.097556
8304,0.673201
8305,-0.252773
8306,1.396051
8307,0.312812
8308,0.610893
8309,1.026349
8310,-0.296637
8311,-1.056301
8312,-0.369741
8313,0.084624
8314,0.727148
8315,1.780237
8316,2.191271
8317,1.238817
8318,0.880788
8319,-0.793520
8320,-1.788941
8321,0.026332
8322,-0.961937
8323,0.176742
8324,0.371783
8325,0.383191
8326,-0.830212
8327,-0.629971
8328,0.604454
8329,-0.489630
8330,-0.671413
8331,1.934402
8332,0.681180
8333,-0.893260
8334,-0.357832
8335,1.643123
8336,-1.596274
8337,-0.121021
8338,-1.429003
8339,-2.941155
8340,-0.496182
8341,1.809988
8342,0.330318
8343,0.070137
8344,-0.193147
8345,-0.406317
8346,1.262001
8347,1.213098
8348,0.206419
8349,-1.781276
8350,-0.487817
8351,-0.727499
8352,0.970108
8353,-0.990944
8354,0.869138
8355,-0.433428
8356,-0.734108
8357,-0.271488
8358,2.092034
8359,-0.520247
8360,-0.931924
8361,-1.202260
8362,0.061225
8363,-0.248544
8364,1.597158
8365,-0.209801
8366,-0.070336
8367,1.091060
8368,1.298383
8369,0.545486
8370,2.921175
8371,1.339289
8372,-0.264271
8373,-0.369267
8374,1.277806
8375,0.209704
8376,-0.418543
8377,-0.454987
8378,-2.088494
8379,-0.552953
8380,-1.460993
8381,0.106220
8382,-2.546140
8383,0.948468
8384,0.550340
8385,1.103660
8386,1.013087
8387,-1.141066
8388,0.591856
8389,0.347675
8390,-0.493304
8391,1.204414
8392,-0.983253
8393,-0.858180
8394,-0.605684
8395,-0.225711
8396,0.090900
8397,0.297997
8398,-0.322840
8399,2.810875
8400,0.406759
8401,0.096399
8402,-0.176967
8403,0.471545
8404,0.951612
8405,0.456051
8406,-0.051960
8407,-0.851007
8408,-0.722992
8409,0.212806
8410,-0.096058
8411,0.914805
8412,-1.116605
8413,-0.129617
8414,0.103506
8415,0.074142
8416,-0.636373
8417,-0.988520
8418,-0.268366
8419,-1.765466
8420,0.757900
8421,-1.526914
8422,-1.382384
8423,-2.019783
8424,-1.299442
8425,0.397638
8426,-0.653824
8427,0.606505
8428,0.696109
8429,1.579359
8430,0.536799
8431,-0.242207
8432,-0.063946
8433,-0.096871
8434,-0.720558
8435,0.407112
8436,-1.826979
8437,2.049503
8438,1.757975
8439,0.784700
8440,-0.030663
8441,-1.469421
8442,0.051715
8443,1.726404
8444,1.046523
8445,0.592938
8446,-0.187559
8447,0.081102
8448,0.178843
8449,1.266332
8450,-1.088942
8451,-0.731488
8452,0.097561
8453,1.112773
8454,-0.402551
8455,1.086856
8456,-0.254846
8457,0.544993
8458,-0.694048
8459,0.740771
8460,-1.124949
8461,-0.134426
8462,-0.941267
8463,0.721403
8464,-0.602629
8465,-0.248948
8466,0.557301
8467,-0.122213
8468,-1.137381
8469,-3.217564
8470,-1.541268
8471,0.010728
8472,1.158668
8473,0.884489
8474,-1.776935
8475,-2.109367
8476,-1.701809
8477,-0.957925
8478,-1.278627
8479,-0.616562
8480,0.075912
8481,-0.163467
8482,-1.820711
8483,1.275323
8484,-0.007038
8485,-1.373478
8486,0.889794
8487,-0.394177
8488,0.025947
8489,0.751781
8490,-1.057883
8491,-0.690996
8492,-1.121418
8493,-1.327952
8494,1.226737
8495,-0.021341
8496,-0.589953
8497,-1.215983
8498,-2.218554
8499,-0.434367
8500,1.154524
8501,-0.217062
8502,-0.459855
8503,1.127005
8504,0.429945
8505,-0.106637
8506,0.320310
8507,-0.316376
8508,1.184441
8509,1.090604
8510,0.390220
8511,0.900125
8512,1.353781
8513,-0.543913
8514,-0.469036
8515,0.532689
8516,0.373184
8517,0.104823
8518,0.180902
8519,-0.579844
8520,-0.588176
8521,0.885593
8522,-0.465590
8523,-0.645701
8524,-0.300001
8525,0.964634
8526,0.346709
8527,0.934559
8528,0.645287
8529,1.094229
8530,0.178162
8531,-1.031527
8532,0.027106
8533,-1.926115
8534,0.056430
8535,0.776511
8536,-0.941570
8537,-0.884524
8538,-0.951723
8539,1.100050
8540,-1.485352
8541,0.927007
8542,-0.519347
8543,-0.139379
8544,0.188029
8545,-0.387747
8546,-0.332481
8547,-0.265078
8548,2.167895
8549,0.738880
8550,-0.320733
8551,-0.556202
8552,1.310887
8553,-0.429968
8554,-1.476043
8555,1.583676
8556,2.343857
8557,1.592805
8558,1.269037
8559,-0.230488
8560,-0.047230
8561,-0.314298
8562,-1.640991
8563,0.924135
8564,0.459903
8565,0.084371
8566,-1.153070
8567,-0.219509
8568,0.077926
8569,-0.568122
8570,0.040664
8571,-0.069339
8572,-0.337214
8573,-1.595846
8574,0.521608
8575,-0.721952
8576,0.936667
8577,0.502578
8578,-0.315174
8579,0.331298
8580,-0.624312
8581,2.266342
8582,-0.001405
8583,-1.635538
8584,-0.686823
8585,-1.135160
8586,-2.243528
8587,-1.601821
8588,-0.774317
8589,-0.312380
8590,0.501975
8591,0.270009
8592,-0.532693
8593,0.685626
8594,0.252610
8595,-0.222854
8596,-0.260028
8597,-0.298387
8598,1.147557
8599,-1.371277
8600,-0.568660
8601,0.237287
8602,-1.005486
8603,1.008937
8604,-0.801137
8605,-1.344115
8606,-1.563489
8607,-0.669304
8608,0.527731
8609,1.472188
8610,1.683551
8611,1.064572
8612,0.743669
8613,-0.316953
8614,0.050772
8615,0.794502
8616,-0.157056
8617,-0.351462
8618,0.107013
8619,0.741523
8620,1.353248
8621,0.565216
8622,0.599312
8623,-0.662304
8624,1.044912
8625,1.913618
8626,2.158109
8627,-0.347230
8628,1.240253
8629,0.704667
8630,-0.630358
8631,-2.245846
8632,-2.832991
8633,-0.885412
8634,1.224304
8635,-1.461901
8636,-0.859849
8637,1.437590
8638,0.420210
8639,-0.913696
8640,-0.846819
8641,0.871718
8642,1.112602
8643,1.363013
8644,1.069457
8645,-0.202049
8646,1.232920
8647,0.009601
8648,-1.847701
8649,-1.654652
8650,-0.781422
8651,1.277124
8652,1.115404
8653,1.177991
8654,2.477032
8655,0.287558
8656,0.335174
8657,0.684922
8658,-0.309430
8659,-0.073542
8660,2.311340
8661,-0.604953
8662,-1.512613
8663,-1.123815
8664,-0.056068
8665,-2.210301
8666,-1.184069
8667,-1.372709
8668,-1.542723
8669,0.077643
8670,0.092033
8671,-0.746847
8672,-1.601256
8673,0.254122
8674,0.504194
8675,-1.281293
8676,-0.747969
8677,0.297640
8678,-0.051409
8679,0.986908
8680,-0.594939
8681,1.115116
8682,-0.028295
8683,0.905995
8684,-0.832757
8685,-1.055166
8686,0.888513
8687,1.234869
8688,1.158147
8689,-0.612422
8690,-0.008241
8691,-0.650315
8692,-1.153165
8693,1.009596
8694,-0.413011
8695,-0.620354
8696,1.387076
8697,0.930141
8698,-0.063377
8699,0.167262
8700,0.668361
8701,0.587102
8702,0.433322
8703,1.734769
8704,1.097261
8705,-1.034958
8706,-1.672381
8707,0.417414
8708,1.849288
8709,1.878446
8710,-1.255879
8711,1.534875
8712,-1.275839
8713,-0.698552
8714,1.242028
8715,0.676112
8716,-1.016176
8717,1.707646
8718,0.506938
8719,-0.136760
8720,-1.158590
8721,-1.844542
8722,0.443761
8723,0.346704
8724,0.882650
8725,1.793871
8726,-1.350779
8727,-0.726625
8728,-2.043353
8729,-1.407463
8730,-0.127682
8731,-1.834914
8732,-1.191198
8733,0.652292
8734,0.357102
8735,-0.251515
8736,-1.067075
8737,-0.678789
8738,-2.057560
8739,-0.288538
8740,-1.165243
8741,1.006712
8742,0.464975
8743,1.098340
8744,-0.131357
8745,-0.370059
8746,-0.317599
8747,0.844136
8748,0.870726
8749,-0.613439
8750,-0.931170
8751,-0.499520
8752,-2.200520
8753,0.585827
8754,0.260134
8755,-0.431785
8756,-0.067826
8757,0.476158
8758,-0.504461
8759,-0.153109
8760,-1.940976
8761,-1.860893
8762,0.017218
8763,-0.200480
8764,-0.994847
8765,2.511815
8766,1.605297
8767,0.895215
8768,-0.052517
8769,0.253372
8770,0.287689
8771,2.142967
8772,0.357458
8773,0.198551
8774,-0.395214
8775,0.853510
8776,0.887875
8777,-0.208574
8778,0.582287
8779,-0.894745
8780,-1.191840
8781,0.210467
8782,1.406016
8783,0.435075
8784,-0.377139
8785,-1.297104
8786,0.108304
8787,-1.679660
8788,0.825450
8789,-1.433211
8790,-0.448319
8791,-1.439713
8792,-0.591459
8793,-0.702975
8794,-2.539811
8795,1.578519
8796,1.061869
8797,0.282646
8798,1.513581
8799,-0.228473
8800,-0.173743
8801,1.547583
8802,-0.280521
8803,1.134720
8804,-0.408464
8805,-1.169452
8806,2.699113
8807,0.490063
8808,2.290857
8809,0.407415
8810,1.523862
8811,1.139630
8812,0.594150
8813,0.337089
8814,-0.798273
8815,-0.530705
8816,-2.657151
8817,-1.067164
8818,-1.080240
8819,0.404923
8820,-1.386855
8821,-0.415452
8822,0.386129
8823,-0.562384
8824,-1.613185
8825,-0.892940
8826,0.891824
8827,-0.709417
8828,-0.989188
8829,-1.780481
8830,0.311595
8831,0.034321
8832,0.955907
8833,1.232685
8834,-1.082962
8835,0.412994
8836,-0.985852
8837,-0.651562
8838,-0.773213
8839,-1.511736
8840,-0.521953
8841,1.103965
8842,0.170906
8843,0.544715
8844,1.271964
8845,0.447742
8846,2.239420
8847,0.702069
8848,0.772020
8849,0.698391
8850,-0.234364
8851,-0.420646
8852,-0.691784
8853,0.956279
8854,-0.201844
8855,-1.636420
8856,1.302828
8857,0.958745
8858,-0.288302
8859,-2.118320
8860,0.166713
8861,1.424095
8862,-0.225095
8863,0.879062
8864,1.347329
8865,-0.075515
8866,-0.322532
8867,-0.102894
8868,0.809309
8869,1.473640
8870,-0.515516
8871,-0.015134
8872,0.382479
8873,-0.812895
8874,1.530144
8875,1.076297
8876,0.669569
8877,1.816451
8878,2.416366
8879,0.413108
8880,-1.571010
8881,0.031982
8882,-1.463068
8883,0.010263
8884,0.781065
8885,1.508436
8886,-0.206674
8887,0.618852
8888,1.759433
8889,0.261019
8890,0.747119
8891,1.745784
8892,0.191042
8893,-0.079145
8894,0.313870
8895,-1.371123
8896,-0.758946
8897,-1.303778
8898,0.563189
8899,0.061093
8900,0.325594
8901,1.155559
8902,0.143380
8903,-0.744119
8904,1.420870
8905,-0.739632
8906,-1.842456
8907,-1.308353
8908,-0.162965
8909,0.661687
8910,-0.939542
8911,-0.784273
8912,-0.769102
8913,-1.406020
8914,-0.742789
8915,0.761496
8916,-0.175529
8917,1.277126
8918,-1.172349
8919,0.046221
8920,-0.057414
8921,-1.120939
8922,-0.457534
8923,0.403878
8924,-0.881653
8925,-1.034872
8926,0.749322
8927,-0.855708
8928,1.244792
8929,1.892411
8930,0.456625
8931,3.157380
8932,2.240999
8933,0.336888
8934,-0.599465
8935,-0.514259
8936,-1.245772
8937,-0.139558
8938,-0.719386
8939,0.147903
8940,-1.021493
8941,1.798767
8942,0.874764
8943,-2.114639
8944,-1.805497
8945,-1.925387
8946,-0.797617
8947,-0.813550
8948,-1.115581
8949,-0.006068
8950,0.285666
8951,1.278328
8952,1.648314
8953,-0.151965
8954,0.711043
8955,1.062689
8956,1.394589
8957,1.467839
8958,-0.495536
8959,-0.758709
8960,0.269376
8961,-0.497492
8962,-0.911761
8963,0.232217
8964,-0.480263
8965,-1.486130
8966,-1.108498
8967,-0.120240
8968,0.010613
8969,-1.105502
8970,0.701481
8971,-1.073643
8972,0.454321
8973,-1.601823
8974,0.081242
8975,0.396928
8976,-0.710166
8977,-1.767190
8978,0.849628
8979,-0.158782
8980,2.525066
8981,-0.453296
8982,0.019378
8983,0.271827
8984,0.905701
8985,1.485873
8986,0.058024
8987,-0.394071
8988,-1.367766
8989,-0.333603
8990,1.507382
8991,-1.056907
8992,-1.421295
8993,0.948372
8994,-0.272986
8995,-1.447735
8996,-2.225383
8997,0.417205
8998,-0.363413
8999,0.288560
9000,0.595770
9001,2.133639
9002,1.573352
9003,0.748468
9004,0.941873
9005,-0.005593
9006,0.681993
9007,-0.273509
9008,1.694560
9009,0.289151
9010,1.079709
9011,-1.383615
9012,0.800562
9013,0.937728
9014,0.109747
9015,-1.023498
9016,-1.041938
9017,-0.300413
9018,-0.229699
9019,1.804034
9020,-0.274547
9021,-1.178352
9022,0.382685
9023,-1.902366
9024,0.008357
9025,-0.589866
9026,-1.104085
9027,-0.191569
9028,-0.333774
9029,-1.898011
9030,0.759376
9031,-0.938400
9032,-0.227418
9033,0.009432
9034,-1.361434
9035,-2.122484
9036,0.044280
9037,-1.970309
9038,-0.628561
9039,0.603369
9040,-0.391328
9041,-0.075290
9042,1.845529
9043,1.256049
9044,1.118668
9045,-0.383986
9046,0.665274
9047,0.514205
9048,-1.053279
9049,1.783716
9050,-0.710815
9051,1.368374
9052,-0.402202
9053,-0.372575
9054,-1.027094
9055,-0.775360
9056,0.294517
9057,-0.054902
9058,1.110042
9059,0.813908
9060,0.014065
9061,-0.581340
9062,-0.107177
9063,0.516853
9064,1.165980
9065,2.410184
9066,2.602277
9067,1.129181
9068,1.906320
9069,0.559413
9070,-0.449625
9071,0.161084
9072,0.688107
9073,0.380486
9074,-0.307204
9075,0.612147
9076,2.047336
9077,0.399737
9078,-0.639032
9079,-0.790091
9080,-0.687017
9081,-2.350837
9082,0.026412
9083,-1.021098
9084,0.456235
9085,-0.531106
9086,0.052528
9087,-0.365743
9088,-0.460245
9089,0.030524
9090,1.509348
9091,0.314764
9092,0.984667
9093,1.944908
9094,1.992619
9095,2.427575
9096,0.334130
9097,0.277644
9098,0.040962
9099,-0.719061
9100,0.391966
9101,1.108852
9102,0.055465
9103,-0.416860
9104,-0.327818
9105,0.444936
9106,1.538317
9107,0.574968
9108,-1.624141
9109,-1.785372
9110,1.738254
9111,0.566724
9112,-0.876397
9113,-0.415335
9114,1.112688
9115,0.010093
9116,1.088591
9117,-0.044939
9118,-2.061193
9119,-0.475060
9120,0.194418
9121,0.708087
9122,-0.134647
9123,0.186544
9124,0.370164
9125,-0.844118
9126,0.046721
9127,-0.577400
9128,-1.469879
9129,-0.402927
9130,-1.413227
9131,-1.220567
9132,1.317985
9133,0.061728
9134,1.410761
9135,-0.206318
9136,-0.162500
9137,0.927227
9138,0.939610
9139,2.345898
9140,-1.234715
9141,0.515910
9142,1.123817
9143,-0.300734
9144,0.525681
9145,0.140294
9146,2.064755
9147,-0.388963
9148,-1.718795
9149,-0.764499
9150,-0.295566
9151,0.450295
9152,0.375199
9153,0.151575
9154,-2.160815
9155,-1.251870
9156,-0.119990
9157,-1.468758
9158,-0.322625
9159,0.224012
9160,-0.484507
9161,-1.214213
9162,-0.627952
9163,-0.157161
9164,0.576302
9165,0.404544
9166,2.007648
9167,1.571604
9168,-0.488082
9169,0.818090
9170,2.172013
9171,1.298810
9172,0.362343
9173,-0.351602
9174,-0.983640
9175,-1.995668
9176,0.193583
9177,1.195659
9178,-0.201234
9179,0.371077
9180,0.180908
9181,0.523204
9182,-0.480653
9183,0.558665
9184,-0.196255
9185,0.524938
9186,-0.443233
9187,-0.455139
9188,-0.339231
9189,-0.780122
9190,-0.902437
9191,0.032774
9192,-0.257541
9193,-0.479844
9194,1.741145
9195,0.877022
9196,0.301052
9197,-0.180386
9198,1.458797
9199,0.288275
9200,-0.515424
9201,-0.287121
9202,-0.272490
9203,1.668713
9204,-1.112303
9205,1.634236
9206,0.390659
9207,0.315495
9208,-0.124581
9209,-1.175906
9210,0.966192
9211,0.468121
9212,1.389015
9213,2.300635
9214,0.740122
9215,0.077890
9216,-1.139590
9217,0.573961
9218,-0.970937
9219,-0.377546
9220,0.609344
9221,1.028260
9222,0.208394
9223,-1.050955
9224,0.248864
9225,-2.393724
9226,0.334659
9227,0.339387
9228,-0.244968
9229,0.841794
9230,2.109197
9231,0.999725
9232,0.270611
9233,-0.386690
9234,0.927152
9235,2.378911
9236,2.643341
9237,1.766064
9238,0.029103
9239,0.782789
9240,0.096036
9241,0.755881
9242,-0.466155
9243,1.092773
9244,0.986284
9245,-0.161794
9246,-0.298364
9247,0.499030
9248,0.241986
9249,0.229233
9250,-1.025087
9251,0.218982
9252,0.410498
9253,-2.485703
9254,-1.398739
9255,0.324061
9256,-0.885058
9257,0.409764
9258,-0.042508
9259,-1.433294
9260,1.007624
9261,0.963285
9262,-0.702305
9263,0.782013
9264,1.068909
9265,1.254976
9266,0.346257
9267,0.121574
9268,0.529329
9269,-1.036246
9270,-0.872130
9271,-0.699937
9272,-0.219888
9273,-0.184928
9274,1.711950
9275,1.847420
9276,-0.679384
9277,0.159102
9278,0.756972
9279,-1.049789
9280,-1.453453
9281,-0.206588
9282,-1.492338
9283,-1.187616
9284,-1.126783
9285,1.366375
9286,0.886876
9287,-0.810935
9288,0.179344
9289,-0.483881
9290,-0.175238
9291,0.129191
9292,1.206316
9293,0.135918
9294,0.270208
9295,-0.540869
9296,-0.013857
9297,0.270546
9298,-0.817095
9299,0.020078
9300,-0.263076
9301,-0.671632
9302,1.638409
9303,0.669601
9304,-1.394557
9305,-1.339348
9306,0.324118
9307,0.713736
9308,2.278426
9309,1.322948
9310,1.029577
9311,0.745576
9312,-0.305342
9313,-0.166446
9314,0.070100
9315,0.982836
9316,0.410216
9317,2.053849
9318,-0.864541
9319,0.012318
9320,-1.275423
9321,-1.772262
9322,-0.079854
9323,-1.030582
9324,-0.992022
9325,-1.946982
9326,-0.527175
9327,0.798523
9328,-0.525721
9329,-1.457838
9330,-1.212733
9331,-1.486630
9332,-0.337065
9333,-0.027484
9334,0.650683
9335,1.293496
9336,0.087809
9337,-0.641634
9338,0.153019
9339,2.647395
9340,0.167398
9341,1.633062
9342,-1.601018
9343,-0.682745
9344,-0.266089
9345,-1.018257
9346,0.078075
9347,-0.198206
9348,0.505451
9349,1.683253
9350,0.625799
9351,0.732639
9352,0.466284
9353,1.561701
9354,-0.201238
9355,0.583604
9356,0.189158
9357,0.922612
9358,0.512538
9359,0.952266
9360,0.360177
9361,-1.107028
9362,2.067593
9363,-1.246444
9364,-0.695784
9365,-1.079851
9366,0.635723
9367,0.450055
9368,0.517308
9369,-0.035413
9370,1.130447
9371,-0.863647
9372,0.624231
9373,0.365887
9374,2.470564
9375,-0.054397
9376,-2.310783
9377,-2.590066
9378,0.324589
9379,-1.458252
9380,1.412955
9381,1.258243
9382,-0.448704
9383,0.081237
9384,0.718933
9385,0.997393
9386,0.414076
9387,1.052033
9388,-1.455779
9389,-0.036887
9390,0.220002
9391,-1.024922
9392,0.649207
9393,0.251336
9394,-0.128256
9395,-1.707557
9396,-0.132833
9397,0.758195
9398,2.118744
9399,0.539939
9400,0.977758
9401,1.604164
9402,0.848487
9403,0.368119
9404,1.237327
9405,1.569788
9406,0.829608
9407,-0.570171
9408,0.705363
9409,0.159648
9410,1.230808
9411,-0.394335
9412,1.595114
9413,1.875361
9414,0.748455
9415,1.027051
9416,0.009306
9417,-0.200129
9418,0.468433
9419,-0.972364
9420,-0.319207
9421,0.315834
9422,-0.437340
9423,0.578054
9424,-0.166642
9425,0.735636
9426,-0.600201
9427,1.266920
9428,0.782245
9429,0.765822
9430,0.655896
9431,0.052451
9432,-0.198239
9433,-0.700008
9434,1.346750
9435,-0.808243
9436,1.657037
9437,-0.158609
9438,0.144729
9439,-2.476128
9440,-1.063572
9441,-0.978571
9442,-0.023739
9443,2.288750
9444,1.051090
9445,-0.350107
9446,-1.022668
9447,-0.271999
9448,-1.232888
9449,0.154209
9450,-0.616043
9451,-0.499503
9452,0.748065
9453,-0.178173
9454,0.001694
9455,0.952855
9456,0.870265
9457,2.436905
9458,0.570178
9459,0.568050
9460,0.680914
9461,-2.340503
9462,-1.407536
9463,-1.368347
9464,-0.462402
9465,-0.432903
9466,-0.133340
9467,-0.025520
9468,2.644614
9469,1.536841
9470,-0.587544
9471,0.305796
9472,1.430702
9473,0.374415
9474,0.486867
9475,-0.621692
9476,0.072268
9477,-0.418784
9478,-1.902212
9479,-0.546807
9480,1.486193
9481,-0.002860
9482,-0.444205
9483,-1.276935
9484,-0.785938
9485,-0.597373
9486,-0.674885
9487,-0.180037
9488,0.795595
9489,0.027369
9490,-0.326121
9491,1.714089
9492,-0.560203
9493,-0.375344
9494,-0.106346
9495,-0.284190
9496,0.313549
9497,-0.284017
9498,0.506740
9499,0.108452
9500,-0.076588
9501,0.895429
9502,0.312862
9503,0.557938
9504,2.632770
9505,1.135179
9506,0.618992
9507,1.714365
9508,0.539060
9509,0.664757
9510,0.198782
9511,0.557325
9512,2.235964
9513,0.280861
9514,1.736455
9515,0.903113
9516,0.446724
9517,-0.087597
9518,-2.276825
9519,-1.104089
9520,0.975910
9521,1.999216
9522,1.429419
9523,1.158300
9524,-0.751169
9525,0.222130
9526,-1.456114
9527,1.235734
9528,2.619275
9529,0.724867
9530,0.564280
9531,-1.178974
9532,-1.929969
9533,-0.335000
9534,0.247007
9535,-0.819779
9536,0.087271
9537,-0.365227
9538,1.168487
9539,0.529821
9540,0.065263
9541,2.601894
9542,-0.764024
9543,-1.531565
9544,-1.570703
9545,0.450553
9546,1.172296
9547,2.092640
9548,0.945850
9549,-1.231495
9550,0.543168
9551,-0.403954
9552,-0.804063
9553,0.738747
9554,-2.194457
9555,0.227633
9556,1.181304
9557,-0.033665
9558,0.195891
9559,0.129612
9560,1.469545
9561,0.163911
9562,-1.168097
9563,0.356875
9564,0.584121
9565,-0.246424
9566,-0.348641
9567,-0.080007
9568,-0.411345
9569,-1.470933
9570,0.457368
9571,-0.354402
9572,0.820597
9573,-0.849677
9574,-0.732869
9575,-0.927619
9576,1.121590
9577,-0.398857
9578,-0.963438
9579,-0.536412
9580,0.384515
9581,-0.511773
9582,-2.147632
9583,0.705651
9584,-0.733093
9585,0.652282
9586,-0.553672
9587,-0.511747
9588,0.582690
9589,0.609788
9590,0.542442
9591,-0.159169
9592,-0.446838
9593,-0.460475
9594,-0.086120
9595,0.169315
9596,1.134033
9597,-0.601044
9598,-1.590813
9599,-1.158540
9600,-0.992498
9601,1.351231
9602,2.410273
9603,2.191107
9604,0.754082
9605,-1.112092
9606,1.630823
9607,-1.272418
9608,0.502388
9609,0.069756
9610,-1.042784
9611,1.424170
9612,1.163078
9613,1.581701
9614,0.075553
9615,0.439534
9616,1.897808
9617,-0.293958
9618,0.032272
9619,0.426192
9620,1.057870
9621,0.120371
9622,-0.266583
9623,0.328986
9624,1.529525
9625,-1.379592
9626,1.527714
9627,-0.829497
9628,-0.338549
9629,-0.522613
9630,1.471002
9631,1.351649
9632,-0.783100
9633,1.850965
9634,1.474646
9635,0.362998
9636,2.044272
9637,-0.522135
9638,-0.429603
9639,1.130923
9640,0.997965
9641,-0.830395
9642,-1.750889
9643,-1.473983
9644,1.443073
9645,-0.447936
9646,0.039704
9647,-1.726911
9648,-0.713925
9649,-0.542066
9650,-1.433849
9651,-0.789628
9652,1.157588
9653,0.821999
9654,2.637070
9655,1.875329
9656,0.383569
9657,1.162113
9658,1.246272
9659,0.542305
9660,-0.017689
9661,0.207945
9662,-0.404517
9663,0.539610
9664,1.166535
9665,0.661326
9666,0.096355
9667,-1.536080
9668,-1.719866
9669,0.540116
9670,0.578752
9671,-1.011621
9672,-0.886563
9673,0.138821
9674,-0.252576
9675,-0.754484
9676,1.305559
9677,-0.765429
9678,0.473738
9679,-0.223690
9680,-0.844136
9681,1.466145
9682,-0.151022
9683,0.449925
9684,1.635298
9685,-1.297386
9686,0.189269
9687,0.523477
9688,1.547585
9689,1.322573
9690,-0.846751
9691,0.008086
9692,0.699025
9693,-0.153505
9694,1.175926
9695,0.105323
9696,0.166666
9697,1.309385
9698,0.809155
9699,-1.068774
9700,-1.613372
9701,-1.798387
9702,0.023236
9703,2.218401
9704,0.183048
9705,-0.053989
9706,-1.552127
9707,0.366641
9708,1.208692
9709,0.174932
9710,0.387179
9711,0.260609
9712,-0.978369
9713,-1.144026
9714,-0.165986
9715,-1.476362
9716,0.191922
9717,0.021497
9718,-1.521191
9719,1.531379
9720,-0.554775
9721,0.389252
9722,0.635057
9723,1.703199
9724,0.903400
9725,1.437100
9726,0.226533
9727,-1.293193
9728,-0.340442
9729,-0.037974
9730,0.040887
9731,1.540028
9732,2.168995
9733,0.392247
9734,0.729736
9735,1.022372
9736,0.388442
9737,1.096828
9738,-1.727564
9739,0.181235
9740,0.218814
9741,-0.360478
9742,0.004521
9743,-0.228931
9744,-1.083222
9745,-1.523035
9746,-0.222999
9747,1.797428
9748,0.139815
9749,0.482061
9750,-0.321418
9751,0.415935
9752,-0.903132
9753,-0.972006
9754,0.638260
9755,-0.567438
9756,1.189121
9757,0.933647
9758,0.150208
9759,0.254508
9760,0.887847
9761,0.304025
9762,0.541136
9763,-0.211609
9764,-3.504387
9765,1.278604
9766,0.239033
9767,-0.124913
9768,-2.338723
9769,0.800468
9770,0.211373
9771,-2.329397
9772,-1.889000
9773,0.348718
9774,-1.087363
9775,-0.941471
9776,1.222598
9777,-0.292659
9778,-0.113998
9779,-0.831510
9780,-0.424671
9781,-0.286909
9782,-0.652590
9783,2.697883
9784,0.928981
9785,-1.564821
9786,0.570127
9787,1.172114
9788,0.936240
9789,0.864108
9790,-0.779758
9791,-0.007907
9792,-0.768680
9793,1.311730
9794,0.785374
9795,0.567718
9796,-0.400579
9797,-0.939754
9798,-0.231124
9799,0.552248
9800,1.021676
9801,0.032105
9802,-1.285774
9803,0.284851
9804,0.390306
9805,2.879166
9806,1.978070
9807,2.255542
9808,1.139497
9809,0.432572
9810,0.101233
9811,0.988292
9812,1.031278
9813,0.700248
9814,0.371295
9815,0.341714
9816,-0.925715
9817,-1.178287
9818,-0.104826
9819,-0.731379
9820,-0.980536
9821,0.541001
9822,0.176741
9823,0.626001
9824,1.740166
9825,1.798996
9826,1.384456
9827,-0.038800
9828,-0.357843
9829,-0.432474
9830,-1.153373
9831,-1.918726
9832,-0.980596
9833,0.005981
9834,-0.633154
9835,-0.405092
9836,-0.653462
9837,-0.451486
9838,-0.119926
9839,2.578024
9840,0.452072
9841,-0.095877
9842,-0.311371
9843,0.408567
9844,-0.094198
9845,0.757941
9846,-0.598680
9847,-0.391592
9848,-2.072644
9849,0.854901
9850,1.286131
9851,-0.250661
9852,2.547802
9853,0.461428
9854,0.352911
9855,0.171782
9856,0.422034
9857,-0.748265
9858,-0.131720
9859,-1.070726
9860,0.335022
9861,2.257426
9862,-1.287355
9863,-0.151431
9864,-0.112125
9865,-0.644672
9866,-1.440156
9867,-0.465748
9868,-0.318776
9869,0.710343
9870,1.432805
9871,0.325813
9872,-2.266619
9873,-1.758095
9874,-0.375029
9875,0.657489
9876,-0.357928
9877,0.544074
9878,1.087392
9879,0.448616
9880,0.585664
9881,0.093364
9882,0.514784
9883,0.899482
9884,-1.622716
9885,-1.014425
9886,-0.793003
9887,-0.727079
9888,1.326064
9889,1.344183
9890,-0.034314
9891,-0.071166
9892,0.002330
9893,-0.911881
9894,-1.018481
9895,1.205727
9896,0.500209
9897,-0.422296
9898,-0.301274
9899,1.706409
9900,-0.521728
9901,0.421189
9902,-0.075226
9903,1.917831
9904,0.737764
9905,0.165715
9906,2.041052
9907,1.975107
9908,0.569851
9909,1.412198
9910,1.809978
9911,0.785689
9912,-0.651329
9913,-0.990321
9914,1.222489
9915,-0.203508
9916,-0.712582
9917,1.298350
9918,0.886560
9919,0.566064
9920,0.153399
9921,1.418670
9922,0.946308
9923,0.116171
9924,0.656471
9925,0.224669
9926,-0.433325
9927,-1.671873
9928,-1.798510
9929,-2.315302
9930,0.561487
9931,-0.131929
9932,-1.570150
9933,-0.064856
9934,-0.692273
9935,-1.222757
9936,-3.068077
9937,-0.568849
9938,0.906222
9939,0.135519
9940,-3.298945
9941,0.428378
9942,1.126933
9943,0.787875
9944,1.001586
9945,-0.877968
9946,-0.413774
9947,-0.418321
9948,0.075981
9949,1.910224
9950,0.621402
9951,1.562883
9952,-0.604339
9953,1.379327
9954,1.272376
9955,2.670371
9956,2.077651
9957,1.030688
9958,-0.113736
9959,-0.749969
9960,0.965500
9961,0.283347
9962,0.797819
9963,0.365584
9964,-1.052758
9965,-0.299490
9966,-1.060898
9967,-0.665293
9968,-1.001059
9969,-0.522110
9970,1.608652
9971,0.379297
9972,0.274880
9973,0.333736
9974,-1.747796
9975,-2.408176
9976,-0.722153
9977,-1.841208
9978,-0.612884
9979,-0.680828
9980,-0.064682
9981,0.854075
9982,1.384081
9983,-1.982083
9984,-0.158173
9985,1.722108
9986,0.279434
9987,-2.968543
9988,-2.251661
9989,0.221641
9990,-0.283262
9991,0.223296
9992,-0.221804
9993,-0.459874
9994,-1.088007
9995,-1.654156
9996,-0.066581
9997,0.057386
9998,-0.894010
9999,0.691353
10000,0.250946
10001,-0.284335
10002,0.233793
10003,1.169203
10004,-1.343499
10005,1.551033
10006,1.454913
10007,1.541902
10008,-0.211888
10009,-0.200976
10010,0.082749
10011,-0.959364
10012,-0.272916
10013,-0.211829
10014,-0.354118
10015,-1.032685
10016,-0.292022
10017,0.716257
10018,-0.338320
10019,0.533650
10020,1.026652
10021,-0.219583
10022,0.556021
10023,0.008204
10024,-1.485545
10025,-1.877003
10026,-0.061166
10027,0.805063
10028,-0.454122
10029,-0.855258
10030,0.776250
10031,0.366325
10032,1.029106
10033,1.211222
10034,2.236633
10035,-0.291792
10036,2.035856
10037,-0.414157
10038,-2.079304
10039,-1.532371
10040,0.509024
10041,2.685036
10042,0.083022
10043,-0.125895
10044,-2.249355
10045,0.000876
10046,0.635731
10047,0.989907
10048,1.244127
10049,0.018300
10050,0.290699
10051,-0.359827
10052,0.052943
10053,-1.243874
10054,0.052917
10055,0.377686
10056,0.309908
10057,-0.003016
10058,1.328901
10059,-0.976144
10060,-0.938888
10061,1.201596
10062,-0.302698
10063,-0.796805
10064,0.259913
10065,0.675353
10066,-1.369038
10067,0.034288
10068,2.216791
10069,0.213696
10070,0.972006
10071,2.277734
10072,0.619691
10073,-1.246226
10074,-0.386112
10075,-0.351317
10076,0.771072
10077,-1.096449
10078,-1.706242
10079,0.018889
10080,-0.850031
10081,-0.771773
10082,0.932791
10083,2.215593
10084,-0.203743
10085,1.043535
10086,0.558850
10087,-0.678092
10088,-0.060437
10089,-0.405876
10090,-0.090731
10091,0.545822
10092,-1.343833
10093,-0.570601
10094,-0.176453
10095,-0.084124
10096,-0.997584
10097,-1.732948
10098,-1.150786
10099,-0.171877
10100,1.014561
10101,-2.568148
10102,-1.954314
10103,-0.563256
10104,1.027258
10105,-0.782974
10106,-0.265070
10107,1.034832
10108,0.398889
10109,1.972977
10110,1.729046
10111,3.067162
10112,-0.884447
10113,1.001427
10114,-0.041796
10115,0.121326
10116,-1.742548
10117,0.316321
10118,-0.729420
10119,0.596148
10120,-0.617309
10121,-0.046242
10122,-0.287487
10123,0.734690
10124,-1.124232
10125,-3.132647
10126,2.233525
10127,1.532559
10128,0.515059
10129,-0.887094
10130,1.123154
10131,1.531382
10132,0.029560
10133,-0.187509
10134,1.637345
10135,-0.108268
10136,-1.406388
10137,-0.291443
10138,-0.685700
10139,-0.768267
10140,-0.877151
10141,0.551981
10142,-1.422351
10143,-0.970958
10144,-0.798279
10145,-0.575160
10146,1.867209
10147,2.597198
10148,0.940625
10149,-0.940080
10150,-1.078051
10151,0.012136
10152,-0.158903
10153,0.190814
10154,0.003758
10155,-0.877125
10156,-1.579213
10157,-0.558194
10158,-1.461500
10159,-0.468092
10160,0.309321
10161,-0.935915
10162,1.161396
10163,-1.702850
10164,-2.886670
10165,-0.327045
10166,-0.356951
10167,-0.773885
10168,0.136798
10169,0.291381
10170,-0.822293
10171,0.823585
10172,0.398330
10173,1.343805
10174,2.267062
10175,-0.624687
10176,1.133759
10177,-1.017159
10178,-0.077098
10179,0.087865
10180,0.070363
10181,1.552350
10182,1.577333
10183,0.228540
10184,0.688307
10185,-1.019520
10186,0.139501
10187,0.803880
10188,2.787669
10189,1.706616
10190,-2.458052
10191,-0.558297
10192,0.466735
10193,0.134850
10194,1.542437
10195,0.840457
10196,0.505241
10197,0.508696
10198,0.000951
10199,-1.063387
10200,0.698023
10201,0.844369
10202,-0.702786
10203,0.420327
10204,-0.578664
10205,-0.010515
10206,-0.800477
10207,-0.443025
10208,-0.919752
10209,-0.652170
10210,-0.293971
10211,0.570226
10212,-1.235520
10213,-2.011571
10214,-1.229004
10215,1.110362
10216,-0.452370
10217,0.366165
10218,-0.292191
10219,-0.339152
10220,0.290280
10221,-0.808645
10222,-0.694240
10223,0.006992
10224,1.292495
10225,0.260699
10226,0.208167
10227,-0.287044
10228,0.734180
10229,0.736136
10230,-0.404428
10231,0.391291
10232,-0.009612
10233,0.611814
10234,0.673078
10235,-1.605641
10236,0.685303
10237,-0.123814
10238,-0.625459
10239,-0.015244
10240,1.007990
10241,1.324750
10242,2.052812
10243,1.057854
10244,0.047786
10245,-1.354943
10246,0.907502
10247,0.849007
10248,-1.274711
10249,1.479410
10250,1.379998
10251,0.375143
10252,-1.464022
10253,-1.267783
10254,1.789626
10255,-0.176312
10256,-0.371877
10257,-1.773402
10258,-1.541120
10259,-0.607731
10260,-1.889004
10261,-0.492279
10262,0.059639
10263,0.379182
10264,-1.139533
10265,1.308139
10266,-0.419850
10267,0.135323
10268,1.152539
10269,0.962964
10270,2.423278
10271,1.211544
10272,-1.654631
10273,0.005051
10274,0.019377
10275,0.274762
10276,0.313720
10277,0.610804
10278,1.386432
10279,-0.205448
10280,1.503719
10281,0.607452
10282,1.434862
10283,0.303953
10284,0.548743
10285,-0.956253
10286,-0.161006
10287,0.698253
10288,-0.747252
10289,1.062276
10290,-0.798951
10291,-1.991997
10292,-0.594634
10293,1.029217
10294,-0.612662
10295,0.539809
10296,1.583624
10297,0.321979
10298,-0.254533
10299,-1.713559
10300,-0.887869
10301,-0.550140
10302,-0.567954
10303,0.720197
10304,-1.481857
10305,0.059849
10306,-1.790831
10307,-0.587546
10308,-0.595585
10309,0.711357
10310,2.508083
10311,0.872525
10312,1.790337
10313,1.192751
10314,0.359147
10315,0.977849
10316,-0.586369
10317,-2.907460
10318,-0.444802
10319,-0.162931
10320,-0.077651
10321,0.138765
10322,1.296498
10323,-0.527440
10324,0.091862
10325,0.011896
10326,1.257573
10327,-0.930104
10328,-1.010839
10329,-0.188176
10330,-0.905763
10331,-0.354034
10332,1.702609
10333,1.364600
10334,0.420981
10335,0.447212
10336,0.236074
10337,-2.219862
10338,-1.018556
10339,-0.424427
10340,-0.151894
10341,-1.274156
10342,-0.811291
10343,-0.436967
10344,1.137739
10345,-0.258842
10346,1.337340
10347,-0.382784
10348,0.284487
10349,0.767069
10350,1.275724
10351,0.715231
10352,-0.432835
10353,-0.136731
10354,-0.255677
10355,-0.149300
10356,-0.775661
10357,-1.059049
10358,0.020951
10359,-0.456420
10360,-0.073217
10361,0.696173
10362,1.253066
10363,-0.427970
10364,0.207987
10365,-2.267066
10366,0.395593
10367,-1.884892
10368,-0.445757
10369,-0.128459
10370,-0.437803
10371,-0.081804
10372,-1.281786
10373,-2.414536
10374,-2.427309
10375,-0.141466
10376,-0.497751
10377,-0.113836
10378,0.008774
10379,1.488647
10380,-2.144917
10381,0.235545
10382,-1.276944
10383,-0.362702
10384,-0.818454
10385,0.127060
10386,-0.152677
10387,0.465292
10388,0.759307
10389,0.339251
10390,-1.573136
10391,-0.183238
10392,-0.468510
10393,-1.181475
10394,-0.505644
10395,-1.648634
10396,-0.944743
10397,0.273786
10398,-0.353011
10399,0.713842
10400,-0.114084
10401,0.065314
10402,1.555419
10403,-0.041847
10404,0.626037
10405,1.262665
10406,-0.943021
10407,-1.072712
10408,-2.211774
10409,-0.295601
10410,0.478430
10411,-0.676415
10412,-0.653322
10413,-0.089864
10414,1.458135
10415,1.215917
10416,-0.548849
10417,-0.170413
10418,-0.415630
10419,-0.594117
10420,-0.726879
10421,0.134420
10422,1.272158
10423,-0.438498
10424,-0.619732
10425,1.184130
10426,0.956422
10427,2.042906
10428,-0.996927
10429,-0.686747
10430,1.708357
10431,-0.736134
10432,1.754858
10433,2.207161
10434,0.406912
10435,0.648801
10436,1.101678
10437,-0.074998
10438,-0.026363
10439,1.228905
10440,1.234349
10441,-0.672516
10442,0.693705
10443,-0.884055
10444,-2.032351
10445,0.636657
10446,-0.135806
10447,0.248278
10448,0.909814
10449,1.812651
10450,-0.436044
10451,0.296468
10452,1.630137
10453,0.429589
10454,-0.254990
10455,0.048942
10456,-0.851220
10457,-0.253982
10458,-0.257451
10459,-1.068576
10460,-1.093258
10461,0.774984
10462,0.203738
10463,-0.996652
10464,0.583772
10465,-1.630522
10466,-2.951626
10467,0.387928
10468,-0.343132
10469,-1.225435
10470,2.875473
10471,1.579152
10472,0.210387
10473,-0.158238
10474,0.231279
10475,-0.652173
10476,-0.305944
10477,-0.686672
10478,0.250502
10479,-0.285724
10480,0.200193
10481,1.333207
10482,1.257542
10483,0.745777
10484,0.489262
10485,0.122730
10486,-0.088407
10487,0.764504
10488,0.933839
10489,-1.782427
10490,0.297796
10491,0.882419
10492,-1.576161
10493,-0.695794
10494,0.029015
10495,-0.888513
10496,0.068240
10497,0.113863
10498,-1.367251
10499,0.217294
10500,1.852221
10501,0.817747
10502,-1.217277
10503,-0.714533
10504,0.942681
10505,-0.365494
10506,-0.863155
10507,0.048840
10508,-0.209714
10509,-0.223022
10510,-0.316365
10511,-0.590778
10512,0.195168
10513,0.824690
10514,0.434966
10515,-1.777871
10516,1.782258
10517,-0.025431
10518,-1.008655
10519,1.618498
10520,-0.040018
10521,-0.738868
10522,0.177241
10523,-0.721029
10524,1.512275
10525,-1.572269
10526,0.074288
10527,0.050323
10528,-1.274156
10529,-0.175300
10530,0.946383
10531,0.738272
10532,1.092632
10533,0.956861
10534,-0.781695
10535,-2.909211
10536,-3.038236
10537,-0.484904
10538,-1.097738
10539,-0.556630
10540,0.451947
10541,-1.564745
10542,-0.089776
10543,-0.509629
10544,-0.646549
10545,0.499110
10546,-1.018644
10547,-0.627821
10548,0.130298
10549,-1.241479
10550,-0.435315
10551,0.542245
10552,1.226545
10553,-0.822299
10554,-1.600406
10555,-0.704914
10556,-0.585433
10557,0.264896
10558,0.343559
10559,0.378818
10560,0.311171
10561,-0.122175
10562,-0.079702
10563,-1.573834
10564,-0.606308
10565,-0.727819
10566,-0.771667
10567,-1.025284
10568,-0.094479
10569,-0.601481
10570,-0.800171
10571,-0.857687
10572,-0.664053
10573,0.274521
10574,-1.094994
10575,-1.848773
10576,0.747536
10577,0.458017
10578,-1.099458
10579,-1.690931
10580,-0.184132
10581,-1.347236
10582,-0.651968
10583,-1.175975
10584,-1.562577
10585,-1.485755
10586,1.760840
10587,0.606207
10588,-1.435406
10589,-0.508566
10590,-0.251236
10591,1.230840
10592,0.723354
10593,1.436000
10594,1.214527
10595,1.544516
10596,1.716087
10597,0.050478
10598,0.177837
10599,-0.538396
10600,0.589116
10601,0.080200
10602,0.190702
10603,1.653184
10604,2.145501
10605,-0.580985
10606,0.679095
10607,1.824270
10608,0.358513
10609,0.914585
10610,0.382821
10611,-0.350847
10612,-0.186151
10613,-1.664527
10614,1.760388
10615,0.077752
10616,-0.981519
10617,-1.446342
10618,-1.074138
10619,-1.176170
10620,-0.266850
10621,0.037572
10622,0.804917
10623,1.554380
10624,0.445060
10625,1.300133
10626,1.388885
10627,0.102693
10628,2.624573
10629,2.266614
10630,-0.927612
10631,0.293054
10632,-1.595251
10633,-1.646780
10634,-1.882824
10635,0.360209
10636,-0.711814
10637,0.985699
10638,-2.282693
10639,-0.484084
10640,-0.294341
10641,-0.668178
10642,1.188647
10643,-1.054669
10644,0.155963
10645,-0.596232
10646,-0.517744
10647,-0.009332
10648,-1.603405
10649,1.554039
10650,2.480382
10651,0.514246
10652,-0.460621
10653,0.270628
10654,1.579152
10655,-1.947268
10656,-1.338920
10657,0.207218
10658,1.087119
10659,-0.423342
10660,1.485847
10661,-1.020865
10662,-1.395994
10663,-1.098457
10664,-1.346706
10665,-1.364694
10666,-1.631030
10667,-0.533417
10668,-0.727382
10669,1.376756
10670,0.685648
10671,1.290298
10672,0.196177
10673,-1.460589
10674,1.497703
10675,2.331026
10676,0.174760
10677,-1.566185
10678,-0.359957
10679,-0.143371
10680,-0.643521
10681,0.472285
10682,0.291788
10683,-0.313263
10684,-0.949903
10685,0.056893
10686,1.152847
10687,-0.916025
10688,0.846190
10689,-1.225876
10690,-1.306502
10691,-0.417011
10692,-0.617507
10693,2.842215
10694,0.060680
10695,1.991796
10696,0.901474
10697,0.627362
10698,-0.794604
10699,-2.347861
10700,0.709952
10701,-2.302452
10702,-2.851642
10703,-2.741320
10704,-1.969023
10705,-2.342956
10706,-2.414270
10707,-0.431170
10708,0.539023
10709,0.695950
10710,-1.225703
10711,-0.087618
10712,1.550098
10713,-0.775291
10714,0.323019
10715,0.705424
10716,0.980997
10717,0.797547
10718,1.348749
10719,-0.561715
10720,-0.291703
10721,-1.985882
10722,0.030259
10723,1.084084
10724,1.460129
10725,0.259537
10726,-0.069787
10727,2.092593
10728,-0.261251
10729,-0.065904
10730,-0.055057
10731,1.115066
10732,0.000619
10733,0.385523
10734,-0.466182
10735,-2.001832
10736,-0.786471
10737,0.717742
10738,0.383556
10739,1.142757
10740,0.657278
10741,1.039541
10742,-0.429661
10743,1.777656
10744,0.841502
10745,-0.856082
10746,1.356698
10747,0.097176
10748,0.453527
10749,0.931225
10750,0.932263
10751,0.777574
10752,-1.128969
10753,-0.377708
10754,0.487371
10755,-0.166355
10756,-1.073518
10757,-0.939536
10758,1.495809
10759,2.201183
10760,0.551563
10761,2.263134
10762,0.996877
10763,-0.396706
10764,1.027320
10765,0.640229
10766,1.851968
10767,0.402390
10768,1.132684
10769,-0.001094
10770,-0.167815
10771,-0.406542
10772,0.801794
10773,1.601093
10774,-0.615068
10775,3.371640
10776,1.814493
10777,0.301546
10778,1.020354
10779,1.598848
10780,0.304727
10781,0.316464
10782,0.625267
10783,0.416632
10784,1.795197
10785,1.080248
10786,0.758604
10787,-0.320917
10788,-0.583286
10789,1.349551
10790,0.547961
10791,0.091279
10792,-0.761319
10793,-1.895433
10794,-0.348588
10795,1.163757
10796,0.708208
10797,-0.450551
10798,-0.329186
10799,1.264590
10800,0.450085
10801,1.549503
10802,1.184170
10803,-1.103693
10804,-1.034573
10805,0.541733
10806,0.152547
10807,-0.820763
10808,-1.586618
10809,0.097665
10810,2.387322
10811,1.019398
10812,-0.477315
10813,0.879780
10814,-1.280982
10815,-0.515345
10816,0.939808
10817,0.400567
10818,-0.416672
10819,1.565515
10820,-0.762877
10821,-1.875513
10822,-1.081103
10823,0.176676
10824,0.221911
10825,-1.307890
10826,-0.962959
10827,-0.397474
10828,0.996467
10829,-1.595541
10830,-0.803769
10831,0.460073
10832,-1.299333
10833,-0.604425
10834,-0.066352
10835,-0.079674
10836,0.501931
10837,-2.792631
10838,0.072394
10839,-1.369012
10840,-1.193329
10841,-0.695692
10842,0.341468
10843,-1.498126
10844,1.127215
10845,-0.124254
10846,-0.410713
10847,-1.831254
10848,-0.721573
10849,-0.429290
10850,1.907901
10851,0.820325
10852,2.057228
10853,1.175934
10854,-0.395834
10855,-0.984513
10856,0.449539
10857,1.011224
10858,0.525189
10859,0.019870
10860,-0.832292
10861,-0.001962
10862,-0.233299
10863,-1.010146
10864,-0.875628
10865,0.392725
10866,-1.005606
10867,0.099846
10868,-1.089458
10869,-2.196839
10870,0.131765
10871,0.506136
10872,0.469065
10873,-0.248726
10874,0.834611
10875,0.670106
10876,-0.892751
10877,0.076963
10878,0.488142
10879,-0.249880
10880,-0.382362
10881,1.587657
10882,2.327894
10883,1.550933
10884,-0.761002
10885,-1.563652
10886,-0.031028
10887,-0.330879
10888,0.404312
10889,-0.632644
10890,0.820186
10891,-0.418565
10892,-0.436544
10893,0.507551
10894,0.565732
10895,-1.303347
10896,-0.927401
10897,1.671562
10898,-0.341102
10899,0.714228
10900,-1.164327
10901,-1.389542
10902,-0.495545
10903,-0.597180
10904,0.455256
10905,0.008869
10906,0.199692
10907,0.623079
10908,-0.378671
10909,-0.868408
10910,-1.392791
10911,0.693955
10912,-2.056093
10913,-1.174283
10914,0.618906
10915,0.105861
10916,-0.148906
10917,0.578871
10918,-0.595750
10919,0.171012
10920,-0.552896
10921,0.326940
10922,1.292862
10923,-0.847961
10924,-1.241559
10925,1.061449
10926,-0.197971
10927,-0.865456
10928,-1.558397
10929,0.236759
10930,0.613389
10931,-1.158355
10932,-0.465623
10933,1.766862
10934,1.149203
10935,-0.698087
10936,0.953184
10937,1.171090
10938,-0.224520
10939,-2.409784
10940,0.113753
10941,0.589037
10942,0.116556
10943,-0.627276
10944,-0.125741
10945,1.298576
10946,-0.073230
10947,0.731843
10948,0.859142
10949,-0.043982
10950,0.110881
10951,1.067092
10952,-0.072524
10953,1.269106
10954,2.455677
10955,0.307922
10956,0.639208
10957,-0.367388
10958,0.037270
10959,0.242460
10960,-1.045451
10961,-0.289441
10962,-0.458940
10963,0.472700
10964,-0.185283
10965,-1.257690
10966,-0.328381
10967,0.293094
10968,-1.314307
10969,-0.944725
10970,0.250636
10971,-0.930376
10972,-0.077071
10973,0.198200
10974,0.139051
10975,0.667798
10976,0.699738
10977,0.097064
10978,0.029514
10979,1.158592
10980,-0.646792
10981,-1.253475
10982,-1.128558
10983,-0.450830
10984,0.147859
10985,1.142069
10986,0.721815
10987,0.088619
10988,0.741538
10989,1.407219
10990,2.366755
10991,-0.119091
10992,0.207209
10993,1.745861
10994,2.192252
10995,0.097974
10996,-0.867479
10997,-0.914335
10998,-0.350178
10999,-1.225320
11000,0.354706
11001,0.049141
11002,-1.112807
11003,0.006293
11004,-1.021063
11005,0.305651
11006,2.326697
11007,-1.006930
11008,-0.483160
11009,-0.356835
11010,2.191786
11011,1.971970
11012,-2.167168
11013,-1.556271
11014,-1.501031
11015,-1.045617
11016,-0.766142
11017,-1.434549
11018,-0.968391
11019,0.741320
11020,0.427434
11021,-0.567158
11022,0.954138
11023,-1.081179
11024,-1.109861
11025,-0.965742
11026,0.047971
11027,-0.287290
11028,1.946187
11029,0.047712
11030,0.964727
11031,1.678717
11032,0.251996
11033,-0.679616
11034,-1.044854
11035,-0.468462
11036,0.098070
11037,0.415472
11038,0.602533
11039,0.491422
11040,1.515583
11041,1.040344
11042,2.722706
11043,0.522815
11044,0.555750
11045,-0.489655
11046,-0.319955
11047,-0.029637
11048,0.313559
11049,1.048307
11050,0.765313
11051,-0.088303
11052,1.366914
11053,0.745676
11054,1.520975
11055,1.066040
11056,-2.326715
11057,-2.211659
11058,0.141589
11059,-1.124656
11060,-1.815685
11061,0.317627
11062,-0.828943
11063,-0.881885
11064,-0.066169
11065,0.757937
11066,0.369939
11067,0.647996
11068,-0.174401
11069,-1.022313
11070,-0.711734
11071,0.603557
11072,-0.895626
11073,-1.654535
11074,0.307581
11075,0.786647
11076,-1.925978
11077,-0.330140
11078,0.911913
11079,0.575158
11080,-0.374446
11081,0.059508
11082,1.791691
11083,1.304489
11084,-2.207530
11085,-0.685982
11086,-1.081533
11087,-0.802409
11088,-2.036889
11089,-1.010166
11090,-0.036835
11091,-0.765683
11092,-1.707540
11093,0.349192
11094,1.017165
11095,-0.492301
11096,-0.632995
11097,-0.320326
11098,-0.139455
11099,-1.485266
11100,-0.681408
11101,-0.101031
11102,0.585629
11103,-0.531959
11104,-1.113164
11105,0.346574
11106,1.315791
11107,0.423833
11108,-1.269650
11109,-0.443890
11110,1.599034
11111,-0.084020
11112,-0.203227
11113,-0.333077
11114,-0.140235
11115,-0.453756
11116,1.036880
11117,-0.018520
11118,2.142647
11119,-0.146641
11120,-0.079711
11121,-0.428261
11122,-1.244955
11123,-1.292971
11124,-1.091088
11125,-1.271249
11126,-0.522703
11127,-0.039868
11128,-3.356651
11129,-0.278965
11130,-1.932123
11131,1.166679
11132,0.846602
11133,-0.482228
11134,-1.235607
11135,-2.141619
11136,0.719414
11137,0.756540
11138,-0.649361
11139,0.491628
11140,-1.871090
11141,1.059617
11142,0.473911
11143,1.236101
11144,0.761099
11145,0.818502
11146,0.356721
11147,0.907665
11148,-0.772247
11149,-1.210504
11150,-0.501179
11151,0.509179
11152,1.683521
11153,2.411146
11154,1.129125
11155,0.168266
11156,0.822574
11157,1.956804
11158,0.070061
11159,0.876961
11160,-0.034768
11161,-0.161861
11162,0.536944
11163,0.097480
11164,2.258105
11165,0.515873
11166,0.771065
11167,-0.704989
11168,-1.413354
11169,-0.179148
11170,2.184636
11171,0.824914
11172,-0.271132
11173,-1.639743
11174,0.040937
11175,-0.148176
11176,0.678486
11177,1.852217
11178,1.206823
11179,-0.242925
11180,0.128718
11181,-0.994288
11182,-0.360391
11183,-1.192268
11184,0.592296
11185,0.548075
11186,0.529021
11187,0.059415
11188,0.822078
11189,-0.125375
11190,0.133310
11191,0.802308
11192,-0.549378
11193,-1.896165
11194,-1.073784
11195,-0.462022
11196,-1.235706
11197,-1.577210
11198,0.406429
11199,0.336775
11200,-0.057699
11201,-1.548412
11202,1.479819
11203,0.724724
11204,-1.649793
11205,0.069442
11206,-0.930044
11207,-1.727785
11208,0.233054
11209,-0.759112
11210,1.345466
11211,1.098966
11212,1.386353
11213,1.918302
11214,1.161000
11215,1.322573
11216,0.816550
11217,1.518242
11218,0.551386
11219,-1.632728
11220,0.516426
11221,-0.514753
11222,-0.360078
11223,-2.123549
11224,-0.421023
11225,-3.454275
11226,-1.814869
11227,-0.953099
11228,-1.624124
11229,0.772152
11230,-1.272312
11231,-3.024427
11232,-0.562733
11233,-0.790560
11234,-1.015013
11235,1.010106
11236,0.920634
11237,0.773387
11238,-0.276518
11239,-0.437943
11240,0.593937
11241,1.088754
11242,0.984265
11243,-0.698569
11244,-1.275774
11245,1.233582
11246,0.193736
11247,-0.093947
11248,-1.147247
11249,0.230088
11250,-1.587013
11251,-1.377104
11252,-0.647632
11253,-0.762555
11254,0.324938
11255,-0.450819
11256,-0.141144
11257,-0.077781
11258,-1.056262
11259,-1.269951
11260,-0.428393
11261,0.651566
11262,-0.104426
11263,-0.484033
11264,-0.410873
11265,-0.356225
11266,-0.977185
11267,-0.383816
11268,-0.317920
11269,-0.274813
11270,0.666875
11271,0.489384
11272,-0.990709
11273,0.729329
11274,-0.407570
11275,0.066012
11276,0.005556
11277,-0.500483
11278,-0.820209
11279,0.598882
11280,0.433878
11281,-0.954585
11282,-0.972040
11283,1.518209
11284,-0.278899
11285,-1.344989
11286,1.578799
11287,0.930927
11288,-1.083480
11289,0.417976
11290,1.701382
11291,0.375357
11292,0.779775
11293,1.126200
11294,-0.604399
11295,0.100330
11296,0.497268
11297,0.390767
11298,0.803601
11299,-0.283351
11300,-0.350771
11301,-0.248969
11302,-0.008771
11303,0.706004
11304,1.044776
11305,-0.458545
11306,-0.512221
11307,1.204316
11308,-0.173487
11309,0.087175
11310,-0.547907
11311,-0.312347
11312,0.061006
11313,-1.275010
11314,-0.934233
11315,0.020544
11316,0.319304
11317,0.494957
11318,1.169781
11319,1.157981
11320,0.457696
11321,0.348961
11322,0.478670
11323,-0.433361
11324,-1.237875
11325,-0.529187
11326,0.866640
11327,0.389124
11328,1.557386
11329,1.688273
11330,-1.815517
11331,-0.588613
11332,0.632190
11333,0.194020
11334,0.376938
11335,-1.346741
11336,-0.816399
11337,-1.218989
11338,-1.395431
11339,-0.577792
11340,0.477981
11341,-0.022730
11342,0.200428
11343,-0.031202
11344,-0.120985
11345,0.882581
11346,-0.701110
11347,-0.177198
11348,-0.519175
11349,-0.443071
11350,-1.921621
11351,-1.448653
11352,0.249550
11353,-0.079272
11354,1.369389
11355,2.332847
11356,2.049644
11357,2.227384
11358,-0.046622
11359,-0.045888
11360,0.278051
11361,1.787024
11362,-0.686719
11363,-0.268094
11364,0.038320
11365,1.021582
11366,-2.096190
11367,-0.139226
11368,0.556937
11369,0.963055
11370,1.535425
11371,0.900826
11372,-1.695038
11373,1.520478
11374,-0.268210
11375,-0.173150
11376,1.619316
11377,2.445434
11378,-0.025294
11379,0.548551
11380,1.288538
11381,-0.627784
11382,-0.734197
11383,0.388980
11384,0.958369
11385,-1.168040
11386,-1.335688
11387,0.524486
11388,1.238202
11389,0.872889
11390,-1.159572
11391,-0.160543
11392,1.056095
11393,1.075176
11394,1.044016
11395,-0.085237
11396,-0.338783
11397,-0.916472
11398,-0.523287
11399,0.683395
11400,-0.036542
11401,-0.339530
11402,-0.346827
11403,-1.470693
11404,-0.459386
11405,-0.096802
11406,-1.294116
11407,0.889038
11408,0.618600
11409,0.241057
11410,-0.278919
11411,-0.344838
11412,0.563921
11413,0.838468
11414,0.332435
11415,0.482689
11416,-0.678302
11417,-0.758867
11418,1.467978
11419,-0.348302
11420,-1.074480
11421,-1.376009
11422,-0.054508
11423,1.142137
11424,0.579167
11425,0.652321
11426,1.386854
11427,1.221094
11428,-1.675236
11429,-1.656850
11430,-1.008269
11431,-0.285098
11432,-0.370736
11433,-0.383086
11434,-1.034403
11435,-0.757421
11436,0.150336
11437,-0.995948
11438,-0.435705
11439,-0.578749
11440,-0.040295
11441,-0.483971
11442,0.902962
11443,0.799174
11444,0.061728
11445,-0.341535
11446,-0.009960
11447,-0.636258
11448,-0.699782
11449,-1.115151
11450,-1.050488
11451,-0.472291
11452,-0.878939
11453,-0.552211
11454,-0.754311
11455,0.369725
11456,0.365549
11457,1.283533
11458,0.837622
11459,1.326244
11460,-0.013827
11461,-1.401241
11462,0.030559
11463,0.462265
11464,0.658174
11465,-0.407101
11466,-2.096766
11467,-0.069639
11468,-0.375037
11469,0.158922
11470,2.025417
11471,0.552162
11472,-0.619504
11473,-0.135512
11474,-0.216123
11475,0.487855
11476,-1.729691
11477,-0.297367
11478,0.883953
11479,1.617226
11480,1.150652
11481,1.518088
11482,0.895740
11483,0.126150
11484,1.942873
11485,0.998622
11486,-0.149962
11487,0.417826
11488,-1.002434
11489,-1.524473
11490,-0.210277
11491,0.932606
11492,0.923234
11493,-1.311976
11494,0.581919
11495,0.107547
11496,1.194671
11497,0.092628
11498,1.003218
11499,0.896773
11500,-0.159411
11501,-1.864643
11502,-0.931852
11503,0.628663
11504,-1.315701
11505,-0.096487
11506,0.816910
11507,0.923468
11508,0.626501
11509,0.286878
11510,0.311126
11511,-0.671551
11512,0.476536
11513,0.161479
11514,-1.750382
11515,-1.427501
11516,-0.502597
11517,-0.139783
11518,-0.150381
11519,0.865041
11520,1.133936
11521,0.781385
11522,-0.181242
11523,-0.390068
11524,-2.152777
11525,-1.212712
11526,-0.300690
11527,0.086713
11528,-0.804470
11529,-0.534229
11530,1.260446
11531,1.671133
11532,0.810706
11533,-0.400272
11534,1.061074
11535,0.751332
11536,1.989607
11537,-1.529502
11538,0.110769
11539,1.097130
11540,0.683166
11541,0.272037
11542,2.075416
11543,0.881736
11544,-0.664995
11545,-1.438082
11546,-1.548255
11547,-0.436700
11548,-0.354207
11549,0.739734
11550,-0.279518
11551,0.579301
11552,-0.767519
11553,1.156692
11554,2.654486
11555,1.969204
11556,-0.333277
11557,-0.551849
11558,0.235006
11559,1.731950
11560,-0.224249
11561,-0.255235
11562,0.131849
11563,0.667312
11564,-0.999012
11565,-0.080254
11566,1.853121
11567,-0.109498
11568,0.484700
11569,0.289297
11570,0.277187
11571,0.644394
11572,-1.033558
11573,0.365961
11574,-0.113530
11575,-1.036777
11576,0.264265
11577,-0.370839
11578,1.007321
11579,0.405422
11580,0.376778
11581,1.109770
11582,0.105156
11583,-1.015747
11584,0.099318
11585,0.424269
11586,2.186563
11587,-0.915207
11588,-0.477691
11589,0.180831
11590,0.068313
11591,-0.616179
11592,-2.938889
11593,0.405807
11594,1.644022
11595,0.697000
11596,0.044233
11597,-0.805271
11598,-0.309441
11599,0.373972
11600,2.198334
11601,0.418990
11602,0.838368
11603,-0.661367
11604,0.607342
11605,0.443000
11606,1.406599
11607,-1.023835
11608,1.251872
11609,-0.690391
11610,0.043850
11611,0.878750
11612,1.629916
11613,1.215286
11614,0.224352
11615,0.475223
11616,-0.514328
11617,-2.046445
11618,-1.089416
11619,-1.243411
11620,-0.691871
11621,-0.133952
11622,-0.342174
11623,-0.275782
11624,0.841301
11625,1.329155
11626,-1.044429
11627,1.299513
11628,0.493649
11629,0.153359
11630,-0.404052
11631,2.158107
11632,0.892646
11633,1.538514
11634,0.177511
11635,-1.885202
11636,-0.735136
11637,-1.456176
11638,-0.123585
11639,0.812979
11640,0.083666
11641,-1.795993
11642,0.324339
11643,-0.862376
11644,-0.944790
11645,0.577659
11646,-0.612193
11647,-0.866160
11648,-1.192841
11649,-1.980691
11650,-1.151072
11651,0.289896
11652,0.948441
11653,-1.470533
11654,-1.987262
11655,0.322595
11656,-0.888995
11657,-0.440539
11658,0.888804
11659,-1.250993
11660,-0.412219
11661,-2.118313
11662,-1.929777
11663,-0.592140
11664,-0.216034
11665,-1.984741
11666,-1.895989
11667,-1.233694
11668,1.348739
11669,0.693289
11670,-2.009574
11671,-0.786150
11672,-2.274336
11673,-0.145378
11674,0.921071
11675,1.567350
11676,0.058838
11677,1.146849
11678,-0.223767
11679,-0.733039
11680,0.781967
11681,-0.220039
11682,0.279448
11683,1.808726
11684,-1.088993
11685,-1.482077
11686,-0.920175
11687,1.111382
11688,0.676753
11689,-0.448991
11690,0.106299
11691,1.483715
11692,0.134087
11693,0.914554
11694,0.515240
11695,-0.477834
11696,-1.328823
11697,0.190597
11698,1.324995
11699,1.638575
11700,0.350508
11701,-1.306282
11702,-0.591474
11703,-0.683600
11704,0.573954
11705,2.713304
11706,1.948113
11707,0.310446
11708,-0.026974
11709,1.783242
11710,2.009382
11711,0.354008
11712,1.090877
11713,-1.132898
11714,0.252453
11715,-0.040061
11716,1.934882
11717,-0.200532
11718,0.144532
11719,0.416271
11720,-0.809597
11721,2.089222
11722,1.974272
11723,0.476304
11724,2.087875
11725,0.947167
11726,1.632596
11727,0.547299
11728,0.613841
11729,-0.145663
11730,-0.272464
11731,0.542682
11732,0.396388
11733,-0.253848
11734,-1.022667
11735,-0.750207
11736,-0.274875
11737,-0.325934
11738,-0.912614
11739,-0.815824
11740,-1.810836
11741,-0.464579
11742,-1.215578
11743,-1.753063
11744,-0.697197
11745,-1.295300
11746,0.739033
11747,-0.450858
11748,-0.769489
11749,-0.685842
11750,1.659534
11751,-1.600201
11752,-1.133082
11753,-1.163123
11754,1.791324
11755,-1.410575
11756,-0.532487
11757,-1.457249
11758,-1.015327
11759,-0.146052
11760,1.298296
11761,0.460623
11762,-1.115172
11763,0.104028
11764,-0.874725
11765,0.787322
11766,1.146642
11767,0.618837
11768,-0.507411
11769,1.046389
11770,-0.522321
11771,-1.306123
11772,0.545091
11773,0.341887
11774,-0.357301
11775,0.781512
11776,0.066246
11777,1.183097
11778,1.261574
11779,-1.353990
11780,-1.265813
11781,-0.179153
11782,1.249115
11783,-0.196581
11784,0.979802
11785,1.523962
11786,1.329218
11787,0.216885
11788,-1.047644
11789,-0.739921
11790,-0.057656
11791,0.047401
11792,0.697859
11793,0.066368
11794,0.415430
11795,-0.004795
11796,1.239188
11797,0.359422
11798,-0.490425
11799,-0.276453
11800,-1.117610
11801,-1.421118
11802,-0.181622
11803,0.022630
11804,-0.523100
11805,-0.517375
11806,-0.034879
11807,0.062629
11808,0.224152
11809,2.228530
11810,0.204485
11811,-0.006910
11812,0.999311
11813,0.285821
11814,1.781922
11815,0.403120
11816,0.341965
11817,-0.860096
11818,-1.134918
11819,-0.305295
11820,-0.156842
11821,0.418002
11822,-2.589480
11823,0.173541
11824,-0.728318
11825,-0.705101
11826,-1.377720
11827,1.571092
11828,-1.784381
11829,-1.741181
11830,1.007365
11831,0.136179
11832,0.781958
11833,-0.086414
11834,-0.559101
11835,1.196901
11836,-0.738139
11837,2.974696
11838,-0.215352
11839,-1.982707
11840,0.695088
11841,1.628921
11842,-0.558684
11843,-1.345810
11844,0.010718
11845,-0.025163
11846,0.212985
11847,0.237311
11848,-0.488509
11849,-1.260694
11850,-1.433766
11851,0.727502
11852,0.074941
11853,-0.286465
11854,0.969631
11855,1.639400
11856,0.797267
11857,-0.173883
11858,0.205444
11859,-0.348109
11860,0.053831
11861,0.037579
11862,0.445722
11863,-1.169401
11864,0.209141
11865,0.452421
11866,1.284135
11867,0.815825
11868,0.037718
11869,1.025277
11870,-0.167582
11871,-1.542915
11872,-2.252299
11873,-0.984512
11874,0.768190
11875,-0.403934
11876,1.338494
11877,1.074060
11878,-0.359765
11879,0.257374
11880,-0.831882
11881,-0.939290
11882,0.875153
11883,1.746926
11884,-0.940878
11885,-1.068822
11886,-1.100573
11887,0.089089
11888,0.220334
11889,-0.292229
11890,0.102514
11891,-0.029485
11892,1.708910
11893,-1.381320
11894,-0.197665
11895,1.145570
11896,-0.278091
11897,-0.240249
11898,-1.738404
11899,-1.583453
11900,0.203786
11901,-0.159437
11902,0.166505
11903,-0.539122
11904,0.381792
11905,1.047089
11906,0.177387
11907,0.673931
11908,-0.464969
11909,-0.602481
11910,-0.535743
11911,0.353525
11912,-0.197706
11913,-0.883019
11914,-0.313826
11915,-0.210456
11916,-0.448872
11917,0.572345
11918,-1.407798
11919,1.250726
11920,0.599423
11921,-0.423720
11922,0.484618
11923,-0.353528
11924,-0.554077
11925,0.569641
11926,0.938603
11927,1.286965
11928,-0.149895
11929,-1.077500
11930,-1.106400
11931,0.047434
11932,0.550208
11933,-0.116885
11934,0.253306
11935,-1.772229
11936,0.178210
11937,1.445283
11938,-0.546831
11939,1.870057
11940,0.024803
11941,-0.511238
11942,1.589954
11943,-1.060161
11944,-0.463177
11945,0.131032
11946,-0.325215
11947,-0.799972
11948,-0.096788
11949,-0.767871
11950,-0.225194
11951,0.606835
11952,-0.057525
11953,-0.806259
11954,-0.917716
11955,-0.997547
11956,0.073375
11957,1.155469
11958,0.553638
11959,0.194338
11960,-0.744149
11961,0.425549
11962,-0.092784
11963,0.002896
11964,-0.008574
11965,1.954400
11966,1.808371
11967,0.767040
11968,-0.792438
11969,-1.760956
11970,-2.270138
11971,-1.098914
11972,-1.262169
11973,0.829848
11974,-0.252152
11975,1.316393
11976,1.792713
11977,0.529823
11978,-0.347026
11979,-0.034322
11980,2.542610
11981,1.534260
11982,0.315062
11983,0.720914
11984,-1.861003
11985,-0.610659
11986,-0.125973
11987,-0.072224
11988,0.250691
11989,-1.215491
11990,-0.326375
11991,-0.627311
11992,0.916345
11993,-0.403524
11994,0.126689
11995,0.010580
11996,-0.428743
11997,-1.187593
11998,0.711464
11999,-0.123173
12000,-1.064602
12001,0.334126
12002,0.261041
12003,2.217161
12004,0.583144
12005,-1.654591
12006,0.752484
12007,-1.922398
12008,-0.814160
12009,-2.505903
12010,-1.246490
12011,-1.385024
12012,-0.490688
12013,-0.546251
12014,-0.071189
12015,-0.250716
12016,-0.585981
12017,0.480509
12018,-0.259213
12019,1.091764
12020,-0.050712
12021,1.455184
12022,0.168522
12023,-1.026105
12024,-1.446545
12025,-1.635770
12026,-1.871225
12027,-0.667266
12028,0.038632
12029,-1.036063
12030,-1.746845
12031,0.075313
12032,2.167202
12033,1.063543
12034,0.575377
12035,1.262282
12036,0.347529
12037,0.243276
12038,0.092570
12039,-0.021330
12040,0.775529
12041,-2.405554
12042,-0.717756
12043,1.462793
12044,0.798330
12045,0.410764
12046,0.034400
12047,-0.601446
12048,0.488650
12049,-0.279981
12050,0.364998
12051,-0.294445
12052,-0.748375
12053,2.770836
12054,1.634611
12055,0.723686
12056,-1.228916
12057,-0.403184
12058,0.675950
12059,-0.423507
12060,-2.100817
12061,-0.330955
12062,0.947314
12063,2.334166
12064,0.033695
12065,0.747272
12066,-2.380646
12067,-1.757506
12068,-0.912803
12069,1.471324
12070,0.058663
12071,-0.754133
12072,-0.296281
12073,-1.492845
12074,-1.062362
12075,0.837189
12076,-0.832502
12077,0.397463
12078,-0.653128
12079,-0.152162
12080,1.260565
12081,1.363636
12082,-1.519420
12083,0.303366
12084,-0.119276
12085,-0.717938
12086,0.782652
12087,1.436959
12088,1.501208
12089,1.303334
12090,-0.411247
12091,-0.882413
12092,-0.847805
12093,-0.504963
12094,-0.841639
12095,0.469507
12096,-0.002806
12097,1.123926
12098,2.572352
12099,-1.716772
12100,0.024448
12101,-0.376635
12102,1.528950
12103,0.728934
12104,0.935000
12105,0.074544
12106,0.883054
12107,0.508239
12108,-0.948585
12109,-0.686569
12110,-0.488123
12111,-0.400841
12112,1.606733
12113,0.958627
12114,0.657754
12115,-0.433872
12116,-0.456417
12117,-0.413479
12118,-0.694108
12119,-1.244368
12120,-0.386033
12121,-0.471513
12122,0.293299
12123,2.584702
12124,1.942352
12125,1.310535
12126,1.860862
12127,0.259701
12128,2.324534
12129,-0.016888
12130,-1.640471
12131,-0.462351
12132,-0.369153
12133,-0.003342
12134,-0.429917
12135,0.118573
12136,-0.826412
12137,-0.898138
12138,0.953167
12139,0.851804
12140,-0.309000
12141,-1.053744
12142,-0.010668
12143,0.138541
12144,1.179639
12145,0.934276
12146,0.392550
12147,-1.521655
12148,0.761362
12149,1.707009
12150,0.509105
12151,-0.443594
12152,0.198158
12153,0.865733
12154,-0.276517
12155,1.133422
12156,-0.178135
12157,-0.402407
12158,0.135178
12159,1.100302
12160,-1.387609
12161,-1.553890
12162,-1.199449
12163,-0.478285
12164,-2.531968
12165,0.053036
12166,0.171877
12167,-0.033726
12168,-1.072265
12169,0.393752
12170,1.664778
12171,0.036132
12172,-0.404749
12173,-0.682687
12174,-0.347570
12175,-0.567941
12176,0.869832
12177,-0.222410
12178,0.408294
12179,-1.320065
12180,0.193460
12181,0.130701
12182,0.938660
12183,-0.543645
12184,0.252308
12185,1.733513
12186,-0.252950
12187,1.353411
12188,1.315390
12189,2.030417
12190,-0.243498
12191,-0.563557
12192,1.096417
12193,1.195651
12194,-0.422638
12195,-0.002229
12196,0.800911
12197,-1.081918
12198,-1.629253
12199,-1.516942
12200,-0.738436
12201,-1.094087
12202,0.141686
12203,0.414924
12204,0.556094
12205,0.178862
12206,0.192055
12207,2.039792
12208,-0.347703
12209,1.200995
12210,2.105854
12211,0.172310
12212,-0.281185
12213,-0.234106
12214,0.278701
12215,-0.658525
12216,0.527721
12217,1.704190
12218,-0.055748
12219,0.299539
12220,0.804758
12221,0.199498
12222,0.101484
12223,0.059950
12224,0.091153
12225,1.104347
12226,0.937420
12227,-0.127561
12228,-0.447784
12229,-0.471853
12230,-0.794109
12231,0.367540
12232,0.511289
12233,-0.409430
12234,0.795070
12235,0.369358
12236,-1.448558
12237,-0.503157
12238,-0.352490
12239,-0.109318
12240,-0.013951
12241,-1.452893
12242,-0.250801
12243,-0.675124
12244,1.612000
12245,-0.168392
12246,-0.264769
12247,-0.149568
12248,-0.657596
12249,-0.197178
12250,-2.034644
12251,0.178930
12252,-0.053457
12253,-0.739152
12254,0.883570
12255,0.685996
12256,0.946909
12257,1.302015
12258,-0.951079
12259,-1.173328
12260,-0.176278
12261,0.232817
12262,0.933313
12263,0.373549
12264,-0.347474
12265,-0.311394
12266,-1.441614
12267,-0.439498
12268,-0.640615
12269,-0.739780
12270,1.446276
12271,2.203048
12272,0.436566
12273,0.267227
12274,-1.150908
12275,-1.166878
12276,-2.084965
12277,-0.173870
12278,-0.000397
12279,0.656801
12280,-0.277255
12281,-0.027964
12282,-1.300325
12283,-0.413786
12284,-1.837953
12285,1.255473
12286,0.034287
12287,-0.268722
12288,-1.065670
12289,-0.512130
12290,0.366498
12291,-0.844175
12292,0.758662
12293,1.170005
12294,0.868018
12295,0.048514
12296,-0.410075
12297,-0.513989
12298,1.589367
12299,1.634260
12300,0.966830
12301,0.783537
12302,0.225709
12303,-0.516920
12304,-1.321596
12305,0.730199
12306,-0.302839
12307,0.641944
12308,0.146930
12309,0.278094
12310,-1.161773
12311,-0.064878
12312,0.367765
12313,0.598695
12314,-0.642265
12315,0.215690
12316,-1.757238
12317,-0.316693
12318,1.634473
12319,1.154094
12320,0.299643
12321,1.162216
12322,-0.442149
12323,0.953851
12324,-0.230853
12325,-0.534475
12326,0.011521
12327,0.366983
12328,0.664390
12329,-1.628012
12330,1.107253
12331,-0.661478
12332,1.051803
12333,1.004792
12334,-0.198065
12335,1.164225
12336,0.662817
12337,2.922438
12338,-0.326166
12339,-1.740320
12340,-0.999441
12341,-0.691070
12342,0.078574
12343,-1.015529
12344,0.762863
12345,0.985144
12346,0.651587
12347,-1.108762
12348,-0.817048
12349,1.416324
12350,-1.785829
12351,-1.086908
12352,0.814365
12353,-0.174342
12354,0.701552
12355,0.047364
12356,-0.137276
12357,0.486742
12358,2.034872
12359,0.368403
12360,-2.459369
12361,-2.714374
12362,-0.338746
12363,0.604897
12364,0.402157
12365,0.887412
12366,1.619207
12367,2.181516
12368,-0.131347
12369,1.297208
12370,0.686674
12371,-0.291696
12372,1.274973
12373,1.690998
12374,0.454420
12375,0.315543
12376,-0.749805
12377,0.527627
12378,-1.040503
12379,-0.254809
12380,-1.883140
12381,1.025673
12382,0.290172
12383,-1.414424
12384,0.239761
12385,1.193769
12386,-0.089243
12387,-0.358198
12388,-0.330134
12389,0.125335
12390,-2.400449
12391,0.085877
12392,-0.329117
12393,-1.897908
12394,0.283966
12395,0.311560
12396,-0.174113
12397,0.744153
12398,-1.002845
12399,1.848662
12400,-0.181605
12401,-0.387378
12402,0.013208
12403,0.332387
12404,0.653805
12405,-0.172427
12406,-0.332462
12407,0.234104
12408,0.990514
12409,1.078983
12410,0.756591
12411,-0.298971
12412,0.492839
12413,0.611214
12414,1.994908
12415,2.816215
12416,0.545842
12417,-0.630585
12418,1.077089
12419,1.728771
12420,2.749206
12421,0.103348
12422,0.367124
12423,-1.072102
12424,1.024568
12425,-0.845410
12426,-2.211632
12427,-2.075821
12428,-1.957142
12429,0.195444
12430,1.591671
12431,0.371718
12432,1.826911
12433,0.920577
12434,2.246763
12435,1.225795
12436,1.459532
12437,0.216912
12438,-0.156489
12439,-0.328102
12440,1.114741
12441,2.300239
12442,-0.083401
12443,-1.332279
12444,0.190650
12445,1.257312
12446,1.362091
12447,-0.438905
12448,0.284233
12449,1.386050
12450,-1.113054
12451,1.415893
12452,-0.462126
12453,-0.458407
12454,0.176733
12455,1.234868
12456,0.583945
12457,-0.359549
12458,-0.445706
12459,0.828471
12460,-0.301147
12461,0.371293
12462,2.258042
12463,0.172832
12464,1.860838
12465,0.864806
12466,0.718658
12467,2.092017
12468,1.395794
12469,-2.078932
12470,-2.513895
12471,-1.420948
12472,-2.313212
12473,0.394509
12474,-0.543926
12475,1.308970
12476,-0.849794
12477,0.009293
12478,-0.560751
12479,0.974283
12480,0.377192
12481,0.650125
12482,2.070763
12483,-0.813496
12484,0.063861
12485,-0.628722
12486,1.250596
12487,-0.113512
12488,-0.495181
12489,-1.157189
12490,-1.092001
12491,-0.278605
12492,-0.584066
12493,-1.972650
12494,0.403129
12495,0.071914
12496,0.142229
12497,2.475318
12498,0.667253
12499,-1.253476
12500,-0.886092
12501,-0.330382
12502,-0.628767
12503,1.500393
12504,0.332231
12505,-0.010924
12506,0.353529
12507,0.604289
12508,-0.482091
12509,-1.114193
12510,-0.217182
12511,-0.585063
12512,-1.469141
12513,-0.320854
12514,1.956962
12515,-0.950757
12516,-1.079789
12517,-0.061677
12518,-0.612043
12519,0.132634
12520,-1.725497
12521,-1.370599
12522,-1.745775
12523,0.007426
12524,1.107084
12525,-0.574015
12526,-0.826416
12527,-2.012421
12528,-0.592934
12529,1.481496
12530,1.325006
12531,1.085347
12532,-1.261445
12533,-1.714375
12534,-1.727307
12535,0.833147
12536,-1.061747
12537,-0.075509
12538,-0.187333
12539,-0.627935
12540,-2.242481
12541,-0.440145
12542,-1.306210
12543,0.689840
12544,0.494663
12545,1.801584
12546,1.539839
12547,0.162462
12548,0.600985
12549,0.971901
12550,-1.231176
12551,-0.912790
12552,-1.152427
12553,-0.897332
12554,-1.861469
12555,-0.413421
12556,-1.948313
12557,-1.233104
12558,0.866262
12559,1.965868
12560,0.427522
12561,-1.288185
12562,1.423355
12563,1.428770
12564,0.326774
12565,-0.203072
12566,-1.070016
12567,-0.279430
12568,1.269807
12569,0.760843
12570,0.087563
12571,-0.410420
12572,0.346567
12573,0.455231
12574,2.029641
12575,0.639579
12576,2.502151
12577,-0.111731
12578,0.504613
12579,-0.064414
12580,0.384431
12581,0.091253
12582,0.207713
12583,0.446624
12584,1.721933
12585,-0.229688
12586,0.165342
12587,-0.031015
12588,-0.377153
12589,-0.309957
12590,-0.056874
12591,0.501220
12592,-0.709509
12593,-2.733593
12594,-0.986649
12595,-0.811783
12596,-1.160257
12597,-2.304330
12598,-2.578180
12599,0.179715
12600,0.770572
12601,0.175932
12602,0.408288
12603,0.195468
12604,0.643291
12605,1.376480
12606,0.243874
12607,-0.716410
12608,1.033763
12609,-0.993546
12610,0.021645
12611,-0.434299
12612,-0.267839
12613,-1.204343
12614,-0.794707
12615,0.902882
12616,0.507185
12617,-0.400602
12618,0.188824
12619,1.324840
12620,-0.051614
12621,-1.746818
12622,0.015278
12623,-0.477549
12624,1.335507
12625,2.314105
12626,0.850435
12627,0.019105
12628,0.323543
12629,-2.239943
12630,-2.647621
12631,-0.091639
12632,-1.786155
12633,-1.426837
12634,-0.045813
12635,-1.033511
12636,-1.269852
12637,-0.586711
12638,0.331902
12639,-1.484691
12640,0.119713
12641,0.700247
12642,0.090089
12643,0.894001
12644,0.788472
12645,0.074958
12646,-0.856424
12647,0.875464
12648,-1.256188
12649,1.541736
12650,1.845314
12651,0.726415
12652,-0.052779
12653,1.459631
12654,0.977153
12655,0.050041
12656,-0.599709
12657,-1.353709
12658,-1.167553
12659,-1.385317
12660,-1.602822
12661,0.619268
12662,-1.262522
12663,1.253652
12664,0.636451
12665,0.425677
12666,1.348313
12667,0.912536
12668,0.220582
12669,-0.039258
12670,-2.568846
12671,-0.418655
12672,0.267230
12673,1.896669
12674,0.271314
12675,0.723634
12676,-1.084892
12677,-0.162640
12678,-2.870760
12679,-1.298602
12680,1.588726
12681,1.073989
12682,0.669767
12683,2.478171
12684,1.433176
12685,-1.785019
12686,1.048763
12687,0.471418
12688,0.663213
12689,0.253402
12690,-1.049550
12691,-0.266106
12692,0.026996
12693,0.452798
12694,0.016476
12695,-1.630507
12696,-1.121568
12697,-0.596659
12698,-0.601898
12699,-0.998010
12700,-1.245633
12701,0.489244
12702,0.634607
12703,1.514244
12704,1.024439
12705,-0.330466
12706,1.328791
12707,0.892192
12708,1.225228
12709,0.241297
12710,1.482228
12711,-0.405011
12712,-0.858331
12713,-0.539975
12714,0.068720
12715,-0.708185
12716,0.842754
12717,-0.002067
12718,-0.776614
12719,-0.169558
12720,0.226855
12721,-0.757394
12722,1.304442
12723,0.477363
12724,-0.019760
12725,0.640045
12726,1.018322
12727,-0.122521
12728,0.954713
12729,0.361086
12730,0.460442
12731,1.933250
12732,0.590156
12733,0.768955
12734,0.347748
12735,0.728041
12736,0.908665
12737,-0.435258
12738,-0.174663
12739,-1.497042
12740,-0.914847
12741,0.863075
12742,1.085394
12743,0.569644
12744,1.196468
12745,0.963903
12746,-0.520809
12747,-1.382456
12748,0.013016
12749,-0.130248
12750,-1.027090
12751,2.606564
12752,0.622373
12753,-0.004416
12754,-0.989295
12755,-1.890540
12756,-1.502422
12757,-0.541208
12758,-0.758120
12759,0.677211
12760,-0.527273
12761,1.877838
12762,0.018786
12763,0.265129
12764,-0.923986
12765,0.587054
12766,0.143446
12767,0.076443
12768,-1.270720
12769,-0.036498
12770,-0.470298
12771,-1.370465
12772,-0.040934
12773,1.006451
12774,0.276485
12775,0.091982
12776,-0.589588
12777,-0.750255
12778,1.048955
12779,0.239692
12780,-0.334866
12781,-1.224531
12782,2.418888
12783,0.451895
12784,-0.334878
12785,0.177795
12786,0.897616
12787,0.620535
12788,0.032372
12789,-0.168489
12790,0.906942
12791,-0.741672
12792,1.334409
12793,-0.383740
12794,1.160969
12795,1.016336
12796,0.017601
12797,0.667198
12798,0.482554
12799,1.398905
12800,0.864572
12801,2.068193
12802,1.092117
12803,1.002612
12804,1.009482
12805,0.017472
12806,-0.548870
12807,-1.336903
12808,1.406329
12809,1.512297
12810,1.070124
12811,0.847720
12812,0.403186
12813,-0.527423
12814,0.697182
12815,1.360647
12816,0.390633
12817,-0.767740
12818,1.599084
12819,-1.093537
12820,0.850788
12821,-0.391249
12822,0.479777
12823,-1.713586
12824,-1.816420
12825,0.096365
12826,-0.168261
12827,0.611872
12828,0.744941
12829,-0.687649
12830,-0.087232
12831,0.693461
12832,2.143480
12833,1.667663
12834,0.495882
12835,0.698670
12836,0.474745
12837,-0.346285
12838,-0.035923
12839,0.498923
12840,-0.145262
12841,-0.768304
12842,0.501180
12843,-0.533960
12844,0.077113
12845,-0.633410
12846,0.357386
12847,1.183933
12848,0.527788
12849,0.226086
12850,0.984314
12851,1.217157
12852,0.571393
12853,0.969779
12854,0.838811
12855,-0.590797
12856,-1.132761
12857,0.540212
12858,0.785508
12859,-0.229262
12860,-0.632860
12861,0.321258
12862,0.068552
12863,0.718460
12864,1.383502
12865,0.781904
12866,0.075543
12867,0.949218
12868,0.913882
12869,-1.088831
12870,0.425079
12871,-0.758737
12872,0.311784
12873,-0.685880
12874,-2.420069
12875,0.363582
12876,0.584961
12877,-0.819719
12878,0.846849
12879,0.734855
12880,1.991352
12881,1.650869
12882,0.585546
12883,0.415609
12884,0.991924
12885,0.379215
12886,-0.982071
12887,-1.351298
12888,0.184934
12889,2.167167
12890,0.536791
12891,1.612066
12892,0.920689
12893,-0.447450
12894,-0.662476
12895,0.228283
12896,0.451910
12897,0.350602
12898,-1.112281
12899,0.111298
12900,-0.295635
12901,-0.405150
12902,1.000293
12903,1.541802
12904,-0.100088
12905,0.441414
12906,-2.100315
12907,-1.204314
12908,-1.503036
12909,-1.628234
12910,-1.007306
12911,-1.186785
12912,0.909590
12913,1.674371
12914,1.182645
12915,0.556098
12916,-0.222143
12917,-1.938572
12918,-2.532210
12919,-0.309460
12920,-0.405317
12921,1.019911
12922,1.091807
12923,0.255754
12924,-0.506933
12925,0.544106
12926,-0.456398
12927,-0.179241
12928,0.927185
12929,-0.315270
12930,-0.376965
12931,0.636614
12932,0.696796
12933,-0.072279
12934,-0.531242
12935,-1.174326
12936,1.925649
12937,0.815090
12938,-1.643443
12939,0.966251
12940,-0.781962
12941,-1.646224
12942,-1.108000
12943,0.131625
12944,1.266635
12945,1.362524
12946,-0.139338
12947,0.161143
12948,0.983208
12949,-0.331186
12950,-0.100592
12951,-1.944779
12952,-0.331445
12953,1.289603
12954,-0.211059
12955,-1.093592
12956,-0.464443
12957,0.679239
12958,0.976537
12959,2.437969
12960,0.667620
12961,0.494228
12962,-0.119998
12963,0.239795
12964,-0.459049
12965,-0.790556
12966,1.522945
12967,0.785022
12968,0.929298
12969,-1.117001
12970,-0.490369
12971,-0.054567
12972,0.120572
12973,0.386038
12974,0.437747
12975,-0.976733
12976,-2.070127
12977,-1.346027
12978,1.067029
12979,0.163021
12980,0.767271
12981,-0.792028
12982,0.589931
12983,-1.096578
12984,-0.531513
12985,2.248358
12986,1.458674
12987,-0.399095
12988,-0.564718
12989,1.016894
12990,0.111139
12991,1.316393
12992,-0.305076
12993,0.194449
12994,1.349811
12995,0.725246
12996,-1.072830
12997,-1.296093
12998,-0.289093
12999,0.141925
13000,-1.381931
13001,-0.900157
13002,1.372863
13003,0.887197
13004,-0.043461
13005,-0.065645
13006,-0.386412
13007,-1.751438
13008,0.515561
13009,-1.666439
13010,-0.300063
13011,-0.888433
13012,-1.492690
13013,-0.783615
13014,-0.740603
13015,-1.468307
13016,-1.287780
13017,-1.082014
13018,-1.512768
13019,-0.178676
13020,0.564785
13021,-1.917759
13022,-0.360328
13023,-0.061943
13024,-0.488142
13025,-0.946433
13026,-0.511369
13027,0.744614
13028,-0.424688
13029,-1.368155
13030,0.116340
13031,-0.677785
13032,-0.248398
13033,-1.027754
13034,-1.018503
13035,-0.560597
13036,0.362835
13037,0.765110
13038,-0.419187
13039,-0.186074
13040,-1.031789
13041,-0.440874
13042,0.664345
13043,-0.449138
13044,1.512029
13045,0.497152
13046,0.548804
13047,0.627265
13048,1.424688
13049,-0.642709
13050,0.009681
13051,-1.265825
13052,3.336201
13053,-0.858734
13054,0.198166
13055,1.526189
13056,-0.017301
13057,-0.661883
13058,0.503589
13059,1.311112
13060,1.024919
13061,-0.211254
13062,0.890048
13063,-0.186328
13064,0.445324
13065,-1.113156
13066,0.879811
13067,1.990082
13068,0.753289
13069,2.191788
13070,1.658046
13071,1.188006
13072,0.702046
13073,0.134902
13074,-0.626917
13075,-0.469079
13076,-0.124549
13077,0.014468
13078,-1.131126
13079,-0.821797
13080,0.467841
13081,1.230982
13082,-1.054214
13083,-0.784183
13084,0.813921
13085,0.046509
13086,0.754093
13087,0.866272
13088,0.269057
13089,0.150703
13090,0.111341
13091,-2.319619
13092,-1.254835
13093,-1.918785
13094,1.305446
13095,-0.838576
13096,0.381904
13097,-0.531320
13098,0.102691
13099,-2.244069
13100,-1.441925
13101,0.054117
13102,-0.253007
13103,0.550467
13104,0.403423
13105,-1.099999
13106,-0.739910
13107,-0.950150
13108,-0.407711
13109,1.355390
13110,-0.504734
13111,-1.299648
13112,0.169825
13113,-1.038713
13114,-1.213796
13115,-2.225165
13116,0.109686
13117,-0.921510
13118,-0.152604
13119,1.019796
13120,0.908134
13121,0.799850
13122,1.257861
13123,-0.162802
13124,-0.303633
13125,0.129442
13126,1.293316
13127,1.943969
13128,0.794783
13129,1.341578
13130,0.325755
13131,-0.295140
13132,-0.956794
13133,0.827082
13134,1.312416
13135,0.654036
13136,0.461070
13137,-0.424781
13138,0.715983
13139,-0.757571
13140,0.994184
13141,0.912452
13142,-0.210439
13143,0.583669
13144,-0.214410
13145,-0.442174
13146,1.587054
13147,1.862135
13148,0.098216
13149,0.573483
13150,-0.610096
13151,-0.944172
13152,-0.350498
13153,0.894489
13154,0.097802
13155,-0.509476
13156,-0.623785
13157,0.774506
13158,1.173862
13159,1.739360
13160,-1.144827
13161,-0.426079
13162,-2.065439
13163,-0.136534
13164,0.426900
13165,0.310172
13166,0.541646
13167,0.341881
13168,0.365690
13169,1.714944
13170,1.135396
13171,1.235730
13172,1.045968
13173,0.094936
13174,-0.776470
13175,1.489097
13176,-1.850417
13177,0.993842
13178,1.537988
13179,0.683264
13180,0.578989
13181,0.348486
13182,-1.201793
13183,-0.351543
13184,0.145574
13185,0.713684
13186,0.255352
13187,0.189557
13188,-0.859788
13189,-1.617775
13190,-0.441665
13191,0.555638
13192,2.055429
13193,1.146601
13194,-0.356545
13195,0.153424
13196,-1.179805
13197,0.050954
13198,-0.289395
13199,-0.714571
13200,-1.068195
13201,-1.802940
13202,-0.469095
13203,-2.483023
13204,-1.306512
13205,0.461249
13206,-0.301875
13207,-0.343021
13208,1.329338
13209,1.657290
13210,-0.341067
13211,-0.925147
13212,-0.949770
13213,0.282530
13214,0.755885
13215,-0.393017
13216,-1.863192
13217,-0.853858
13218,-1.953072
13219,-0.429817
13220,0.086338
13221,0.068520
13222,0.483965
13223,-0.567260
13224,-0.969818
13225,-0.794478
13226,-1.198437
13227,-2.475103
13228,-1.708591
13229,-0.826535
13230,-1.013705
13231,0.229585
13232,-0.083798
13233,1.322497
13234,-0.779799
13235,0.495406
13236,-0.002294
13237,-0.290406
13238,0.843825
13239,0.777814
13240,-0.526416
13241,2.035844
13242,0.527249
13243,0.890041
13244,-0.230558
13245,0.691058
13246,0.530744
13247,1.619067
13248,1.036723
13249,-1.567237
13250,-1.631822
13251,0.123824
13252,-0.948932
13253,0.380730
13254,0.274599
13255,-0.490214
13256,1.030340
13257,1.277802
13258,-0.765956
13259,-0.120999
13260,0.704201
13261,1.061758
13262,-0.642299
13263,0.064772
13264,0.580873
13265,2.019527
13266,-0.085787
13267,0.466848
13268,1.190824
13269,-0.169594
13270,-0.103220
13271,0.493565
13272,-0.847161
13273,0.432288
13274,-1.370321
13275,-1.310027
13276,1.108328
13277,1.453577
13278,0.105030
13279,-0.589153
13280,-0.267061
13281,-1.783370
13282,0.953010
13283,-0.618756
13284,-1.227493
13285,0.252761
13286,-1.312845
13287,-1.026549
13288,-1.214748
13289,-0.461901
13290,1.141350
13291,0.074530
13292,0.554482
13293,0.900993
13294,1.146721
13295,-0.446026
13296,-1.719158
13297,0.345424
13298,2.196950
13299,0.806540
13300,0.601124
13301,-0.654317
13302,-0.058198
13303,1.280497
13304,1.098238
13305,-1.360697
13306,-1.785825
13307,-0.962080
13308,-0.428431
13309,-0.622979
13310,-1.470018
13311,-1.013687
13312,-0.755635
13313,-0.734830
13314,0.762050
13315,1.182451
13316,-1.484076
13317,-0.325487
13318,-0.764843
13319,1.470769
13320,0.900594
13321,0.955340
13322,-0.698741
13323,-1.258748
13324,-2.132881
13325,-0.392222
13326,-1.074902
13327,-0.444031
13328,0.183008
13329,-0.117473
13330,-0.473297
13331,-1.834059
13332,-0.332466
13333,-0.659397
13334,-1.139076
13335,0.422974
13336,2.219385
13337,1.080550
13338,-0.355584
13339,-0.411598
13340,0.195269
13341,0.446842
13342,0.421372
13343,0.146967
13344,0.263216
13345,-0.636104
13346,0.365343
13347,0.209312
13348,-0.192805
13349,-0.004322
13350,-0.906167
13351,-0.418866
13352,0.434136
13353,-0.263353
13354,1.248450
13355,1.292941
13356,0.088903
13357,0.151197
13358,-0.517387
13359,0.114228
13360,-1.654817
13361,-2.752849
13362,0.470407
13363,0.404411
13364,-0.624579
13365,0.534279
13366,-1.042495
13367,0.795930
13368,-1.077089
13369,-0.513682
13370,-0.329584
13371,-0.336653
13372,0.850443
13373,0.898300
13374,-0.449163
13375,-0.676701
13376,-1.829824
13377,-0.631312
13378,-0.589029
13379,0.445192
13380,-1.130641
13381,0.044963
13382,0.893490
13383,1.584090
13384,-0.567642
13385,0.612729
13386,1.312138
13387,1.162439
13388,0.204092
13389,-0.663191
13390,-1.162064
13391,-0.864900
13392,1.645382
13393,1.613307
13394,2.294021
13395,1.653576
13396,0.687297
13397,-0.078799
13398,1.198178
13399,-0.740253
13400,-0.529727
13401,0.289054
13402,1.417500
13403,2.104692
13404,-0.224832
13405,-1.664014
13406,-0.130365
13407,-0.351242
13408,0.879332
13409,-0.023353
13410,1.676808
13411,0.272677
13412,1.121960
13413,-0.010101
13414,-1.165177
13415,-0.889874
13416,0.352710
13417,0.006350
13418,0.258541
13419,0.593902
13420,0.906711
13421,0.090013
13422,-0.429377
13423,-0.156336
13424,1.283773
13425,-1.382220
13426,0.785724
13427,-0.420729
13428,-0.725089
13429,1.601270
13430,1.035060
13431,0.257980
13432,0.569771
13433,2.191250
13434,-2.197421
13435,0.914492
13436,1.077486
13437,-2.263858
13438,-1.501631
13439,0.400918
13440,0.720825
13441,-0.172068
13442,1.105881
13443,1.844679
13444,0.136322
13445,-0.168333
13446,-1.056636
13447,2.359041
13448,2.207674
13449,0.879864
13450,-0.161250
13451,-1.307636
13452,-1.844686
13453,0.351430
13454,-0.248593
13455,-0.050459
13456,-0.948726
13457,-0.388503
13458,-0.280457
13459,-0.344941
13460,-0.672507
13461,0.285081
13462,0.219496
13463,0.563187
13464,-0.133109
13465,-1.369387
13466,-0.570978
13467,0.936139
13468,2.137764
13469,1.694230
13470,-0.564633
13471,1.381295
13472,-0.967443
13473,-0.141969
13474,-0.965689
13475,0.927494
13476,0.049111
13477,-0.218389
13478,-0.734646
13479,-1.028275
13480,-1.219181
13481,0.002518
13482,-1.219474
13483,-0.983091
13484,-0.689764
13485,0.364509
13486,-0.284463
13487,-0.345943
13488,0.107343
13489,-1.697142
13490,1.116328
13491,0.193739
13492,-0.252544
13493,-0.832793
13494,-1.163764
13495,0.055815
13496,-0.622527
13497,-0.550979
13498,-0.158072
13499,0.591949
13500,0.203071
13501,-0.988976
13502,-1.556575
13503,-0.419383
13504,-0.940659
13505,-0.461850
13506,0.277490
13507,1.219634
13508,0.168361
13509,0.957126
13510,1.500373
13511,2.671780
13512,1.296156
13513,0.934423
13514,1.114235
13515,0.810168
13516,0.796629
13517,0.674092
13518,-2.610624
13519,-0.470731
13520,0.060207
13521,1.049021
13522,0.567616
13523,-0.970606
13524,-1.955242
13525,0.708299
13526,0.483281
13527,0.713139
13528,0.317903
13529,1.002726
13530,0.053276
13531,-0.322222
13532,0.041955
13533,-0.242157
13534,-1.350225
13535,-0.308934
13536,-0.108082
13537,-1.469464
13538,-2.746691
13539,-0.092485
13540,-0.379641
13541,0.703456
13542,-0.284926
13543,0.561683
13544,-1.983296
13545,-0.295770
13546,-0.636626
13547,-0.054677
13548,0.721544
13549,2.993299
13550,-0.953228
13551,-0.790577
13552,0.581051
13553,-0.198736
13554,1.606728
13555,-1.491222
13556,-1.822019
13557,-0.603534
13558,0.485725
13559,0.420481
13560,0.404630
13561,0.964032
13562,-0.889670
13563,-0.650506
13564,1.496828
13565,-0.314440
13566,1.218470
13567,1.975080
13568,-0.592860
13569,-0.795177
13570,-1.162883
13571,0.102532
13572,-0.430615
13573,0.297116
13574,-0.286002
13575,0.125189
13576,0.348355
13577,-1.270321
13578,-0.597658
13579,-0.748143
13580,0.520039
13581,0.530172
13582,0.193556
13583,2.091430
13584,1.867995
13585,-0.390381
13586,0.514465
13587,0.527654
13588,2.268291
13589,-1.009048
13590,-1.478631
13591,0.024875
13592,-0.529505
13593,1.400194
13594,-0.175141
13595,0.254505
13596,0.314027
13597,-1.047810
13598,-1.048854
13599,0.163157
13600,-1.180244
13601,1.564071
13602,-0.760275
13603,-0.116954
13604,-0.251256
13605,-0.032004
13606,0.929124
13607,0.347524
13608,0.351416
13609,-0.025303
13610,0.409604
13611,-0.850599
13612,-0.001979
13613,0.165010
13614,-1.838800
13615,-0.658486
13616,0.253751
13617,-0.256806
13618,-0.856917
13619,-2.109330
13620,-0.396578
13621,0.455143
13622,0.140724
13623,0.173732
13624,-0.858659
13625,2.046440
13626,0.252134
13627,1.204291
13628,-0.154524
13629,0.175558
13630,-0.239381
13631,1.154697
13632,0.782494
13633,1.400614
13634,0.056706
13635,-1.562908
13636,0.417593
13637,-1.960421
13638,-0.726030
13639,-0.202340
13640,0.462311
13641,0.738212
13642,0.924722
13643,1.001709
13644,2.260936
13645,1.397869
13646,-0.917128
13647,-0.100673
13648,-0.614763
13649,-1.237646
13650,-1.367281
13651,-0.561066
13652,-0.590192
13653,-1.043918
13654,0.579913
13655,0.410686
13656,0.325661
13657,-1.337933
13658,0.208155
13659,-0.954718
13660,0.272631
13661,0.115622
13662,0.460621
13663,-0.191503
13664,0.063534
13665,0.473431
13666,0.079109
13667,0.474371
13668,0.835117
13669,0.977541
13670,0.783100
13671,-1.114962
13672,-0.916346
13673,-1.024717
13674,-0.471804
13675,1.553581
13676,-0.129461
13677,-0.822450
13678,-0.167661
13679,-0.251863
13680,0.588661
13681,-0.259425
13682,-0.711523
13683,0.207043
13684,0.334233
13685,-1.275557
13686,-2.072787
13687,-1.552152
13688,-0.472706
13689,0.290003
13690,0.061497
13691,0.722170
13692,-0.192325
13693,-0.831746
13694,0.111660
13695,0.353439
13696,1.065371
13697,-0.448333
13698,1.120427
13699,0.418037
13700,0.423058
13701,2.312871
13702,-1.083563
13703,-0.322381
13704,0.619958
13705,0.402038
13706,0.825475
13707,1.242021
13708,-1.298683
13709,1.108373
13710,0.762184
13711,-0.534199
13712,0.648194
13713,0.121032
13714,0.039979
13715,0.275080
13716,-0.831782
13717,-0.259968
13718,0.387182
13719,-0.211154
13720,0.809117
13721,-0.120439
13722,-1.473086
13723,-0.028689
13724,0.506093
13725,0.136822
13726,1.188215
13727,2.139672
13728,0.239843
13729,-0.250434
13730,-0.183400
13731,-0.193654
13732,-0.279658
13733,0.721641
13734,2.540736
13735,0.107381
13736,-0.125002
13737,0.277427
13738,-0.285546
13739,-3.033060
13740,-1.887668
13741,-1.577724
13742,1.142536
13743,0.668494
13744,-0.767408
13745,-0.567723
13746,0.857455
13747,-0.332048
13748,0.050728
13749,-0.161762
13750,-0.695588
13751,-0.316542
13752,-2.018946
13753,-1.883238
13754,-0.778413
13755,2.017217
13756,0.869342
13757,0.229116
13758,-0.729351
13759,0.664820
13760,-0.813923
13761,-2.044735
13762,-0.089707
13763,0.570855
13764,0.532718
13765,0.087480
13766,-1.337072
13767,-1.823243
13768,-0.530663
13769,0.076974
13770,2.075987
13771,1.458434
13772,-2.174415
13773,-0.779675
13774,-1.311673
13775,-0.514612
13776,-1.325134
13777,-1.958680
13778,-0.637947
13779,-1.389991
13780,-1.141944
13781,-1.580913
13782,0.448315
13783,1.187076
13784,0.751669
13785,1.228494
13786,-0.637693
13787,1.098211
13788,0.657740
13789,-2.032279
13790,-0.617409
13791,-0.510371
13792,-0.485209
13793,-0.373138
13794,-1.009936
13795,1.870441
13796,1.762383
13797,0.866311
13798,-0.060436
13799,0.190218
13800,0.081831
13801,0.471751
13802,-0.452753
13803,-0.860025
13804,-0.767385
13805,-0.322172
13806,-0.225654
13807,0.924295
13808,0.319901
13809,-0.327446
13810,-0.671605
13811,0.996447
13812,-0.092337
13813,-1.514824
13814,-2.158375
13815,0.471000
13816,-0.236670
13817,0.694015
13818,-0.685941
13819,-1.559545
13820,-1.697240
13821,-1.606285
13822,-0.295961
13823,-0.487165
13824,2.211806
13825,0.203057
13826,1.297206
13827,1.499434
13828,-0.837050
13829,-2.862176
13830,-1.482506
13831,-0.908022
13832,-1.797407
13833,0.012032
13834,0.166338
13835,-1.030382
13836,-2.164947
13837,0.331709
13838,-0.253581
13839,-0.448362
13840,-0.160552
13841,-0.059124
13842,0.213927
13843,1.496615
13844,0.875234
13845,0.553466
13846,-0.394583
13847,-0.710136
13848,-0.705558
13849,0.274369
13850,0.727541
13851,-0.843556
13852,0.998074
13853,0.112530
13854,1.175385
13855,0.246545
13856,-0.506065
13857,1.158244
13858,2.606983
13859,0.489033
13860,-0.353020
13861,-0.892570
13862,0.263679
13863,1.930299
13864,1.602547
13865,0.445370
13866,-1.597623
13867,-0.096031
13868,-0.381261
13869,-0.871018
13870,-1.363480
13871,1.539500
13872,0.898617
13873,0.805943
13874,-1.550595
13875,-0.279335
13876,-1.203986
13877,-0.972123
13878,-0.481307
13879,0.510170
13880,-0.119954
13881,2.022968
13882,-1.120108
13883,-1.150964
13884,-1.312585
13885,-2.277682
13886,-1.511473
13887,-0.685148
13888,0.417749
13889,-0.588493
13890,-0.719029
13891,-0.626887
13892,-0.871346
13893,-1.055272
13894,0.805140
13895,0.279448
13896,-0.422878
13897,2.033947
13898,1.017858
13899,0.785582
13900,0.604474
13901,-0.716990
13902,0.620980
13903,1.368502
13904,0.104644
13905,-0.590172
13906,0.741824
13907,0.300158
13908,-2.123150
13909,-1.978808
13910,49.561065
13911,62.204252
13912,69.192447
13913,63.681231
13914,66.098988
13915,67.238301
13916,65.414718
13917,67.990806
13918,64.708712
13919,68.117932
13920,67.635162
13921,68.752200
13922,64.398539
13923,62.605799
13924,60.585463
13925,64.361391
13926,65.101038
13927,68.170781
13928,65.913881
13929,67.037071
13930,63.202709
13931,62.934305
13932,65.921207
13933,68.918966
13934,64.559714
13935,67.974715
13936,71.827914
13937,68.096690
13938,66.617542
13939,66.617589
13940,66.454568
13941,68.061669
13942,63.611074
13943,63.786095
13944,67.149407
13945,64.310744
13946,66.661776
13947,68.817740
13948,66.034959
13949,65.688704
13950,66.776275
13951,65.711152
13952,66.644431
13953,67.753301
13954,68.455017
13955,68.887851
13956,69.586852
13957,68.201194
13958,64.818770
13959,67.741598
13960,66.489056
13961,70.717734
13962,67.418983
13963,64.794114
13964,66.675533
13965,67.420507
13966,69.001115
13967,68.817048
13968,67.438598
13969,65.686614
13970,66.917905
13971,68.600008
13972,65.859294
13973,65.890808
13974,67.913052
13975,66.374391
13976,67.703222
13977,65.125276
13978,63.891719
13979,66.117201
13980,63.074374
13981,62.335205
13982,64.543472
13983,65.724298
13984,69.155811
13985,67.241416
13986,69.117002
13987,66.894194
13988,66.652915
13989,65.699725
13990,70.429357
13991,65.104486
13992,67.967175
13993,65.772461
13994,62.292352
13995,64.059538
13996,63.525654
13997,62.753119
13998,67.076982
13999,71.000176
14000,68.863001
14001,69.274322
14002,65.789745
14003,64.972265
14004,64.431612
14005,67.482865
14006,66.329481
14007,60.892512
14008,63.794539
14009,66.351605
14010,63.891245
14011,65.943115
14012,67.752738
14013,67.076285
14014,66.777094
14015,69.008495
14016,65.027419
14017,64.754295
14018,66.179004
14019,66.005257
14020,66.955738
14021,69.144814
14022,67.241246
14023,68.056770
14024,62.093412
14025,65.379619
14026,64.069496
14027,61.935525
14028,67.161652
14029,65.584374
14030,66.591007
14031,64.398020
14032,69.629827
14033,68.038753
14034,67.915442
14035,64.852919
14036,68.207473
14037,65.920716
14038,66.318393
14039,65.535006
14040,65.556396
14041,62.529226
14042,61.235345
14043,63.823908
14044,63.571126
14045,66.859211
14046,63.802176
14047,69.598556
14048,69.662409
14049,66.155420
14050,63.251276
14051,66.950789
14052,67.357281
14053,63.237199
14054,65.550946
14055,68.229254
14056,68.325922
14057,69.935865
14058,67.519875
14059,63.166762
14060,65.228585
14061,63.729818
14062,63.841396
14063,64.950207
14064,64.117018
14065,67.811841
14066,64.987867
14067,69.337576
14068,66.882592
14069,68.666217
14070,71.490398
14071,67.193230
14072,62.589050
14073,66.702928
14074,66.237455
14075,67.632740
14076,65.134122
14077,63.522712
14078,68.254427
14079,65.813667
14080,66.589765
14081,66.141904
14082,68.108877
14083,65.109506
14084,67.943330
14085,67.820739
14086,67.705958
14087,64.009620
14088,65.025538
14089,67.466306
14090,68.067879
14091,65.023438
14092,67.131173
14093,65.759100
14094,66.942218
14095,66.530305
14096,65.764371
14097,65.795667
14098,65.986273
14099,68.728909
14100,68.174413
14101,65.255343
14102,67.891208
14103,68.615095
14104,68.764867
14105,66.810705
14106,66.750424
14107,67.813701
14108,66.294616
14109,65.075162
14110,65.784174
14111,65.703920
14112,66.731307
14113,67.726700
14114,67.083675
14115,62.777691
14116,65.644076
14117,66.156862
14118,62.587105
14119,66.397787
14120,64.736138
14121,69.550817
14122,68.028893
14123,65.326011
14124,66.797281
14125,69.637253
14126,67.032368
14127,61.792063
14128,67.868339
14129,70.247981
14130,68.277825
14131,65.023701
14132,69.488553
14133,67.016820
14134,64.810790
14135,63.466981
14136,65.119444
14137,67.835533
14138,65.978985
14139,69.701887
14140,66.608679
14141,67.514386
14142,67.125236
14143,65.207998
14144,64.744621
14145,65.826078
14146,68.756947
14147,67.361293
14148,65.452806
14149,63.038810
14150,64.197848
14151,68.489536
14152,68.660240
14153,69.250078
14154,70.499765
14155,65.131024
14156,65.386823
14157,67.605648
14158,64.970218
14159,68.524453
14160,66.284018
14161,65.541856
14162,70.804262
14163,70.368860
14164,68.694058
14165,67.469245
14166,68.580741
14167,66.408884
14168,66.620162
14169,67.506391
14170,66.141236
14171,64.171077
14172,67.458750
14173,66.645592
14174,65.111940
14175,66.710617
14176,66.429460
14177,65.169700
14178,67.127048
14179,68.608584
14180,64.245134
14181,69.755502
14182,67.884134
14183,65.556251
14184,69.173661
14185,69.099875
14186,69.222825
14187,66.744747
14188,68.899347
14189,68.163465
14190,69.420765
14191,70.082848
14192,68.758755
14193,66.861976
14194,61.714984
14195,68.187208
14196,67.535761
14197,67.529107
14198,66.623785
14199,66.494955
14200,66.672246
14201,69.996002
14202,66.841222
14203,64.448868
14204,67.373831
14205,66.463553
14206,64.079487
14207,69.763708
14208,68.584899
14209,66.687265
14210,65.736723
14211,68.605125
14212,17.330058
14213,4.855119
14214,3.336524
14215,1.728766
14216,0.476239
14217,0.036992
14218,-0.956801
14219,1.815065
14220,2.266701
14221,0.943106
14222,0.467382
14223,0.397705
14224,0.883648
14225,1.104954
14226,0.712285
14227,0.837188
14228,0.797429
14229,-0.936110
14230,0.282518
14231,-0.512484
14232,0.095075
14233,0.654659
14234,-0.558472
14235,0.686171
14236,-0.592430
14237,-1.244294
14238,1.388855
14239,0.980775
14240,1.217825
14241,1.103634
14242,-2.041400
14243,-0.412950
14244,-0.998630
14245,-0.650925
14246,0.115446
14247,-0.009427
14248,1.218058
14249,1.350980
14250,0.076614
14251,0.512557
14252,-1.817069
14253,-1.276843
14254,-0.033917
14255,0.163613
14256,1.340960
14257,1.215062
14258,-0.379031
14259,-0.644119
14260,-0.502193
14261,-1.472134
14262,0.509843
14263,1.278270
14264,1.371637
14265,-0.513379
14266,1.194380
14267,0.778326
14268,0.845343
14269,0.983497
14270,-1.290947
14271,0.925231
14272,0.949099
14273,-1.017781
14274,0.242603
14275,0.129767
14276,-0.395271
14277,0.483119
14278,-1.508892
14279,0.357122
14280,-0.134709
14281,-0.355981
14282,0.130313
14283,-1.330463
14284,-1.437565
14285,0.322038
14286,0.062852
14287,0.775148
14288,-0.085743
14289,0.587093
14290,0.502292
14291,1.227025
14292,-0.834623
14293,-1.483766
14294,0.135478
14295,-0.680622
14296,1.437958
14297,1.743638
14298,0.124820
14299,0.364210
14300,-1.349824
14301,-0.583145
14302,0.109368
14303,0.160229
14304,-0.021810
14305,-0.141133
14306,-0.091194
14307,-0.837533
14308,0.324388
14309,0.488042
14310,1.869140
14311,-1.308752
14312,-0.852019
14313,0.897068
14314,-2.171453
14315,0.306318
14316,-0.546702
14317,0.846118
14318,0.801744
14319,0.818586
14320,-0.028751
14321,-1.665310
14322,0.160815
14323,0.856532
14324,0.536371
14325,-1.208600
14326,-0.163146
14327,0.080855
14328,0.619927
14329,-1.075301
14330,1.296796
14331,1.053739
14332,0.731925
14333,-0.206080
14334,0.182307
14335,1.350501
14336,1.907690
14337,0.136145
14338,0.047246
14339,-0.884176
14340,-1.779048
14341,0.059764
14342,0.712559
14343,-0.742045
14344,0.365218
14345,-0.648931
14346,0.907743
14347,0.098257
14348,0.753333
14349,-0.236213
14350,-1.714595
14351,-1.790070
14352,-1.503924
14353,-0.418091
14354,-1.094017
14355,-0.723811
14356,0.497743
14357,-0.041064
14358,0.478281
14359,0.257536
14360,-1.452365
14361,-1.342555
14362,-0.301206
14363,-0.301451
14364,-0.035486
14365,-1.665485
14366,-0.097644
14367,0.312608
14368,2.876178
14369,0.232074
14370,0.711325
14371,0.218329
14372,-0.001476
14373,-1.542992
14374,-1.018311
14375,-0.535559
14376,0.284711
14377,-0.713063
14378,-0.196233
14379,-0.756435
14380,1.197319
14381,1.031334
14382,-0.408487
14383,0.226155
14384,0.145712
14385,0.795440
14386,-0.088907
14387,-1.111489
14388,0.001130
14389,0.005743
14390,2.588446
14391,0.817602
14392,2.399014
14393,2.026531
14394,0.440970
14395,0.105360
14396,1.335175
14397,0.090243
14398,1.492294
14399,-0.314530
14400,-1.581377
14401,-1.448749
14402,-1.348276
14403,0.396096
14404,-0.755527
14405,0.094480
14406,0.839506
14407,-0.173305
14408,0.741953
14409,1.194663
14410,0.476521
14411,1.565625
14412,0.150924
14413,-0.646418
14414,0.849629
14415,0.549895
14416,-1.572801
14417,-1.438630
14418,0.827409
14419,-0.330442
14420,1.823745
14421,-0.893764
14422,-0.370368
14423,-1.450403
14424,-0.507143
14425,0.638705
14426,1.457179
14427,-0.531168
14428,-1.480445
14429,0.276178
14430,0.145301
14431,0.829594
14432,-2.223308
14433,0.526316
14434,0.799633
14435,-0.029037
14436,0.057708
14437,0.888185
14438,0.052466
14439,0.624837
14440,-0.034421
14441,0.741811
14442,0.833445
14443,1.579049
14444,-0.581842
14445,0.140169
14446,0.598063
14447,0.567567
14448,1.233408
14449,1.530491
14450,-0.001123
14451,-0.569985
14452,-0.789924
14453,-0.118952
14454,1.274552
14455,0.321403
14456,-0.259354
14457,2.119408
14458,0.746438
14459,0.209822
14460,1.052215
14461,0.620560
14462,-1.817440
14463,-1.001082
14464,2.599755
14465,0.681473
14466,-0.216666
14467,-0.127314
14468,-0.685036
14469,-1.847821
14470,-2.157618
14471,-1.375951
14472,0.328404
14473,-1.316877
14474,0.249775
14475,0.264250
14476,-0.938775
14477,-0.162154
14478,0.469402
14479,1.369179
14480,1.544960
14481,0.741607
14482,-1.196138
14483,0.240571
14484,-1.611247
14485,-0.128749
14486,-0.611477
14487,-1.019637
14488,-0.681080
14489,-0.878971
14490,1.039135
14491,0.898524
14492,0.014521
14493,0.043521
14494,1.560154
14495,1.577121
14496,0.494865
14497,0.656913
14498,0.267635
14499,1.151474
14500,-0.257614
14501,0.405623
14502,0.316781
14503,0.337228
14504,-0.478820
14505,1.632184
14506,1.507776
14507,0.836514
14508,0.894430
14509,0.748142
14510,-1.315946
14511,-1.079393
14512,-0.491345
14513,0.747592
14514,0.780237
14515,0.588782
14516,0.045391
14517,1.677483
14518,0.076516
14519,-1.039885
14520,0.575323
14521,-0.337793
14522,1.128537
14523,0.551771
14524,0.299684
14525,-0.823608
14526,1.356734
14527,-0.396445
14528,-0.697114
14529,0.657429
14530,-0.879683
14531,0.507023
14532,-1.595639
14533,-0.239966
14534,-0.811870
14535,-0.857477
14536,0.713535
14537,-0.692146
14538,-1.052532
14539,0.357552
14540,-0.082301
14541,-0.361967
14542,0.626043
14543,-0.312411
14544,-0.801792
14545,0.927468
14546,-0.257690
14547,-0.075747
14548,-1.265958
14549,0.637458
14550,-0.209018
14551,-0.312219
14552,-1.292638
14553,0.767139
14554,-0.415301
14555,-1.007419
14556,-0.001668
14557,-0.592617
14558,0.395643
14559,1.346081
14560,-1.184383
14561,-0.115606
14562,-0.026714
14563,-0.387736
14564,-1.173598
14565,-0.152556
14566,-0.538150
14567,-0.452072
14568,0.399961
14569,0.067165
14570,-1.359154
14571,0.593369
14572,-0.174327
14573,-0.935106
14574,0.301780
14575,1.724732
14576,-0.799093
14577,-0.442009
14578,-0.122923
14579,0.027060
14580,0.138493
14581,-0.715380
14582,-0.212741
14583,0.976124
14584,0.048282
14585,-1.869239
14586,-0.116716
14587,1.036542
14588,1.414823
14589,0.710173
14590,-0.769391
14591,-1.695626
14592,0.221808
14593,0.589596
14594,-0.534596
14595,-0.344635
14596,0.554295
14597,-1.840143
14598,0.220803
14599,-0.354170
14600,0.301448
14601,0.605118
14602,1.010755
14603,1.367234
14604,0.231341
14605,0.939167
14606,0.881500
14607,-0.048713
14608,0.903172
14609,-0.666464
14610,-0.660197
14611,-0.142587
14612,-0.689838
14613,0.475145
14614,1.619249
14615,0.489135
14616,-0.077308
14617,-0.210263
14618,0.655762
14619,0.753242
14620,-1.497506
14621,-1.951227
14622,0.718461
14623,0.662905
14624,-1.186223
14625,1.556543
14626,-1.238224
14627,-0.136053
14628,-1.698314
14629,-1.893284
14630,0.175915
14631,-0.757300
14632,-0.036732
14633,1.626196
14634,0.968409
14635,0.374146
14636,-0.812232
14637,0.096461
14638,1.132899
14639,0.518673
14640,1.001763
14641,0.071556
14642,0.659276
14643,2.009893
14644,0.346616
14645,-1.084207
14646,-1.191002
14647,1.970893
14648,0.902801
14649,-0.480857
14650,0.403284
14651,0.515893
14652,0.288730
14653,0.007271
14654,-1.637322
14655,-0.575941
14656,-0.084345
14657,-1.645091
14658,0.184598
14659,-2.234595
14660,0.095767
14661,-0.492655
14662,0.368903
14663,1.595666
14664,0.564438
14665,-0.460920
14666,1.652238
14667,0.521984
14668,0.820983
14669,0.073230
14670,-0.857664
14671,0.017639
14672,-1.006429
14673,0.282669
14674,-0.583576
14675,0.129574
14676,0.102857
14677,-0.430979
14678,-0.975849
14679,-0.790254
14680,1.226726
14681,0.641330
14682,0.982700
14683,0.807503
14684,1.260786
14685,0.005005
14686,-0.564883
14687,-0.400666
14688,-1.542747
14689,-0.182981
14690,0.622715
14691,-1.757298
14692,0.342394
14693,1.883241
14694,2.569887
14695,1.100134
14696,1.720937
14697,0.272131
14698,-1.215052
14699,-0.728765
14700,-0.743324
14701,-1.242431
14702,-0.459623
14703,0.547657
14704,-1.878469
14705,0.018831
14706,-0.472791
14707,-0.038571
14708,0.104335
14709,1.486661
14710,0.518514
14711,-0.326714
14712,-0.436138
14713,-1.022617
14714,-0.342744
14715,0.787639
14716,-0.071762
14717,-0.399412
14718,-0.670931
14719,0.011986
14720,-0.124670
14721,0.609532
14722,0.207854
14723,2.637404
14724,1.113995
14725,0.453130
14726,-0.924746
14727,-1.329031
14728,-1.923068
14729,-2.058784
14730,-0.679436
14731,0.264287
14732,0.169137
14733,0.861999
14734,-0.539195
14735,-1.318655
14736,0.859235
14737,0.989208
14738,0.115790
14739,0.182739
14740,-0.828610
14741,-0.587407
14742,0.062150
14743,-1.910785
14744,-1.381417
14745,-2.005595
14746,0.086364
14747,0.033519
14748,1.569975
14749,-0.534709
14750,-0.760638
14751,0.092067
14752,0.185409
14753,-0.604486
14754,1.369729
14755,-0.471135
14756,-0.942883
14757,-0.263319
14758,0.839240
14759,0.435638
14760,-0.487424
14761,-0.812896
14762,0.487584
14763,0.323966
14764,0.938074
14765,-0.821255
14766,0.797408
14767,1.658158
14768,-0.187932
14769,0.418949
14770,1.039634
14771,0.907566
14772,-0.905607
14773,-1.165323
14774,-1.536119
14775,-0.774487
14776,-0.242147
14777,-0.169396
14778,-0.411531
14779,-0.178233
14780,-0.281541
14781,0.302282
14782,-0.148670
14783,-1.036697
14784,1.402685
14785,-0.558123
14786,0.470166
14787,2.136689
14788,1.972613
14789,0.717776
14790,0.778753
14791,-0.041160
14792,0.006561
14793,-0.845778
14794,-0.596156
14795,-0.671520
14796,0.491453
14797,-1.683271
14798,1.231869
14799,0.064019
14800,-0.184267
14801,-1.035654
14802,0.144582
14803,1.165208
14804,-0.380343
14805,1.260318
14806,0.209851
14807,-0.537126
14808,0.180301
14809,-1.341871
14810,-0.062675
14811,-0.690618
14812,-0.443878
14813,0.056877
14814,0.981375
14815,-0.205526
14816,-1.072249
14817,-1.013422
14818,0.574034
14819,-0.175785
14820,-0.543280
14821,-0.726581
14822,-1.276795
14823,-0.050433
14824,-0.525031
14825,0.984587
14826,0.165233
14827,-0.270653
14828,-0.930519
14829,-0.106410
14830,-1.235626
14831,-1.439262
14832,-0.223974
14833,0.759943
14834,0.356767
14835,0.671607
14836,0.569536
14837,1.091251
14838,-0.807315
14839,-0.074958
14840,0.608175
14841,-0.697488
14842,-0.650464
14843,2.012410
14844,1.771879
14845,-0.099918
14846,0.548173
14847,0.222208
14848,-0.152843
14849,0.778753
14850,0.565790
14851,-1.028383
14852,-0.576862
14853,-0.224847
14854,-0.659518
14855,0.686281
14856,-0.987728
14857,1.883604
14858,0.537890
14859,-0.802246
14860,0.207821
14861,1.952179
14862,2.358772
14863,0.975683
14864,0.931072
14865,-0.091311
14866,-0.547882
14867,0.399832
14868,-0.312454
14869,0.951205
14870,1.743876
14871,1.149941
14872,0.601876
14873,0.939258
14874,2.791088
14875,0.342635
14876,-0.355787
14877,0.695127
14878,0.029706
14879,-0.594307
14880,-1.996561
14881,-0.857480
14882,-0.552317
14883,-2.633220
14884,-0.216870
14885,-1.190770
14886,-0.651392
14887,0.954585
14888,0.058328
14889,-2.032655
14890,-0.142200
14891,1.385117
14892,0.458299
14893,0.921828
14894,0.015616
14895,0.735699
14896,-0.325746
14897,-0.977933
14898,1.172907
14899,-1.079302
14900,1.140548
14901,0.094496
14902,-0.007752
14903,-0.725832
14904,0.428251
14905,3.259789
14906,1.079187
14907,-1.117113
14908,-0.299019
14909,0.446424
14910,1.232111
14911,-1.888881
14912,-2.027142
14913,-0.650997
14914,-0.655400
14915,0.386364
14916,-0.513245
14917,-0.534688
14918,0.245065
14919,1.149079
14920,0.498345
14921,0.180680
14922,-0.480744
14923,2.186559
14924,1.377338
14925,0.398179
14926,0.068331
14927,-0.088728
14928,-0.413819
14929,0.303116
14930,-0.661998
14931,0.317130
14932,-0.213562
14933,-0.938721
14934,-0.260514
14935,-1.009205
14936,-0.576239
14937,-0.120109
14938,0.419213
14939,1.780288
14940,1.561527
14941,1.817051
14942,1.579846
14943,-0.857881
14944,-0.100043
14945,-0.592059
14946,-0.697392
14947,-0.357044
14948,-0.174225
14949,-1.662189
14950,-2.390730
14951,1.029497
14952,-0.137793
14953,0.453737
14954,0.183283
14955,1.818831
14956,1.255814
14957,0.139892
14958,-1.242545
14959,-1.212379
14960,-0.480441
14961,0.613221
14962,2.668629
14963,2.148534
14964,-0.036370
14965,-1.676140
14966,-1.103028
14967,-0.209046
14968,-1.709110
14969,0.219264
14970,-0.544491
14971,-0.925346
14972,-1.361476
14973,1.677447
14974,-0.081742
14975,0.566755
14976,3.409639
14977,0.688843
14978,1.667307
14979,0.323553
14980,-1.204332
14981,-1.178384
14982,-0.441925
14983,0.101321
14984,-0.442382
14985,1.043192
14986,-0.971702
14987,-0.096888
14988,1.201851
14989,1.095142
14990,1.805929
14991,1.446760
14992,-0.843258
14993,-2.040027
14994,0.966078
14995,0.098716
14996,1.652209
14997,1.004952
14998,-0.062869
14999,-0.176587
15000,0.807037
15001,-0.171350
15002,0.440307
15003,0.237882
15004,-0.215753
15005,0.996437
15006,0.684356
15007,1.821846
15008,0.398383
15009,1.807319
15010,1.720819
15011,-0.602396
15012,-2.744899
15013,-0.890856
15014,-2.614238
15015,-0.183689
15016,-0.462031
15017,1.136754
15018,0.954665
15019,1.719588
15020,0.675952
15021,0.825642
15022,0.295037
15023,0.254369
15024,-0.660174
15025,1.254663
15026,-0.439159
15027,1.950707
15028,1.152221
15029,0.154229
15030,0.043191
15031,0.261058
15032,0.977269
15033,2.228090
15034,1.766902
15035,-0.023598
15036,-1.251816
15037,-1.947233
15038,0.228417
15039,1.173702
15040,-0.394270
15041,-1.324390
15042,-1.868104
15043,1.644435
15044,1.613860
15045,0.193168
15046,-0.386576
15047,0.461492
15048,-0.356227
15049,0.930553
15050,-2.241315
15051,0.550201
15052,0.010024
15053,0.882277
15054,-1.346755
15055,-1.349631
15056,-2.373605
15057,-0.949361
15058,1.186184
15059,2.570266
15060,-1.255534
15061,2.273653
15062,-0.312328
15063,-0.396621
15064,-0.222207
15065,-0.899072
15066,-0.777037
15067,-0.704875
15068,-1.185862
15069,1.497949
15070,2.004837
15071,0.843094
15072,0.772325
15073,1.763601
15074,1.524204
15075,2.432687
15076,-0.522186
15077,0.537216
15078,-0.163868
15079,-0.827943
15080,0.340092
15081,-0.161395
15082,0.008272
15083,0.792275
15084,1.505642
15085,0.050556
15086,-0.989922
15087,-0.856615
15088,0.223846
15089,-1.646528
15090,-1.349895
15091,-1.457743
15092,0.662078
15093,0.152803
15094,0.252521
15095,-1.171226
15096,-0.565645
15097,-0.974277
15098,-0.857262
15099,0.255270
15100,-2.150741
15101,-0.319995
15102,-0.000657
15103,0.558330
15104,0.662353
15105,1.297317
15106,0.591774
15107,0.726534
15108,0.782153
15109,2.341896
15110,-0.827720
15111,-1.332079
15112,-0.750717
15113,-2.031104
15114,-1.967403
15115,-2.093585
15116,-1.295867
15117,0.430693
15118,-1.283095
15119,-0.945792
15120,-0.937832
15121,-1.327258
15122,-1.315488
15123,0.192551
15124,-0.739611
15125,0.866146
15126,-1.656817
15127,1.498353
15128,0.111482
15129,-1.401448
15130,0.905589
15131,0.214471
15132,1.204019
15133,-0.334817
15134,-2.160245
15135,-0.147593
15136,0.144377
15137,0.376024
15138,-0.254501
15139,-1.840729
15140,-1.716979
15141,-1.507727
15142,-0.645626
15143,0.702510
15144,-0.927907
15145,-0.837300
15146,-0.114646
15147,1.212009
15148,0.875653
15149,1.418525
15150,2.327016
15151,1.637157
15152,1.490952
15153,0.931665
15154,0.930532
15155,-0.073561
15156,-1.529348
15157,-1.009001
15158,-1.330209
15159,0.614454
15160,0.247700
15161,0.692747
15162,1.328768
15163,-0.226116
15164,0.186419
15165,-1.168403
15166,0.975073
15167,1.198226
15168,-1.802898
15169,-1.621339
15170,-1.283751
15171,-1.117869
15172,0.297877
15173,-1.310993
15174,-0.904900
15175,-1.127413
15176,0.426487
15177,-0.955715
15178,0.932574
15179,0.667510
15180,0.831661
15181,1.541782
15182,-0.104104
15183,0.029973
15184,-0.413532
15185,0.061820
15186,-1.437147
15187,0.344230
15188,0.039653
15189,0.391004
15190,-0.678401
15191,1.159572
15192,0.398934
15193,1.986277
15194,2.100657
15195,0.820449
15196,-0.007290
15197,0.415418
15198,0.874500
15199,0.881149
15200,1.367293
15201,-0.083595
15202,0.302402
15203,-0.184288
15204,0.626378
15205,-0.081876
15206,-0.141416
15207,1.867965
15208,0.836460
15209,-0.305178
15210,0.060509
15211,0.930394
15212,-0.852487
15213,-0.641614
15214,-0.663160
15215,-0.349076
15216,1.573189
15217,3.875763
15218,2.323409
15219,1.872832
15220,-0.047794
15221,-0.726869
15222,0.651833
15223,0.654390
15224,1.245785
15225,2.297405
15226,-0.755529
15227,-1.393511
15228,0.604008
15229,-0.152257
15230,0.816804
15231,0.614923
15232,0.474875
15233,0.741299
15234,1.374010
15235,-0.262572
15236,0.065292
15237,-0.429094
15238,-0.769739
15239,0.126782
15240,-1.861040
15241,-0.031163
15242,0.662168
15243,1.072656
15244,1.626642
15245,2.417291
15246,0.325171
15247,-0.124670
15248,1.249447
15249,-0.296389
15250,-0.509233
15251,1.876047
15252,1.253685
15253,0.881391
15254,-0.495710
15255,-0.220356
15256,-0.337315
15257,0.410001
15258,-1.919949
15259,0.823540
15260,0.891984
15261,0.638729
15262,0.558936
15263,1.417979
15264,1.329625
15265,0.152298
15266,-0.065850
15267,1.129312
15268,0.500173
15269,-0.113163
15270,0.243725
15271,1.572571
15272,0.488343
15273,0.246740
15274,2.085139
15275,-1.458117
15276,-0.141011
15277,-0.607548
15278,-0.302435
15279,1.596146
15280,0.861244
15281,-0.569913
15282,1.142697
15283,0.789184
15284,1.707481
15285,1.927758
15286,1.356317
15287,-0.341006
15288,1.015918
15289,0.442044
15290,-0.401690
15291,0.472018
15292,0.698404
15293,0.196745
15294,1.966964
15295,2.994963
15296,0.844881
15297,-0.815370
15298,1.946873
15299,0.562961
15300,0.063167
15301,-1.370866
15302,-0.531835
15303,0.064536
15304,-0.118087
15305,-0.371213
15306,-0.231068
15307,0.523394
15308,1.507911
15309,0.227835
15310,0.898192
15311,0.206838
15312,-0.380947
15313,0.200474
15314,0.134919
15315,-0.226531
15316,-1.442003
15317,-0.989960
15318,-1.846897
15319,-0.014700
15320,0.348304
15321,0.629481
15322,2.496007
15323,2.926363
15324,0.844290
15325,-1.220316
15326,0.270188
15327,-1.218279
15328,0.547537
15329,-0.810213
15330,-0.812475
15331,-0.669414
15332,1.469518
15333,0.187324
15334,-0.415571
15335,0.571089
15336,-0.843486
15337,-1.143978
15338,-0.558309
15339,-0.040675
15340,-0.058528
15341,0.499518
15342,-0.011716
15343,-1.556990
15344,0.838975
15345,-0.225460
15346,1.880455
15347,0.634550
15348,1.033161
15349,1.925858
15350,1.475141
15351,-0.543287
15352,-0.095892
15353,0.793384
15354,-0.388143
15355,-0.297374
15356,-0.275257
15357,1.240190
15358,0.748285
15359,-0.380593
15360,0.349704
15361,1.926183
15362,0.005162
15363,-0.941403
15364,0.817649
15365,0.759499
15366,-0.818182
15367,0.609444
15368,-1.430242
15369,1.347503
15370,2.315193
15371,0.662462
15372,0.821715
15373,0.331218
15374,0.346340
15375,1.256290
15376,-0.528716
15377,0.828588
15378,-0.293071
15379,0.149846
15380,-1.623482
15381,-0.462048
15382,-0.488225
15383,0.953449
15384,0.295378
15385,-0.975779
15386,0.185763
15387,-2.292789
15388,-2.200110
15389,0.232722
15390,0.714210
15391,2.597840
15392,-0.454573
15393,1.117548
15394,0.949104
15395,-1.879702
15396,-0.112104
15397,0.438836
15398,0.230502
15399,0.209414
15400,0.191157
15401,0.811131
15402,-0.564460
15403,0.243794
15404,-0.093357
15405,0.342095
15406,0.959982
15407,0.100030
15408,0.537919
15409,-1.961328
15410,-0.173300
15411,2.022225
15412,2.625144
15413,0.631231
15414,-0.685392
15415,0.293087
15416,-0.000731
15417,-1.067128
15418,0.150966
15419,-1.895907
15420,-0.292438
15421,-1.304977
15422,-0.419582
15423,-0.963223
15424,-0.041984
15425,1.055073
15426,1.458746
15427,-0.092115
15428,-0.002691
15429,0.729415
15430,1.015920
15431,0.864061
15432,-0.553972
15433,-0.250552
15434,0.530871
15435,-0.335373
15436,-0.412179
15437,1.166416
15438,1.562621
15439,2.390445
15440,-0.903833
15441,0.735273
15442,-0.330313
15443,-0.927182
15444,-1.363510
15445,-1.093888
15446,-1.457987
15447,1.036328
15448,1.299617
15449,1.646709
15450,1.609717
15451,0.015377
15452,-1.166754
15453,-0.171569
15454,-1.412200
15455,0.131976
15456,-0.731234
15457,0.615079
15458,-0.048254
15459,-0.572811
15460,-1.978090
15461,0.037778
15462,0.655577
15463,-0.319311
15464,0.336941
15465,1.289682
15466,-1.346230
15467,0.331696
15468,-1.872156
15469,-0.239706
15470,-0.178932
15471,-0.405905
15472,0.430530
15473,0.141929
15474,0.408594
15475,0.173509
15476,0.956760
15477,2.316247
15478,0.409067
15479,1.408829
15480,0.021181
15481,1.430358
15482,1.357424
15483,-0.703480
15484,-0.763645
15485,-1.200612
15486,0.361750
15487,-0.600570
15488,1.395104
15489,-0.517721
15490,-0.257992
15491,-0.538764
15492,-0.408183
15493,-0.232430
15494,-0.892924
15495,-2.073793
15496,-2.071483
15497,-1.415059
15498,-1.416894
15499,1.533516
15500,-0.007007
15501,-1.921356
15502,-1.097635
15503,-0.249505
15504,-0.678330
15505,-0.366875
15506,-0.348585
15507,0.091990
15508,1.497234
15509,1.266156
15510,-0.266373
15511,-0.847608
15512,-2.102011
15513,-0.323198
15514,1.379356
15515,-1.134142
15516,-0.557508
15517,0.890415
15518,1.078027
15519,2.016439
15520,-0.694845
15521,-1.429002
15522,-0.104637
15523,0.707132
15524,0.386907
15525,-1.125118
15526,1.779029
15527,0.145742
15528,0.051265
15529,-1.764518
15530,-1.153392
15531,0.043579
15532,0.763864
15533,-0.894285
15534,0.213655
15535,1.204372
15536,0.267507
15537,-1.121733
15538,-2.195581
15539,-1.697550
15540,-0.860247
15541,-0.471313
15542,0.054334
15543,0.116399
15544,0.414552
15545,0.042340
15546,-0.379712
15547,-1.333437
15548,0.912181
15549,-0.201841
15550,0.225497
15551,-0.491681
15552,-1.922570
15553,-2.798610
15554,0.006288
15555,-0.513703
15556,0.037205
15557,-1.427429
15558,-0.230370
15559,-2.374276
15560,-2.129113
15561,0.640128
15562,0.339220
15563,0.703553
15564,0.213722
15565,0.719363
15566,0.900646
15567,-0.676433
15568,-0.603915
15569,1.251610
15570,0.421246
15571,-0.892179
15572,0.962752
15573,1.321320
15574,0.804237
15575,-0.392685
15576,1.693136
15577,0.004646
15578,-0.272366
15579,-0.212375
15580,-0.539536
15581,-0.084586
15582,2.314964
15583,0.316439
15584,0.216122
15585,1.002923
15586,1.166974
15587,-0.130373
15588,0.627112
15589,1.669441
15590,0.208153
15591,2.381266
15592,0.358121
15593,-1.056699
15594,-1.726001
15595,-1.591059
15596,-2.179229
15597,-0.049236
15598,1.517749
15599,-0.475080
15600,0.558291
15601,0.694304
15602,0.578953
15603,-0.502487
15604,0.038660
15605,0.619637
15606,0.137990
15607,2.429244
15608,1.548417
15609,-0.884303
15610,-0.506355
15611,-0.353286
15612,-0.106921
15613,2.367251
15614,1.740913
15615,-1.461027
15616,-1.192131
15617,-0.704920
15618,0.723346
15619,-1.788112
15620,-0.706421
15621,1.906752
15622,0.327927
15623,-1.188685
15624,-0.304943
15625,2.226679
15626,2.309390
15627,0.633649
15628,-1.346084
15629,-2.157984
15630,-1.818704
15631,-0.070740
15632,0.563457
15633,0.088036
15634,0.258018
15635,0.162529
15636,0.667494
15637,-0.071704
15638,0.103806
15639,-1.162722
15640,-1.025846
15641,-0.629728
15642,0.341609
15643,1.094233
15644,0.076781
15645,0.492562
15646,0.856218
15647,0.197234
15648,-0.496991
15649,-0.265826
15650,0.676017
15651,0.310024
15652,-1.116538
15653,-1.393365
15654,-0.823833
15655,-0.474194
15656,0.526485
15657,-0.990879
15658,-0.423740
15659,0.899297
15660,-0.324056
15661,-1.237533
15662,-0.399592
15663,-0.333829
15664,-0.715403
15665,-1.482626
15666,-2.054142
15667,-0.282285
15668,-0.445010
15669,-0.411319
15670,-0.506472
15671,-0.382696
15672,1.093201
15673,1.094589
15674,-0.889885
15675,1.020773
15676,-0.461896
15677,-1.289009
15678,0.221720
15679,1.235791
15680,0.271492
15681,1.203571
15682,0.153542
15683,-1.204531
15684,0.467148
15685,0.252155
15686,-0.761082
15687,0.337426
15688,1.713776
15689,0.952973
15690,-1.850811
15691,-0.532940
15692,0.474026
15693,-0.075281
15694,0.300130
15695,2.000905
15696,2.197381
15697,-0.562277
15698,-0.674782
15699,-0.493725
15700,-0.107253
15701,0.582504
15702,-0.539231
15703,0.375026
15704,1.088025
15705,-0.211113
15706,-0.066848
15707,-1.094460
15708,-1.636678
15709,-0.038815
15710,-0.092978
15711,0.916817
15712,-0.551514
15713,-1.973965
15714,-1.662028
15715,-1.096568
15716,-1.537486
15717,-0.757834
15718,1.491757
15719,0.959505
15720,0.927787
15721,-0.857281
15722,0.952330
15723,-0.784187
15724,0.107756
15725,0.352172
15726,-1.309618
15727,-0.777476
15728,-0.329882
15729,1.479206
15730,0.158884
15731,-2.027176
15732,-1.018921
15733,-1.733165
15734,-0.777301
15735,-0.686285
15736,0.251232
15737,2.063474
15738,0.903546
15739,0.408408
15740,1.155576
15741,0.056004
15742,-2.505570
15743,-0.605804
15744,0.133479
15745,1.025849
15746,0.302703
15747,0.386295
15748,0.798035
15749,0.352750
15750,-0.408140
15751,0.937891
15752,2.242346
15753,1.762306
15754,0.680212
15755,-0.218801
15756,-0.049442
15757,0.581236
15758,0.701479
15759,1.667202
15760,0.781178
15761,-0.336580
15762,-2.007056
15763,0.745316
15764,1.016849
15765,0.420111
15766,-0.299369
15767,0.292449
15768,-0.193959
15769,-0.411110
15770,-0.862556
15771,1.244104
15772,-0.583601
15773,-0.261276
15774,-0.111543
15775,-0.282755
15776,-0.364809
15777,-0.322013
15778,0.685698
15779,-1.510900
15780,-1.453213
15781,0.385143
15782,-0.167640
15783,0.751927
15784,0.106839
15785,1.271013
15786,-0.729943
15787,-0.170857
15788,-1.598728
15789,-1.153337
15790,-0.911571
15791,-1.130927
15792,0.716467
15793,-0.480557
15794,1.053828
15795,2.256569
15796,-0.335537
15797,-2.473889
15798,-0.922596
15799,-1.118956
15800,0.672279
15801,-0.783088
15802,-0.601092
15803,-1.321944
15804,-1.388214
15805,-1.665915
15806,-1.663345
15807,0.273486
15808,-0.508264
15809,0.214553
15810,-0.137694
15811,-0.154042
15812,-0.450589
15813,1.089105
15814,0.562629
15815,-0.615928
15816,0.792680
15817,0.132294
15818,1.643337
15819,-0.781496
15820,-1.343650
15821,-1.894949
15822,-1.093064
15823,-1.420958
15824,-0.694845
15825,1.105566
15826,0.755402
15827,0.878764
15828,0.368689
15829,0.611805
15830,-0.191205
15831,0.519472
15832,0.080056
15833,-1.360382
15834,-1.437518
15835,-2.550518
15836,-1.864413
15837,-1.061924
15838,0.474878
15839,0.531718
15840,0.950833
15841,-0.470892
15842,-0.401500
15843,-1.038361
15844,0.121452
15845,0.504752
15846,-0.003220
15847,-1.842983
15848,-0.999336
15849,0.605828
15850,-1.328243
15851,0.197952
15852,-0.973304
15853,0.434332
15854,1.247775
15855,0.759885
15856,0.385434
15857,-0.737096
15858,-0.789862
15859,-0.220221
15860,0.567135
15861,1.176303
15862,0.111054
15863,0.064798
15864,-0.262882
15865,-0.908668
15866,-0.805426
15867,0.458128
15868,0.552390
15869,-0.945533
15870,-0.562757
15871,-1.063550
15872,-2.608579
15873,-0.091707
15874,-0.830644
15875,-0.662749
15876,-0.356120
15877,2.090446
15878,1.993919
15879,0.782109
15880,1.142215
15881,0.358711
15882,-3.029922
15883,-3.710809
15884,-0.526844
15885,0.642369
15886,-0.776703
15887,-1.489714
15888,-2.573770
15889,0.119243
15890,1.860961
15891,-0.684192
15892,-0.024215
15893,0.929327
15894,0.988232
15895,-2.514102
15896,-0.402656
15897,0.185090
15898,-1.411246
15899,0.775828
15900,1.143103
15901,1.131949
15902,0.337084
15903,-0.458462
15904,-0.458872
15905,-0.168615
15906,-0.826586
15907,0.333825
15908,1.970387
15909,0.037462
15910,-0.399565
15911,0.548842
15912,-0.099792
15913,-1.369996
15914,-1.231040
15915,0.581884
15916,0.616476
15917,-1.150470
15918,-1.170358
15919,0.158908
15920,2.473081
15921,-0.199486
15922,1.783823
15923,0.084810
15924,-0.234632
15925,-1.623894
15926,1.446701
15927,1.181166
15928,-0.741253
15929,2.436197
15930,0.419273
15931,0.519470
15932,0.146496
15933,1.897046
15934,1.412251
15935,0.226067
15936,0.127360
15937,-0.201783
15938,0.698343
15939,-0.073849
15940,-0.401632
15941,2.076942
15942,2.258019
15943,0.894895
15944,0.050719
15945,0.089445
15946,0.695510
15947,1.241787
15948,0.249134
15949,1.079991
15950,-0.212758
15951,-1.057944
15952,0.539981
15953,0.371203
15954,-0.371906
15955,-0.402700
15956,-1.326509
15957,-0.896707
15958,-0.206208
15959,0.006545
15960,-0.498975
15961,-0.736033
15962,0.655516
15963,0.441269
15964,0.033486
15965,2.813782
15966,0.713952
15967,0.747320
15968,1.106440
15969,0.666845
15970,1.348577
15971,-0.219375
15972,0.339985
15973,0.899961
15974,0.473092
15975,-0.293469
15976,1.105293
15977,-1.106236
15978,0.677450
15979,1.596538
15980,0.717773
15981,2.174664
15982,-0.347663
15983,-1.046866
15984,-0.741134
15985,-0.793468
15986,-1.981747
15987,-1.510469
15988,0.985207
15989,-0.512528
15990,-0.831607
15991,-0.071529
15992,-0.440724
15993,-0.614429
15994,0.664611
15995,-1.077239
15996,-0.031407
15997,0.653516
15998,1.653970
15999,0.364123
16000,-0.142781
16001,0.967944
16002,0.859608
16003,0.470878
16004,0.982330
16005,1.041067
16006,-2.214153
16007,-1.707505
16008,-1.535917
16009,0.783487
16010,0.566376
16011,-1.956859
16012,-0.697095
16013,-0.004771
16014,0.044902
16015,-0.355476
16016,0.874041
16017,1.714410
16018,2.256798
16019,0.673159
16020,0.277315
16021,1.478042
16022,-1.655292
16023,-1.715633
16024,0.319523
16025,-1.361418
16026,-0.178590
16027,0.667290
16028,-1.297901
16029,0.538954
16030,0.493810
16031,0.390828
16032,0.024618
16033,1.525656
16034,-2.086095
16035,0.252544
16036,0.528261
16037,-0.783539
16038,0.145988
16039,-0.526280
16040,-0.348296
16041,-0.045859
16042,-0.141451
16043,0.052254
16044,0.813548
16045,0.687461
16046,0.747802
16047,-0.185123
16048,1.407548
16049,3.369396
16050,0.832910
16051,0.680975
16052,1.261554
16053,-0.447567
16054,-1.924958
16055,0.520353
16056,0.755791
16057,1.109673
16058,2.672409
16059,0.123883
16060,0.507551
16061,1.539572
16062,0.823076
16063,0.762141
16064,2.276184
16065,0.294367
16066,-0.412203
16067,0.891927
16068,0.708849
16069,0.658776
16070,1.806811
16071,-0.819420
16072,-0.620971
16073,-1.476602
16074,-1.161551
16075,-0.529195
16076,-2.524133
16077,0.370365
16078,1.161167
16079,1.024085
16080,-0.228361
16081,-0.386817
16082,1.213475
16083,-0.186130
16084,1.369555
16085,-1.182732
16086,-0.126840
16087,0.663952
16088,1.952703
16089,-0.652713
16090,0.185737
16091,-0.205670
16092,1.088510
16093,0.172670
16094,0.655331
16095,0.342744
16096,0.817199
16097,2.180359
16098,0.570490
16099,0.898691
16100,-0.894723
16101,1.158244
16102,0.464805
16103,0.291522
16104,0.086360
16105,1.400852
16106,0.689275
16107,-0.320582
16108,-0.404487
16109,-0.544284
16110,-0.715268
16111,1.284961
16112,0.667932
16113,0.391577
16114,-1.081953
16115,-0.062234
16116,-0.510255
16117,-0.086158
16118,0.103137
16119,1.158505
16120,-0.878395
16121,0.626292
16122,-0.294355
16123,-1.105826
16124,1.024499
16125,0.002796
16126,1.217692
16127,1.541282
16128,0.125891
16129,1.235052
16130,0.835225
16131,0.141733
16132,1.487290
16133,0.728733
16134,-0.367748
16135,1.088078
16136,0.682314
16137,-0.157449
16138,0.169395
16139,1.357183
16140,0.321613
16141,-0.857983
16142,0.702447
16143,-0.022312
16144,0.258744
16145,-0.006147
16146,0.425403
16147,1.079518
16148,0.375968
16149,0.258143
16150,-1.035916
16151,-1.373867
16152,1.730224
16153,-1.462765
16154,-0.981065
16155,-2.172031
16156,-0.253487
16157,-0.267616
16158,0.389816
16159,0.024946
16160,0.068887
16161,-1.808479
16162,0.089958
16163,-1.071661
16164,0.124606
16165,-0.317802
16166,-0.036062
16167,2.164975
16168,1.083837
16169,0.208372
16170,0.046664
16171,-1.300229
16172,-0.937483
16173,-1.206408
16174,0.322224
16175,-0.008244
16176,-2.790884
16177,-1.183527
16178,-1.289605
16179,0.927184
16180,-0.441019
16181,0.572168
16182,-2.013706
16183,-0.538948
16184,-0.314534
16185,1.404439
16186,1.079841
16187,-0.419073
16188,-0.748281
16189,0.964402
16190,2.130393
16191,0.459048
16192,0.638422
16193,0.459612
16194,-0.840236
16195,0.484933
16196,-1.677447
16197,-0.843095
16198,-0.016055
16199,-0.077738
16200,0.283894
16201,2.801764
16202,0.149718
16203,-0.463925
16204,-0.812355
16205,0.131756
16206,0.383483
16207,0.444954
16208,-1.354175
16209,-0.112121
16210,-2.460057
16211,-0.841013
16212,-1.604961
16213,-1.254496
16214,-0.366056
16215,1.000037
16216,-0.556660
16217,-1.689400
16218,-0.138021
16219,0.360203
16220,-0.447897
16221,-1.459949
16222,-0.984132
16223,0.138791
16224,-1.376060
16225,-1.671640
16226,0.929345
16227,-0.923454
16228,-0.523879
16229,-0.878953
16230,-0.203416
16231,-1.170804
16232,-0.790370
16233,0.545833
16234,-0.590565
16235,0.562983
16236,-0.744804
16237,-0.036734
16238,-1.394660
16239,-2.295993
16240,-1.151778
16241,-0.110379
16242,0.372669
16243,1.828442
16244,-0.500741
16245,0.233104
16246,1.211438
16247,0.708585
16248,-0.036640
16249,-0.562167
16250,-0.420136
16251,-1.329747
16252,0.424302
16253,-0.413917
16254,-0.299835
16255,-0.495181
16256,-0.952469
16257,-0.997067
16258,-1.426039
16259,-0.286816
16260,-0.847763
16261,-0.225949
16262,0.255463
16263,1.269742
16264,0.899570
16265,-0.543859
16266,-0.773782
16267,0.437475
16268,1.618345
16269,0.044385
16270,0.907798
16271,0.047151
16272,-0.251952
16273,-0.889340
16274,-2.248406
16275,-1.043878
16276,0.795005
16277,0.862263
16278,1.812856
16279,-0.100618
16280,-1.043577
16281,1.560025
16282,0.512593
16283,1.056140
16284,1.285025
16285,0.764040
16286,0.597698
16287,-1.330144
16288,1.126605
16289,1.237910
16290,0.520053
16291,-0.270540
16292,-1.444766
16293,-0.403491
16294,0.873226
16295,-0.199876
16296,-0.656203
16297,0.170140
16298,-0.173004
16299,-0.200726
16300,0.236211
16301,0.799792
16302,-0.562876
16303,-0.574331
16304,0.300484
16305,-0.694081
16306,-0.500776
16307,-1.217892
16308,1.379265
16309,0.723765
16310,-0.561057
16311,-0.313344
16312,-0.102684
16313,-0.470026
16314,0.669816
16315,1.347800
16316,0.183727
16317,2.034401
16318,1.512420
16319,-0.244115
16320,-0.531708
16321,0.737622
16322,0.091311
16323,1.397543
16324,0.589439
16325,0.275352
16326,0.155771
16327,0.054974
16328,-0.408690
16329,-0.039302
16330,1.044199
16331,0.948424
16332,1.308607
16333,-1.302295
16334,-1.113582
16335,0.674989
16336,-0.634542
16337,0.682417
16338,1.529149
16339,0.138419
16340,0.087808
16341,-0.020742
16342,-1.427373
16343,-1.552247
16344,0.241706
16345,0.962121
16346,-1.376194
16347,-0.702161
16348,-0.634938
16349,-0.714206
16350,-0.127323
16351,-0.972225
16352,-1.169442
16353,-0.884025
16354,-1.505750
16355,0.802903
16356,0.386435
16357,-0.402791
16358,0.144792
16359,0.385690
16360,-0.185206
16361,-1.302584
16362,-0.236174
16363,0.469062
16364,0.475747
16365,-1.169211
16366,1.248189
16367,-1.099485
16368,-0.400717
16369,1.592001
16370,1.610310
16371,1.123501
16372,-0.168851
16373,1.369735
16374,-0.411520
16375,0.702924
16376,0.688013
16377,-0.815713
16378,1.855317
16379,-0.650995
16380,-0.891079
16381,-0.460331
16382,-0.181690
16383,-2.127519
16384,0.089367
16385,-1.980796
16386,-1.334930
16387,0.998169
16388,1.513906
16389,0.388142
16390,0.392111
16391,0.768418
16392,-1.375558
16393,-0.757941
16394,1.613640
16395,2.151447
16396,-0.214323
16397,-1.220266
16398,-0.037388
16399,-0.782530
16400,-0.608215
16401,-0.692840
16402,0.572590
16403,-1.104616
16404,-1.330677
16405,-0.345147
16406,-1.155529
16407,-0.053706
16408,-0.061810
16409,0.846191
16410,-0.696415
16411,0.102095
16412,0.851271
16413,-1.735560
16414,-1.819040
16415,-1.403927
16416,0.189244
16417,-0.393765
16418,-0.338795
16419,-0.407524
16420,-0.647015
16421,0.046684
16422,-1.316480
16423,0.432002
16424,1.354170
16425,-1.346079
16426,-0.741225
16427,-1.423431
16428,-0.377165
16429,1.857688
16430,0.607510
16431,-1.448228
16432,1.838595
16433,0.894397
16434,-0.071881
16435,0.701768
16436,-0.437163
16437,-0.396069
16438,0.546219
16439,-0.180872
16440,0.142652
16441,-0.007220
16442,-0.534002
16443,-0.545453
16444,-1.271111
16445,-1.837253
16446,-0.255412
16447,0.165327
16448,1.663076
16449,-0.009579
16450,-0.190653
16451,-0.121442
16452,0.451546
16453,0.386610
16454,-0.456338
16455,-0.870927
16456,0.529002
16457,1.167161
16458,-0.487932
16459,0.525673
16460,0.665803
16461,1.526683
16462,0.927544
16463,-0.090069
16464,1.412396
16465,0.530443
16466,-0.302811
16467,0.038721
16468,0.914805
16469,-0.385563
16470,1.917883
16471,0.497770
16472,-0.172355
16473,-2.640121
16474,0.128568
16475,-0.432793
16476,0.972160
16477,0.754523
16478,-0.741348
16479,-0.308911
16480,-1.649050
16481,-1.646468
16482,-0.934681
16483,0.377350
16484,1.171081
16485,0.407057
16486,-1.201685
16487,-0.767788
16488,0.431927
16489,0.790643
16490,-1.127260
16491,-1.573819
16492,-0.576754
16493,1.384198
16494,-0.244047
16495,1.428329
16496,0.354539
16497,-0.053998
16498,0.248601
16499,0.950341
16500,0.530538
16501,-0.450049
16502,-0.186146
16503,-0.401195
16504,-1.942713
16505,0.437691
16506,1.886127
16507,0.036780
16508,1.245099
16509,-1.946770
16510,0.679979
16511,0.510359
16512,-0.810668
16513,-2.184451
16514,-1.747303
16515,-2.433348
16516,-1.854481
16517,0.154890
16518,1.028616
16519,0.329060
16520,0.489504
16521,0.762857
16522,-0.040166
16523,0.133294
16524,0.225413
16525,0.068032
16526,-0.131190
16527,-0.248243
16528,-0.194850
16529,0.997023
16530,-1.013230
16531,1.413067
16532,-1.153589
16533,-0.357029
16534,-0.043983
16535,1.033694
16536,-0.625477
16537,0.892477
16538,0.713138
16539,1.253972
16540,-1.190699
16541,-1.429912
16542,-1.162862
16543,-0.761353
16544,-0.970340
16545,0.187551
16546,0.378296
16547,-0.924078
16548,-1.084591
16549,-0.677110
16550,-0.667553
16551,-0.555195
16552,0.548649
16553,-0.596711
16554,0.342841
16555,0.475173
16556,-0.588651
16557,-1.563847
16558,-0.531799
16559,-0.106721
16560,0.893593
16561,1.209704
16562,0.093176
16563,0.013490
16564,-0.435629
16565,0.851076
16566,-1.349453
16567,-1.217900
16568,1.236319
16569,0.412831
16570,0.128779
16571,-0.735765
16572,-0.099071
16573,-0.332040
16574,-1.394663
16575,0.660106
16576,-0.612026
16577,-0.741951
16578,0.341941
16579,0.310669
16580,0.835617
16581,0.312291
16582,0.521282
16583,-1.399050
16584,-1.298575
16585,-1.925721
16586,-0.120755
16587,0.718711
16588,-0.520788
16589,-0.696831
16590,0.427441
16591,-0.934534
16592,-0.231735
16593,-0.338222
16594,0.247513
16595,0.017846
16596,0.440693
16597,0.836027
16598,-2.210654
16599,0.248738
16600,-0.435834
16601,-0.723548
16602,-0.210637
16603,0.267366
16604,-1.530584
16605,-0.001822
16606,0.325070
16607,-0.904502
16608,1.250544
16609,-1.814593
16610,-0.890997
16611,-1.467534
16612,-2.069763
16613,0.689368
16614,2.184314
16615,0.515982
16616,0.938886
16617,0.717608
16618,0.991336
16619,0.140106
16620,-0.088938
16621,0.054150
16622,-1.371062
16623,1.185183
16624,-0.809615
16625,1.474325
16626,-0.025774
16627,0.610525
16628,0.795101
16629,0.596628
16630,-0.655876
16631,0.598712
16632,0.501738
16633,0.389361
16634,0.838284
16635,0.010871
16636,2.347208
16637,0.763153
16638,-0.024453
16639,-1.172446
16640,-0.306937
16641,-1.199162
16642,-2.005921
16643,-1.665503
16644,0.622568
16645,-2.597409
16646,-1.011400
16647,1.096875
16648,-0.851769
16649,-1.745706
16650,0.790377
16651,0.769054
16652,1.050262
16653,0.380743
16654,-0.984736
16655,-0.948766
16656,-0.717902
16657,-0.760409
16658,-0.008195
16659,0.602992
16660,-1.567013
16661,0.284850
16662,-2.579241
16663,1.044385
16664,0.058279
16665,-0.205721
16666,-0.531725
16667,-1.119531
16668,0.011033
16669,-0.101523
16670,-1.563145
16671,-0.170333
16672,0.515552
16673,-0.794781
16674,-0.351360
16675,-1.696712
16676,0.819313
16677,0.067464
16678,1.682933
16679,1.544091
16680,0.670160
16681,-1.079564
16682,-0.791044
16683,-0.108824
16684,2.625091
16685,-0.778582
16686,1.185022
16687,0.828111
16688,1.938263
16689,0.810008
16690,-0.094262
16691,0.619540
16692,0.924481
16693,1.249900
16694,-0.721034
16695,-1.039735
16696,-0.531423
16697,-0.877764
16698,0.624191
16699,-1.672873
16700,0.951245
16701,0.793627
16702,0.111796
16703,1.557562
16704,-2.280268
16705,-0.254140
16706,0.430486
16707,0.180516
16708,0.314983
16709,1.645999
16710,-0.337840
16711,0.092162
16712,-0.148710
16713,1.073410
16714,0.311167
16715,-0.744277
16716,0.313669
16717,-1.399155
16718,-0.521057
16719,-1.169275
16720,-2.000821
16721,-0.147739
16722,-1.365064
16723,-0.570029
16724,0.065163
16725,-1.464831
16726,-1.032191
16727,0.027941
16728,0.593492
16729,0.082962
16730,-0.492503
16731,-0.171331
16732,0.416066
16733,-0.452641
16734,-0.961475
16735,-0.422713
16736,-0.987311
16737,0.482762
16738,-1.858571
16739,-1.222457
16740,2.259070
16741,-0.130074
16742,1.354702
16743,-1.041629
16744,-0.904960
16745,-0.466407
16746,-0.834845
16747,-0.327113
16748,0.008279
16749,0.029377
16750,0.167500
16751,0.228813
16752,2.398593
16753,0.977981
16754,0.210040
16755,0.261191
16756,1.026453
16757,-0.064961
16758,0.124301
16759,0.064557
16760,0.850150
16761,0.170569
16762,-0.805275
16763,0.303371
16764,0.389704
16765,0.460552
16766,-0.972833
16767,0.122637
16768,0.411909
16769,0.019742
16770,-0.008887
16771,-1.226678
16772,-1.543005
16773,-0.719023
16774,0.050532
16775,0.518402
16776,0.811264
16777,-1.381496
16778,-0.656818
16779,0.078917
16780,0.135410
16781,-0.727499
16782,-0.741231
16783,-2.131456
16784,0.231399
16785,-1.640137
16786,-0.361123
16787,-0.804505
16788,2.710705
16789,1.621949
16790,0.732023
16791,1.300667
16792,-0.074389
16793,1.517954
16794,1.029816
16795,-1.459393
16796,-0.386006
16797,-0.864053
16798,-0.330990
16799,-0.030319
16800,-0.490988
16801,-1.140145
16802,-2.614822
16803,-1.564032
16804,-0.638756
16805,-0.182361
16806,-0.645247
16807,-0.103937
16808,0.193886
16809,0.658999
16810,-0.403944
16811,-2.829499
16812,-0.796177
16813,-0.634428
16814,1.573961
16815,0.207249
16816,-2.356156
16817,-2.236482
16818,-0.123245
16819,-0.440061
16820,-1.978022
16821,0.157584
16822,0.015740
16823,0.795931
16824,-0.179031
16825,-2.345119
16826,-0.698099
16827,-0.652493
16828,-1.238605
16829,-2.320358
16830,0.918040
16831,-1.249671
16832,0.864832
16833,-0.203952
16834,-0.342862
16835,0.418323
16836,-0.652204
16837,-0.370037
16838,-0.483587
16839,1.134662
16840,-1.532874
16841,-0.308702
16842,-1.509129
16843,0.521639
16844,-0.067256
16845,1.172963
16846,-1.067697
16847,-1.471777
16848,-0.283945
16849,0.546782
16850,0.639836
16851,-1.108977
16852,1.937509
16853,0.985566
16854,-1.663483
16855,-0.657106
16856,0.599005
16857,-0.856417
16858,-1.287968
16859,0.681252
16860,0.264005
16861,-1.078354
16862,-0.062924
16863,-0.424157
16864,0.525344
16865,-0.183327
16866,0.803485
16867,2.365459
16868,2.057518
16869,-0.286156
16870,-0.285561
16871,-0.317139
16872,0.929595
16873,0.461669
16874,-0.564827
16875,-0.458218
16876,-0.676360
16877,1.006934
16878,2.715135
16879,0.959048
16880,-0.018695
16881,0.731238
16882,0.490523
16883,1.708129
16884,-0.118878
16885,0.408671
16886,-0.293591
16887,0.386956
16888,1.550345
16889,0.102441
16890,-1.266130
16891,-0.109211
16892,-1.345574
16893,-0.534779
16894,0.256903
16895,1.510633
16896,1.152923
16897,-0.014751
16898,-2.229187
16899,0.025657
16900,0.599826
16901,-0.742078
16902,0.414065
16903,-0.082133
16904,-0.485061
16905,0.844188
16906,0.621325
16907,-0.358988
16908,2.601143
16909,0.870752
16910,-0.300070
16911,-0.191558
16912,0.829152
16913,0.414623
16914,0.885514
16915,-0.582029
16916,-1.483601
16917,-0.839090
16918,-0.850479
16919,-0.227989
16920,0.125706
16921,1.808027
16922,-0.184234
16923,0.904666
16924,1.321373
16925,-1.718617
16926,0.775745
16927,-2.153647
16928,-1.454096
16929,-0.819931
16930,-0.205755
16931,-0.876440
16932,-0.740370
16933,-1.358482
16934,-1.396822
16935,-0.158931
16936,-0.438718
16937,1.154415
16938,-0.955678
16939,-0.925068
16940,-0.508100
16941,-1.112933
16942,-1.053194
16943,-1.608185
16944,0.208903
16945,-0.188516
16946,-0.425574
16947,-0.102165
16948,0.850363
16949,-0.860879
16950,-0.604853
16951,-0.790548
16952,-0.587769
16953,1.546371
16954,0.003212
16955,0.427555
16956,-0.704060
16957,1.136615
16958,1.153635
16959,-0.286014
16960,-0.738077
16961,-0.770710
16962,-0.368917
16963,-0.484848
16964,0.713807
16965,-0.532093
16966,-0.959387
16967,-0.129522
16968,-0.155337
16969,-0.341837
16970,-0.802846
16971,1.810040
16972,2.345086
16973,-0.009926
16974,-1.239727
16975,1.001546
16976,-0.240421
16977,-0.505628
16978,-0.566254
16979,1.163858
16980,0.528377
16981,-0.259240
16982,0.365315
16983,0.471702
16984,0.903977
16985,1.356322
16986,1.043637
16987,0.406939
16988,-0.811510
16989,-0.153175
16990,-1.265645
16991,1.491246
16992,1.827457
16993,-0.849396
16994,1.506239
16995,0.479957
16996,0.090385
16997,-1.820499
16998,-1.451403
16999,0.024151
17000,-0.231246
17001,-0.419018
17002,-0.336475
17003,-1.737875
17004,0.190572
17005,0.425180
17006,-2.106852
17007,-0.733269
17008,-0.836522
17009,-0.353527
17010,0.822439
17011,2.179739
17012,1.324091
17013,0.434710
17014,-1.364621
17015,-0.477180
17016,1.153683
17017,1.073032
17018,0.062472
17019,1.148261
17020,-0.441073
17021,0.701970
17022,0.882176
17023,-0.122159
17024,-0.922010
17025,-1.902375
17026,2.055029
17027,1.110464
17028,0.256799
17029,-0.324508
17030,-0.270055
17031,-1.057769
17032,-0.144104
17033,-2.501258
17034,-1.131502
17035,0.513472
17036,1.057380
17037,2.131571
17038,-1.310428
17039,-1.004854
17040,-2.255900
17041,-1.566420
17042,-1.325186
17043,-0.971789
17044,0.287306
17045,0.669899
17046,0.584736
17047,-0.372740
17048,0.940255
17049,-0.165147
17050,1.178674
17051,0.939737
17052,-0.986750
17053,1.636331
17054,-0.496037
17055,1.268627
17056,1.073071
17057,-2.171837
17058,-1.710714
17059,0.634647
17060,-0.301947
17061,0.831109
17062,-0.408963
17063,2.028307
17064,1.915040
17065,-2.148005
17066,-2.144130
17067,-1.662690
17068,0.468487
17069,1.019867
17070,-0.214761
17071,1.187859
17072,0.936693
17073,-1.547549
17074,0.975988
17075,1.164219
17076,-0.676272
17077,0.945305
17078,0.308572
17079,0.689541
17080,0.464898
17081,-0.939384
17082,-0.706877
17083,0.087114
17084,1.643188
17085,-1.040172
17086,0.146254
17087,0.894971
17088,-0.504280
17089,-1.784976
17090,-2.148486
17091,-0.401434
17092,-0.551604
17093,-0.400474
17094,-0.321762
17095,-1.843955
17096,-0.475569
17097,-0.192228
17098,-0.754744
17099,-1.430773
17100,0.093776
17101,-1.077754
17102,0.531806
17103,1.293067
17104,-1.150741
17105,-1.772407
17106,-2.485758
17107,-0.774901
17108,-0.329399
17109,0.276192
17110,0.067168
17111,0.142504
17112,0.287533
17113,-0.577661
17114,0.800124
17115,-0.768573
17116,-0.329003
17117,-1.020030
17118,-1.118840
17119,-0.529916
17120,-0.042881
17121,0.920588
17122,-0.817960
17123,-1.355771
17124,1.257896
17125,-0.369377
17126,-0.575842
17127,-0.624221
17128,-1.333790
17129,-0.911698
17130,-0.453826
17131,0.854407
17132,-1.438761
17133,-1.062848
17134,-0.800048
17135,0.206074
17136,1.000606
17137,-1.096697
17138,-2.760937
17139,-0.575990
17140,0.354670
17141,0.167912
17142,-1.835366
17143,-0.846070
17144,-0.390310
17145,0.050378
17146,0.203114
17147,0.593307
17148,-1.537809
17149,1.008142
17150,0.762918
17151,0.499266
17152,-0.428271
17153,-0.955786
17154,-1.478282
17155,-0.820343
17156,0.309753
17157,-0.560435
17158,-1.245418
17159,-1.608168
17160,-0.159363
17161,-1.216105
17162,-0.143304
17163,0.454650
17164,0.795722
17165,-0.481170
17166,0.354858
17167,1.331349
17168,0.021713
17169,-0.156232
17170,-0.438781
17171,0.244138
17172,0.049424
17173,1.319158
17174,0.556363
17175,0.703884
17176,2.096532
17177,1.244826
17178,-0.091377
17179,0.639117
17180,1.814466
17181,0.570219
17182,-0.643899
17183,0.647517
17184,0.087700
17185,1.864109
17186,-0.126269
17187,-0.465768
17188,-0.645137
17189,1.251695
17190,0.629432
17191,1.345316
17192,2.835459
17193,-1.186992
17194,-0.460888
17195,-0.580295
17196,-0.114504
17197,0.234792
17198,-1.301771
17199,0.444607
17200,-0.303471
17201,-0.841701
17202,0.101438
17203,-0.505386
17204,0.843929
17205,1.543144
17206,-0.061089
17207,-1.235658
17208,0.386587
17209,0.639134
17210,0.110425
17211,0.032851
17212,0.075672
17213,0.267492
17214,0.309445
17215,0.012593
17216,-0.923200
17217,-0.622846
17218,-1.104799
17219,0.761419
17220,2.149434
17221,0.856117
17222,-0.926833
17223,0.598228
17224,1.493669
17225,-0.341825
17226,-0.569768
17227,-0.953982
17228,-0.792805
17229,0.353108
17230,0.176671
17231,-0.249932
17232,0.639806
17233,0.753728
17234,2.876624
17235,-0.352903
17236,-0.806873
17237,-0.760175
17238,-0.925945
17239,0.862191
17240,1.256266
17241,-0.090804
17242,-0.607701
17243,0.149925
17244,-0.578612
17245,-0.705912
17246,0.629333
17247,1.430424
17248,0.961344
17249,-0.367303
17250,-0.624139
17251,1.061063
17252,-1.289651
17253,-0.422440
17254,-0.558067
17255,0.225448
17256,-1.433045
17257,-1.108403
17258,-0.200384
17259,1.761079
17260,-1.332350
17261,1.411152
17262,0.805141
17263,-0.040474
17264,0.100941
17265,-0.425467
17266,0.085182
17267,-1.450078
17268,-0.518860
17269,-1.671723
17270,-1.181725
17271,-2.371477
17272,-0.659889
17273,0.753721
17274,2.248860
17275,-0.904275
17276,0.984844
17277,-0.053089
17278,-0.351049
17279,-0.050408
17280,0.424623
17281,0.182591
17282,0.278722
17283,0.882494
17284,-0.832034
17285,-0.839018
17286,0.353825
17287,-0.937186
17288,-0.579128
17289,-1.060406
17290,-0.124763
17291,0.166918
17292,-0.097095
17293,-0.397874
17294,1.033503
17295,0.802541
17296,0.214858
17297,-0.887774
17298,-0.482091
17299,-1.274136
17300,0.031182
17301,-0.835904
17302,1.208042
17303,0.388076
17304,-2.538387
17305,-1.113506
17306,0.678053
17307,0.541232
17308,0.245245
17309,-0.184595
17310,-1.237950
17311,-1.015177
17312,-0.592574
17313,0.101623
17314,0.457333
17315,-1.583560
17316,-1.306736
17317,-2.226710
17318,-1.356386
17319,1.315304
17320,-1.353974
17321,0.575993
17322,-0.121916
17323,-0.958830
17324,0.353075
17325,1.800740
17326,0.778153
17327,0.902933
17328,0.275300
17329,0.343650
17330,0.105368
17331,-1.110729
17332,-0.998983
17333,0.733966
17334,-0.168667
17335,-0.024384
17336,0.497947
17337,-1.556063
17338,-1.031722
17339,-2.261098
17340,0.400126
17341,-1.790770
17342,-0.580040
17343,0.067731
17344,0.309869
17345,-0.126930
17346,-0.206670
17347,1.608971
17348,0.446826
17349,-0.960902
17350,1.471646
17351,1.420484
17352,1.752552
17353,0.505015
17354,-0.281909
17355,0.647480
17356,-0.323587
17357,0.036456
17358,0.827495
17359,0.409091
17360,-0.599777
17361,0.502236
17362,1.176067
17363,-0.369776
17364,2.392571
17365,-0.854882
17366,-0.154047
17367,0.908059
17368,-0.683521
17369,-1.372442
17370,-0.017903
17371,1.105521
17372,-0.361272
17373,1.951129
17374,0.227909
17375,0.471189
17376,-0.364509
17377,0.471345
17378,0.623817
17379,-1.667540
17380,-0.825672
17381,-1.305131
17382,-1.030866
17383,-0.541124
17384,1.738942
17385,0.318661
17386,0.044917
17387,-0.831567
17388,-0.391510
17389,-0.550397
17390,0.106287
17391,2.436993
17392,0.333306
17393,-0.072784
17394,0.049507
17395,-1.446355
17396,0.398741
17397,0.341046
17398,0.048830
17399,0.589708
17400,0.912209
17401,1.001819
17402,1.569438
17403,-0.075340
17404,0.392752
17405,-0.116837
17406,0.359092
17407,1.098329
17408,-1.466634
17409,0.079617
17410,-0.336886
17411,-0.867925
17412,0.496625
17413,0.249174
17414,0.340737
17415,-1.244869
17416,-0.118313
17417,0.399429
17418,-0.597037
17419,0.567232
17420,-0.107265
17421,-0.377213
17422,-0.462496
17423,0.075948
17424,1.058948
17425,0.299584
17426,0.128144
17427,1.912925
17428,0.668715
17429,0.972273
17430,0.714962
17431,0.077283
17432,0.608387
17433,1.713672
17434,1.343855
17435,0.512973
17436,1.304092
17437,0.543915
17438,0.309494
17439,0.047345
17440,0.029490
17441,-0.886366
17442,-1.458381
17443,1.228878
17444,-0.633834
17445,-0.206148
17446,0.158062
17447,0.618655
17448,-0.748592
17449,0.600126
17450,-0.239130
17451,-0.144802
17452,-1.202872
17453,-1.765110
17454,-0.812504
17455,1.538916
17456,-1.114317
17457,-1.141377
17458,-0.761626
17459,0.690417
17460,-1.960732
17461,1.078836
17462,-0.545035
17463,-1.598451
17464,-0.281839
17465,0.345622
17466,1.076876
17467,-1.816909
17468,-0.288321
17469,-0.496146
17470,-0.311494
17471,-0.546485
17472,-0.891683
17473,1.796649
17474,-1.797058
17475,-0.813459
17476,-0.127080
17477,0.310281
17478,1.384903
17479,-0.091469
17480,0.534568
17481,-0.484393
17482,1.568405
17483,-0.193566
17484,-1.404762
17485,-0.247846
17486,-1.908466
17487,-2.437646
17488,0.442864
17489,0.271424
17490,1.513153
17491,1.248021
17492,0.947807
17493,0.609833
17494,-0.168002
17495,-0.369594
17496,-1.643108
17497,0.049154
17498,-0.159238
17499,-0.302952
17500,-1.695490
17501,0.341347
17502,-0.414351
17503,0.218517
17504,0.190318
17505,0.195413
17506,-0.898120
17507,-0.823022
17508,-0.414683
17509,0.959713
17510,0.834944
17511,0.802005
17512,1.958797
17513,-1.359424
17514,0.311714
17515,-0.269130
17516,-0.300760
17517,-0.668114
17518,-2.029395
17519,-0.876441
17520,0.301516
17521,0.244622
17522,0.168318
17523,-1.112172
17524,0.079918
17525,0.899686
17526,0.058759
17527,-0.262845
17528,-1.268188
17529,-0.873119
17530,-1.349268
17531,-2.876877
17532,-1.874482
17533,-0.534202
17534,-0.358888
17535,-1.049241
17536,-0.520361
17537,0.390604
17538,0.866593
17539,-2.017746
17540,0.580566
17541,0.688530
17542,0.620375
17543,-1.432474
17544,0.983007
17545,-1.685469
17546,0.045935
17547,1.216062
17548,0.876893
17549,0.054440
17550,0.129964
17551,0.383948
17552,0.903423
17553,2.209955
17554,-0.502678
17555,-0.346942
17556,0.057035
17557,0.399550
17558,-1.549973
17559,0.321877
17560,0.917558
17561,-0.925705
17562,1.249579
17563,0.733424
17564,0.322085
17565,-1.888873
17566,-0.591728
17567,-1.017408
17568,-0.600057
17569,-0.747897
17570,0.162912
17571,-0.459497
17572,1.183239
17573,0.673613
17574,0.209081
17575,-0.299415
17576,-0.505823
17577,-0.380023
17578,0.189584
17579,0.090301
17580,-1.328219
17581,-0.267323
17582,-2.017340
17583,-1.588509
17584,0.509316
17585,0.189746
17586,-0.540130
17587,-0.735313
17588,-2.301731
17589,-1.346124
17590,-0.171339
17591,0.079694
17592,-2.323367
17593,-0.193581
17594,-0.014895
17595,0.130964
17596,0.241338
17597,-0.502793
17598,-0.687633
17599,-0.129896
17600,0.224976
17601,0.440119
17602,-0.365886
17603,0.010113
17604,1.180595
17605,0.600143
17606,0.246430
17607,-0.323493
17608,-0.110873
17609,-0.737987
17610,0.692363
17611,-0.354415
17612,0.363920
17613,-0.043089
17614,-0.439533
17615,-0.725823
17616,-0.718563
17617,0.510605
17618,1.368620
17619,-1.469488
17620,0.754030
17621,0.141755
17622,-0.328933
17623,-2.211979
17624,-0.954711
17625,-1.491656
17626,-0.076774
17627,0.211842
17628,-0.068912
17629,0.067896
17630,0.117144
17631,2.424051
17632,3.726678
17633,1.436392
17634,-0.723138
17635,-2.134948
17636,1.140744
17637,1.690734
17638,0.669521
17639,0.662696
17640,-0.829350
17641,-0.788682
17642,-0.323607
17643,0.147810
17644,0.536795
17645,1.382921
17646,0.264670
17647,1.279451
17648,0.651256
17649,-0.916563
17650,-0.387959
17651,-0.487186
17652,-0.053562
17653,0.633806
17654,-0.200838
17655,-0.183925
17656,0.526381
17657,0.196271
17658,1.875795
17659,0.108231
17660,-0.503498
17661,0.867684
17662,1.210483
17663,0.974794
17664,1.522134
17665,-0.235721
17666,1.054806
17667,0.875090
17668,-0.782593
17669,-1.043008
17670,-0.423752
17671,-0.986120
17672,-0.392008
17673,-0.164624
17674,-0.596173
17675,0.220665
17676,-1.558736
17677,1.182223
17678,1.876033
17679,1.704310
17680,-0.082680
17681,-0.267887
17682,-1.458664
17683,-0.703421
17684,-1.574858
17685,-0.959631
17686,-0.839135
17687,-0.311215
17688,0.661927
17689,2.364303
17690,0.586798
17691,1.614928
17692,-1.521689
17693,-0.563894
17694,-0.239328
17695,-0.051143
17696,0.075412
17697,0.124232
17698,0.474162
17699,-0.684045
17700,-0.763706
17701,-0.273196
17702,-0.709288
17703,0.292648
17704,-0.033779
17705,-0.489083
17706,0.196231
17707,1.250833
17708,0.783023
17709,0.644267
17710,1.446197
17711,-0.923394
17712,-1.873721
17713,-0.226512
17714,0.263376
17715,-0.933968
17716,0.106103
17717,1.163649
17718,-0.803678
17719,-0.223237
17720,-0.387329
17721,0.504417
17722,-0.390885
17723,-1.806747
17724,0.280686
17725,0.163482
17726,0.665919
17727,0.147277
17728,-0.923838
17729,-1.506051
17730,1.470003
17731,0.553233
17732,-0.017043
17733,-0.065572
17734,0.021106
17735,0.156463
17736,-0.978961
17737,1.670566
17738,0.888575
17739,1.540441
17740,-0.635907
17741,-0.473668
17742,-0.560695
17743,-2.225751
17744,0.418792
17745,-0.779436
17746,-0.454044
17747,-1.085782
17748,-0.434335
17749,-0.974588
17750,-1.872880
17751,-0.364001
17752,-0.073421
17753,0.518967
17754,0.454774
17755,0.187344
17756,0.962618
17757,-0.915711
17758,-0.558211
17759,-0.023880
17760,-0.316982
17761,-1.594418
17762,0.577282
17763,-1.237668
17764,-0.005334
17765,-0.865028
17766,1.676404
17767,2.790913
17768,-1.463161
17769,0.335867
17770,1.516977
17771,1.974651
17772,1.272296
17773,-0.078780
17774,-0.318862
17775,1.445262
17776,0.017723
17777,-0.098010
17778,-0.105796
17779,0.005308
17780,-1.158295
17781,-1.186943
17782,0.469305
17783,0.025444
17784,0.946158
17785,-0.474929
17786,-0.846467
17787,-0.191116
17788,-0.534697
17789,0.366963
17790,1.293076
17791,-1.389795
17792,-1.465371
17793,0.046657
17794,0.168683
17795,-0.983055
17796,0.122096
17797,-1.709649
17798,-1.540832
17799,-1.723958
17800,-0.253529
17801,-0.019243
17802,-0.807030
17803,-0.389860
17804,2.412892
17805,0.566823
17806,1.938163
17807,0.069622
17808,1.021142
17809,0.388834
17810,-0.081889
17811,0.047540
17812,-0.230851
17813,-0.423688
17814,1.696346
17815,0.503635
17816,0.795922
17817,-0.227239
17818,-0.785304
17819,-0.349174
17820,-0.899700
17821,-1.288515
17822,2.462173
17823,-0.473020
17824,-0.148023
17825,0.348891
17826,-0.882718
17827,-1.269262
17828,1.646764
17829,0.035676
17830,-0.308139
17831,0.627496
17832,1.008158
17833,1.342228
17834,-2.137679
17835,-1.923389
17836,-2.404490
17837,-0.348094
17838,0.102556
17839,-1.220812
17840,-0.535602
17841,-0.679913
17842,-1.615963
17843,0.375304
17844,2.202001
17845,0.876936
17846,1.132782
17847,0.022597
17848,-0.371802
17849,-0.392110
17850,-0.380703
17851,0.794557
17852,0.240083
17853,-0.126611
17854,1.959856
17855,1.302265
17856,2.300629
17857,0.665285
17858,0.370243
17859,1.119975
17860,0.037909
17861,2.015741
17862,0.968277
17863,0.323287
17864,-0.138644
17865,0.005416
17866,0.376427
17867,1.683864
17868,0.195880
17869,-0.116595
17870,-0.271042
17871,0.268644
17872,0.979398
17873,-0.162298
17874,1.615409
17875,1.223519
17876,-1.299040
17877,-0.440723
17878,0.770933
17879,-0.446564
17880,-0.916692
17881,0.686903
17882,-1.338250
17883,0.364162
17884,0.020351
17885,1.029002
17886,-1.507389
17887,0.550449
17888,0.456431
17889,-0.790447
17890,0.516900
17891,-0.216445
17892,0.759560
17893,1.027272
17894,0.361181
17895,-0.398062
17896,-1.429356
17897,-0.848726
17898,-0.393562
17899,-1.432545
17900,-0.141716
17901,0.298966
17902,1.642247
17903,0.660953
17904,0.681788
17905,1.673451
17906,-1.118217
17907,-2.073481
17908,0.218134
17909,-0.002455
17910,0.189658
17911,0.689078
17912,0.668406
17913,-0.469027
17914,-0.957479
17915,-1.390701
17916,-1.685111
17917,-1.149712
17918,0.832666
17919,-0.473254
17920,0.386588
17921,-2.446285
17922,-1.006308
17923,0.719284
17924,2.257137
17925,0.785503
17926,-0.126710
17927,0.830921
17928,0.827628
17929,-0.316645
17930,-1.282254
17931,-0.015715
17932,0.404263
17933,0.042605
17934,-0.399114
17935,-0.914056
17936,-0.723658
17937,0.688971
17938,-1.915453
17939,-1.850600
17940,0.798133
17941,1.310857
17942,3.589323
17943,0.125079
17944,0.447896
17945,-0.332919
17946,0.162029
17947,1.351093
17948,-0.956405
17949,0.011408
17950,-1.480499
17951,-2.616206
17952,0.768899
17953,1.320428
17954,-0.197475
17955,-0.480940
17956,0.824857
17957,0.850600
17958,0.530815
17959,-0.867215
17960,0.350413
17961,0.477427
17962,0.516044
17963,-1.995032
17964,-1.019949
17965,-0.743894
17966,-0.980174
17967,0.519570
17968,0.718943
17969,-0.607983
17970,1.462660
17971,0.160425
17972,-0.101746
17973,1.504947
17974,0.103334
17975,-0.658814
17976,-0.560096
17977,-1.412582
17978,-0.988331
17979,0.891190
17980,0.867286
17981,-1.893823
17982,-0.206556
17983,-1.352070
17984,0.048435
17985,-1.845985
17986,-2.632028
17987,-2.723579
17988,-2.769532
17989,0.500723
17990,0.412092
17991,-0.418586
17992,-0.091605
17993,1.716205
17994,-0.417781
17995,0.384283
17996,-0.826506
17997,-1.496923
17998,-0.842517
17999,0.249612
18000,-1.510523
18001,-0.680678
18002,0.878221
18003,-0.933100
18004,-0.124703
18005,-0.139339
18006,-1.530219
18007,0.983828
18008,0.754094
18009,2.294852
18010,1.280754
18011,1.666766
18012,0.418625
18013,0.517584
18014,-0.461307
18015,0.601413
18016,2.048319
18017,-0.087908
18018,-0.532051
18019,1.799948
18020,0.503802
18021,0.753421
18022,1.647177
18023,0.687815
18024,-1.418076
18025,-2.183817
18026,-0.685566
18027,-0.110428
18028,1.230488
18029,-2.450914
18030,-0.709250
18031,0.437876
18032,-1.375682
18033,-0.696400
18034,0.496139
18035,-0.950600
18036,0.200073
18037,0.154361
18038,-0.049758
18039,-0.575991
18040,0.792852
18041,0.579373
18042,1.043657
18043,0.051950
18044,1.362963
18045,0.796079
18046,-0.575282
18047,-1.536634
18048,-2.518843
18049,-1.524331
18050,0.586038
18051,-0.191092
18052,0.603214
18053,-1.093254
18054,-1.905311
18055,-2.154393
18056,-1.089217
18057,0.793965
18058,2.218816
18059,0.959218
18060,1.700839
18061,0.252371
18062,-1.541700
18063,-3.176210
18064,-0.766474
18065,-0.001688
18066,2.812916
18067,0.510751
18068,-0.166108
18069,-1.171314
18070,0.912234
18071,-0.949611
18072,-1.944744
18073,-1.673064
18074,1.997607
18075,0.830528
18076,-1.682652
18077,0.005974
18078,-0.528892
18079,-0.358133
18080,0.130548
18081,1.244079
18082,0.361378
18083,-1.862006
18084,2.003370
18085,1.794352
18086,-1.833422
18087,-0.480999
18088,0.783138
18089,-0.548522
18090,-0.035995
18091,1.156865
18092,-0.600755
18093,0.360679
18094,-0.059575
18095,0.622190
18096,0.154462
18097,-0.538053
18098,1.706334
18099,-1.369046
18100,-1.787707
18101,-0.472693
18102,-0.969387
18103,0.506616
18104,-0.156880
18105,0.069289
18106,2.680199
18107,2.529374
18108,0.955784
18109,0.434215
18110,-0.385653
18111,-1.209625
18112,0.776035
18113,-1.279341
18114,0.109689
18115,1.244039
18116,0.493533
18117,-0.910385
18118,-0.327802
18119,-0.256700
18120,0.664941
18121,1.235540
18122,0.362750
18123,-1.020759
18124,0.245654
18125,0.552812
18126,1.230008
18127,-1.099936
18128,-2.084626
18129,-0.697076
18130,1.354701
18131,1.429667
18132,1.560568
18133,0.895905
18134,1.348566
18135,0.279744
18136,-0.922754
18137,-0.710983
18138,-0.382326
18139,-0.468232
18140,-0.973061
18141,0.743173
18142,-1.481300
18143,-0.760257
18144,0.099454
18145,0.653922
18146,0.504452
18147,0.408319
18148,-0.749881
18149,1.501767
18150,0.523122
18151,0.015632
18152,0.311076
18153,-0.038936
18154,0.078380
18155,-0.474367
18156,-0.134997
18157,-1.904929
18158,1.095673
18159,1.588963
18160,1.210114
18161,-0.512904
18162,0.377220
18163,1.367679
18164,2.111298
18165,0.624934
18166,0.385459
18167,1.176785
18168,-0.015642
18169,-0.690531
18170,-0.987584
18171,-0.034550
18172,-1.375826
18173,-1.828540
18174,-2.133368
18175,0.043136
18176,0.568659
18177,-0.451859
18178,0.327455
18179,1.187677
18180,-1.544759
18181,-1.399184
18182,-1.686952
18183,1.440749
18184,0.786602
18185,1.081254
18186,1.272004
18187,0.321397
18188,-0.343220
18189,-1.543717
18190,0.879626
18191,1.728590
18192,-0.941533
18193,-0.144972
18194,0.181842
18195,0.738960
18196,-0.311027
18197,0.542239
18198,-1.194345
18199,0.718100
18200,-0.923380
18201,-0.987989
18202,-2.007349
18203,1.475203
18204,0.446486
18205,1.096813
18206,-0.282634
18207,-0.148824
18208,-0.535077
18209,-0.883250
18210,-0.101003
18211,-0.363201
18212,0.681124
18213,-0.006165
18214,-1.463788
18215,-0.514875
18216,-0.179204
18217,-0.087562
18218,-0.870198
18219,-0.831816
18220,-1.007985
18221,-2.095333
18222,-2.846910
18223,0.193161
18224,0.266110
18225,-1.564436
18226,-1.260402
18227,0.117159
18228,0.235409
18229,-1.270528
18230,1.432124
18231,2.417392
18232,0.578956
18233,0.563984
18234,-0.408277
18235,1.645587
18236,1.314783
18237,0.677290
18238,2.947356
18239,2.544414
18240,-0.360156
18241,-0.874363
18242,0.837120
18243,1.166197
18244,0.756910
18245,-0.530461
18246,-0.568165
18247,0.112007
18248,1.575982
18249,0.592332
18250,2.469333
18251,0.409184
18252,1.183732
18253,-1.773831
18254,-2.009024
18255,0.827285
18256,0.715017
18257,0.006686
18258,0.048441
18259,-0.266555
18260,-0.278484
18261,1.197558
18262,0.804495
18263,-0.588872
18264,-0.988792
18265,1.172683
18266,-0.691805
18267,0.709521
18268,1.158176
18269,0.519371
18270,-1.010969
18271,0.547988
18272,0.076231
18273,1.268211
18274,0.263496
18275,1.433883
18276,0.123463
18277,-0.438338
18278,0.722977
18279,1.089478
18280,1.369563
18281,2.140138
18282,-0.787105
18283,0.357881
18284,0.415399
18285,-1.089746
18286,-1.066584
18287,-1.040797
18288,-1.734890
18289,-1.452150
18290,1.294873
18291,-0.575809
18292,-0.510599
18293,-1.921699
18294,-0.512598
18295,0.314084
18296,-1.174025
18297,-0.894937
18298,-2.608046
18299,-0.584806
18300,0.082587
18301,-0.765457
18302,0.670255
18303,-0.448668
18304,-1.181817
18305,-0.377020
18306,1.163630
18307,-1.701725
18308,0.191260
18309,0.544316
18310,-0.634858
18311,-0.258510
18312,0.316945
18313,-1.245699
18314,1.088486
18315,1.560612
18316,0.753761
18317,-0.395419
18318,-0.943966
18319,1.619276
18320,0.302429
18321,-0.644948
18322,1.375111
18323,0.547492
18324,-0.344389
18325,-0.467905
18326,0.681716
18327,-0.942742
18328,0.077126
18329,0.225877
18330,0.611721
18331,-0.451280
18332,0.107333
18333,0.973994
18334,-0.518892
18335,-0.650892
18336,-0.489963
18337,0.341698
18338,0.414264
18339,-0.792403
18340,-1.758257
18341,0.201646
18342,0.386656
18343,0.338080
18344,-1.092806
18345,-1.119316
18346,0.612143
18347,1.420242
18348,-1.471455
18349,-1.244763
18350,-1.286240
18351,-0.257597
18352,-0.054232
18353,-0.907717
18354,-0.147162
18355,-0.936466
18356,-1.313638
18357,-0.426206
18358,0.374440
18359,0.430604
18360,1.446877
18361,0.476480
18362,-0.776653
18363,-0.442409
18364,-1.026711
18365,-1.687409
18366,-1.508886
18367,-1.002152
18368,-0.527334
18369,1.055771
18370,1.349289
18371,-0.528726
18372,-1.438644
18373,-1.607226
18374,1.173245
18375,1.277014
18376,2.827443
18377,2.301221
18378,-0.683442
18379,1.443654
18380,-0.475876
18381,0.663389
18382,0.849511
18383,0.576495
18384,-0.839975
18385,-0.154469
18386,-0.227592
18387,0.249650
18388,-1.738559
18389,-1.251335
18390,0.815798
18391,0.513106
18392,1.556251
18393,0.366566
18394,1.332514
18395,-0.884972
18396,0.258948
18397,-0.276452
18398,1.522844
18399,-1.363975
18400,0.003822
18401,0.306902
18402,0.618588
18403,2.527912
18404,-0.252941
18405,-0.277640
18406,-1.180712
18407,0.424148
18408,-0.355588
18409,-2.219585
18410,-0.777398
18411,0.125094
18412,-1.286902
18413,1.545407
18414,0.046103
18415,-1.490644
18416,-0.384209
18417,-0.197771
18418,-1.175610
18419,-0.393053
18420,0.372107
18421,0.338306
18422,1.111494
18423,-0.445849
18424,2.045447
18425,1.016704
18426,1.842511
18427,-0.835350
18428,0.119808
18429,-1.804921
18430,-0.841101
18431,-0.740227
18432,-0.638552
18433,-0.061966
18434,-0.391920
18435,-0.444076
18436,0.059985
18437,-0.988499
18438,0.262279
18439,1.781497
18440,1.642073
18441,0.399961
18442,-0.793125
18443,-0.585627
18444,-1.563064
18445,0.100666
18446,-0.094720
18447,1.476537
18448,0.957632
18449,-0.045604
18450,1.868623
18451,-0.109799
18452,0.481634
18453,0.792439
18454,0.133737
18455,1.824757
18456,0.042264
18457,-0.129704
18458,0.823580
18459,-0.342805
18460,1.626718
18461,1.879031
18462,-1.245845
18463,-0.845354
18464,2.542627
18465,-0.581749
18466,0.847958
18467,2.817060
18468,0.007850
18469,0.441675
18470,-1.554157
18471,-0.971669
18472,0.415609
18473,-1.759403
18474,-1.370854
18475,0.286078
18476,-0.187747
18477,-0.845377
18478,-0.054071
18479,0.131115
18480,-0.005718
18481,-0.055086
18482,-2.910465
18483,0.531926
18484,1.459108
18485,-1.612342
18486,-1.402828
18487,0.236954
18488,0.461454
18489,-0.317412
18490,-0.251503
18491,0.089248
18492,0.317372
18493,-0.865515
18494,-0.203215
18495,0.023336
18496,1.470791
18497,-0.886411
18498,1.998480
18499,2.806106
18500,0.311156
18501,2.157231
18502,-0.397737
18503,-0.361461
18504,-0.766305
18505,0.606886
18506,0.125556
18507,0.297727
18508,0.757711
18509,0.546745
18510,0.943249
18511,-0.772307
18512,0.259398
18513,-1.369911
18514,-2.141914
18515,-2.218423
18516,-0.392438
18517,-0.349359
18518,0.102451
18519,-1.176142
18520,0.163823
18521,-0.558327
18522,0.178086
18523,-0.731374
18524,0.117494
18525,-1.243413
18526,0.290000
18527,0.435833
18528,1.245705
18529,0.063334
18530,1.000338
18531,0.407858
18532,-0.722549
18533,-1.754421
18534,-0.743504
18535,0.820664
18536,0.247242
18537,-0.002149
18538,0.476119
18539,1.585651
18540,1.025716
18541,-0.418916
18542,-0.399499
18543,-1.292849
18544,-1.367931
18545,-0.622004
18546,1.758095
18547,0.969077
18548,-0.449364
18549,-0.892158
18550,-2.175581
18551,0.685332
18552,0.897734
18553,0.633514
18554,0.301354
18555,1.791994
18556,0.950001
18557,0.704182
18558,-0.801806
18559,0.644560
18560,0.004141
18561,0.085371
18562,0.268395
18563,0.809973
18564,1.464470
18565,1.419561
18566,-0.301043
18567,0.973045
18568,-2.211547
18569,-2.473460
18570,-0.006300
18571,2.378231
18572,-0.153966
18573,0.256241
18574,-0.940497
18575,-0.639488
18576,-2.434623
18577,-0.814316
18578,-0.645366
18579,-1.337934
18580,-0.522414
18581,0.926893
18582,0.547143
18583,-0.444290
18584,0.572169
18585,0.649262
18586,0.370464
18587,0.717168
18588,2.196960
18589,2.523047
18590,0.436571
18591,-1.057324
18592,-0.685992
18593,-0.512533
18594,0.218197
18595,0.943176
18596,-1.581633
18597,0.972698
18598,1.098956
18599,-0.975576
18600,0.193713
18601,0.689461
18602,-0.327186
18603,1.502247
18604,0.289987
18605,-0.956371
18606,0.528501
18607,0.629370
18608,0.037609
18609,0.859702
18610,0.167864
18611,-0.887439
18612,1.650066
18613,-0.987293
18614,-0.858283
18615,1.035993
18616,-0.739842
18617,-0.432929
18618,-1.028563
18619,1.155290
18620,2.216899
18621,1.892004
18622,-0.350299
18623,1.517905
18624,-0.897555
18625,-0.537657
18626,0.852236
18627,-1.368799
18628,-0.070626
18629,-1.059317
18630,1.222599
18631,-1.286972
18632,-2.006931
18633,-0.641647
18634,0.508136
18635,2.447665
18636,1.291153
18637,0.265567
18638,0.115916
18639,-0.930254
18640,-0.821866
18641,0.596021
18642,2.756872
18643,-0.540804
18644,-0.311813
18645,1.986714
18646,-0.141369
18647,-1.772711
18648,0.089806
18649,-0.576487
18650,1.316386
18651,1.689851
18652,1.041296
18653,-0.903439
18654,-0.623044
18655,-2.250875
18656,-2.002298
18657,-1.759246
18658,-0.462829
18659,-0.078955
18660,0.198194
18661,-1.791496
18662,0.238475
18663,-0.341166
18664,2.802236
18665,0.298288
18666,2.138540
18667,-0.782656
18668,-1.450023
18669,-0.954161
18670,1.199573
18671,3.476147
18672,0.604025
18673,1.405228
18674,1.829235
18675,2.237788
18676,2.005890
18677,0.036029
18678,0.627664
18679,2.408082
18680,2.123986
18681,-0.364787
18682,0.819186
18683,-0.718286
18684,-0.184960
18685,-0.359389
18686,0.758901
18687,-1.146100
18688,-1.153717
18689,0.309527
18690,0.746316
18691,1.771403
18692,0.957396
18693,0.550844
18694,0.547992
18695,-2.319225
18696,-2.035490
18697,0.670638
18698,0.913488
18699,0.648658
18700,0.780395
18701,1.811263
18702,1.437294
18703,-0.279093
18704,-0.525244
18705,-0.318110
18706,-0.234448
18707,0.497712
18708,0.633783
18709,0.195262
18710,-1.496909
18711,-0.567251
18712,-0.077275
18713,0.183547
18714,-0.597492
18715,0.496637
18716,-0.279480
18717,0.563683
18718,-0.196156
18719,0.940042
18720,1.337904
18721,-1.622963
18722,-2.392620
18723,-0.720635
18724,2.098652
18725,-0.375226
18726,0.365544
18727,0.694193
18728,1.535319
18729,0.406205
18730,1.228996
18731,1.436344
18732,1.773532
18733,-0.705803
18734,0.303279
18735,1.033414
18736,1.662687
18737,0.286251
18738,0.635396
18739,1.061518
18740,-1.142757
18741,-0.341447
18742,0.296026
18743,1.040400
18744,1.384390
18745,0.260571
18746,-1.737342
18747,-0.919579
18748,-1.888088
18749,-0.669317
18750,-0.460932
18751,-1.914612
18752,-0.907537
18753,1.763650
18754,-0.498009
18755,1.302021
18756,1.880154
18757,0.444953
18758,-1.089545
18759,-1.200266
18760,-0.661453
18761,1.247106
18762,-1.864836
18763,-0.187541
18764,-0.135192
18765,-0.063711
18766,1.043711
18767,0.977703
18768,0.061791
18769,-0.241158
18770,-0.151636
18771,0.795551
18772,-0.092681
18773,1.032737
18774,1.453566
18775,0.222122
18776,-1.315652
18777,0.800507
18778,0.734387
18779,1.766908
18780,2.488643
18781,1.325538
18782,1.366346
18783,-0.382884
18784,1.851002
18785,0.447928
18786,2.989575
18787,0.411620
18788,0.623891
18789,0.031273
18790,-0.428724
18791,-0.024598
18792,0.756357
18793,0.186369
18794,-0.120814
18795,-0.917216
18796,-0.878353
18797,-1.130679
18798,1.192591
18799,-0.589547
18800,1.189287
18801,0.534919
18802,-0.819492
18803,1.349612
18804,1.050884
18805,0.635400
18806,0.224538
18807,1.392787
18808,0.038043
18809,-0.229450
18810,0.800779
18811,1.198866
18812,0.832036
18813,-0.903445
18814,-0.753220
18815,0.331025
18816,-0.505508
18817,0.125260
18818,1.462272
18819,-1.925703
18820,-1.614328
18821,-1.995979
18822,-0.586613
18823,0.884845
18824,-1.996956
18825,1.174235
18826,1.229921
18827,1.300394
18828,1.049517
18829,-0.641365
18830,0.060910
18831,0.555513
18832,0.018540
18833,1.542987
18834,-0.593078
18835,-0.902639
18836,-0.246453
18837,-1.802447
18838,0.534753
18839,-0.327673
18840,0.509487
18841,0.322187
18842,0.118940
18843,1.173638
18844,-0.382974
18845,-2.650506
18846,-0.368060
18847,-0.285297
18848,-2.121522
18849,-3.469921
18850,-1.229555
18851,1.067191
18852,-1.309446
18853,-0.643729
18854,-2.191883
18855,-1.062058
18856,-2.004259
18857,-0.180346
18858,1.140074
18859,0.595823
18860,-0.063712
18861,-0.296655
18862,0.073455
18863,-0.713859
18864,-1.209171
18865,-2.662588
18866,-1.292741
18867,-0.173636
18868,0.305576
18869,0.324311
18870,-0.709920
18871,0.134980
18872,-0.625755
18873,-0.200103
18874,2.490377
18875,0.027665
18876,-1.397986
18877,1.107549
18878,-1.209664
18879,0.320979
18880,0.909929
18881,0.432152
18882,1.155374
18883,-0.039827
18884,-1.431042
18885,-1.466589
18886,-0.617672
18887,0.842511
18888,0.479381
18889,0.924526
18890,1.386986
18891,1.472284
18892,1.270201
18893,-1.014806
18894,0.380677
18895,-1.258451
18896,-0.954103
18897,-1.758815
18898,0.846882
18899,-0.167654
18900,-0.298067
18901,-0.562683
18902,0.474622
18903,-1.201498
18904,-0.371856
18905,0.591641
18906,-0.385297
18907,-1.681820
18908,-1.778693
18909,-0.305147
18910,-0.811970
18911,-2.631506
18912,-0.933639
18913,-0.872921
18914,0.779353
18915,-1.536553
18916,-0.310497
18917,-0.360838
18918,0.018160
18919,1.591354
18920,-1.154731
18921,0.301461
18922,0.233590
18923,-1.153558
18924,-0.545298
18925,0.095214
18926,0.423941
18927,2.208626
18928,0.445001
18929,-0.236277
18930,1.659069
18931,0.502281
18932,0.081299
18933,1.936159
18934,1.540431
18935,-0.188878
18936,-0.808236
18937,-1.725308
18938,-1.033183
18939,0.098711
18940,-1.386359
18941,-1.719072
18942,-1.899528
18943,-0.581510
18944,-1.230613
18945,-1.105028
18946,-0.581572
18947,1.203226
18948,-1.239767
18949,0.144293
18950,1.188738
18951,0.348889
18952,1.648376
18953,0.321562
18954,0.979219
18955,0.073682
18956,-0.428115
18957,-0.794759
18958,-0.717644
18959,0.561581
18960,-0.842072
18961,-0.788388
18962,0.701193
18963,-0.272822
18964,0.563265
18965,0.248220
18966,-0.402312
18967,-0.629639
18968,0.779747
18969,0.532788
18970,0.174469
18971,1.348840
18972,0.220692
18973,0.657886
18974,-1.213950
18975,-1.157830
18976,-0.776160
18977,-2.383364
18978,-1.346801
18979,0.810061
18980,0.601747
18981,1.344112
18982,0.338442
18983,-0.099377
18984,-1.044078
18985,-1.228969
18986,0.699877
18987,0.210898
18988,-0.895732
18989,0.250497
18990,0.852116
18991,-1.241292
18992,-0.229565
18993,0.240309
18994,-0.909635
18995,1.275759
18996,-0.048986
18997,0.595855
18998,-0.595424
18999,0.710054
19000,-0.677937
19001,0.161972
19002,1.231190
19003,0.697805
19004,-0.565033
19005,-1.199805
19006,-0.615614
19007,0.442591
19008,0.231567
19009,0.362087
19010,0.720152
19011,-0.423467
19012,0.812460
19013,-0.317765
19014,0.738361
19015,0.766250
19016,-0.519635
19017,-0.966265
19018,-0.334938
19019,0.544318
19020,0.794010
19021,0.042128
19022,0.114968
19023,0.534949
19024,-0.774945
19025,0.122720
19026,1.500247
19027,-1.242598
19028,0.547821
19029,-2.106580
19030,0.647361
19031,0.329323
19032,-0.131920
19033,1.045384
19034,2.201637
19035,-0.067220
19036,-1.034597
19037,-0.671836
19038,-1.044160
19039,-0.328795
19040,-1.735201
19041,-0.495650
19042,-1.850351
19043,1.438971
19044,-0.880161
19045,0.642425
19046,0.161691
19047,0.728354
19048,0.331097
19049,-1.076526
19050,-0.645453
19051,-0.339847
19052,0.282043
19053,0.903057
19054,1.398864
19055,0.104102
19056,-0.075867
19057,0.593970
19058,-0.810245
19059,0.114889
19060,2.741588
19061,0.814977
19062,0.865120
19063,0.406966
19064,0.680231
19065,1.389804
19066,-0.136641
19067,1.650288
19068,-1.118623
19069,-1.530607
19070,-1.891858
19071,-1.043099
19072,-0.111227
19073,0.864360
19074,0.321615
19075,0.573897
19076,0.176428
19077,-2.589654
19078,-1.086194
19079,-0.246730
19080,1.298117
19081,0.067370
19082,-0.343597
19083,0.140428
19084,-1.513340
19085,-0.811169
19086,-0.927455
19087,-1.694548
19088,1.648331
19089,1.357858
19090,0.337566
19091,0.892003
19092,-0.073638
19093,-0.128135
19094,0.770584
19095,-0.285042
19096,-0.991954
19097,1.124875
19098,2.560387
19099,1.808587
19100,0.986977
19101,0.940188
19102,0.883435
19103,-0.832067
19104,0.513276
19105,0.507073
19106,-0.716760
19107,0.883764
19108,0.562570
19109,0.744122
19110,0.346433
19111,0.900045
19112,0.898648
19113,1.985108
19114,-0.583762
19115,1.587980
19116,1.210178
19117,-0.903994
19118,0.298328
19119,0.472643
19120,0.815586
19121,0.036795
19122,0.921584
19123,-0.574345
19124,-1.815983
19125,0.062946
19126,1.015731
19127,0.528245
19128,1.171099
19129,1.653023
19130,0.683715
19131,0.904922
19132,-1.100293
19133,-0.562632
19134,-0.579219
19135,-0.919610
19136,-1.044527
19137,-1.010751
19138,-0.018728
19139,0.825739
19140,0.385071
19141,-0.189857
19142,-0.249302
19143,-0.999089
19144,-0.993571
19145,0.345011
19146,-0.630038
19147,-1.477588
19148,-1.887850
19149,-0.859044
19150,0.491565
19151,0.399544
19152,0.121248
19153,-0.528790
19154,0.108961
19155,0.329720
19156,0.456013
19157,-0.935387
19158,0.178785
19159,-0.962851
19160,-0.297616
19161,-1.470492
19162,-1.206707
19163,-0.112046
19164,-0.195610
19165,0.599497
19166,0.400146
19167,-0.713278
19168,0.059066
19169,0.810967
19170,-0.866287
19171,0.131628
19172,-0.135241
19173,-1.544598
19174,-0.869088
19175,-0.674198
19176,-1.050979
19177,-1.210906
19178,1.300001
19179,1.530233
19180,0.324653
19181,-1.496808
19182,-1.414126
19183,-1.427915
19184,-1.369899
19185,0.799887
19186,1.108865
19187,-1.469023
19188,-1.066382
19189,-1.044663
19190,0.381848
19191,-1.981784
19192,-1.877852
19193,-1.450642
19194,-1.024415
19195,0.021342
19196,-0.125295
19197,0.025532
19198,0.014215
19199,-1.561750
19200,1.173628
19201,0.897858
19202,-0.285910
19203,0.192660
19204,0.937145
19205,1.104477
19206,0.770523
19207,-0.110560
19208,0.304462
19209,0.570007
19210,1.127079
19211,1.823895
19212,0.557269
19213,0.060871
19214,1.417323
19215,-0.417262
19216,1.576536
19217,-0.395671
19218,-0.339771
19219,0.298503
19220,1.574945
19221,0.349589
19222,0.306363
19223,-1.377404
19224,-0.908339
19225,-0.720124
19226,1.211001
19227,0.492295
19228,-0.959024
19229,0.443509
19230,1.307029
19231,-1.271045
19232,-1.194454
19233,-0.985265
19234,0.373259
19235,-0.683779
19236,-2.376867
19237,0.681547
19238,-0.788663
19239,0.521785
19240,-1.756940
19241,0.681389
19242,0.300394
19243,0.190591
19244,-0.364568
19245,0.234274
19246,-1.013310
19247,0.428094
19248,0.058982
19249,0.620585
19250,0.190703
19251,-0.856710
19252,-1.003715
19253,-0.656203
19254,-1.136908
19255,-0.394105
19256,-0.110453
19257,-0.151841
19258,-0.581882
19259,0.210880
19260,0.302180
19261,0.232196
19262,-0.210959
19263,1.130312
19264,-0.659870
19265,0.193389
19266,2.100087
19267,0.409697
19268,0.950967
19269,1.128056
19270,-0.278664
19271,-1.240995
19272,0.102017
19273,0.335635
19274,-0.794381
19275,-0.237101
19276,-0.205079
19277,1.097372
19278,1.348937
19279,-1.051434
19280,-1.760847
19281,-1.332941
19282,-0.116351
19283,1.301505
19284,-0.858042
19285,0.042623
19286,-2.345381
19287,-0.525186
19288,-1.053016
19289,-1.396916
19290,-1.690544
19291,-0.396240
19292,-0.329908
19293,1.231959
19294,0.668815
19295,-0.090562
19296,1.231327
19297,1.030256
19298,-0.719056
19299,0.415053
19300,-0.032869
19301,-0.681428
19302,0.835726
19303,2.206635
19304,0.438337
19305,1.600799
19306,0.950968
19307,-0.101999
19308,0.324618
19309,1.020109
19310,-1.182219
19311,1.273780
19312,0.602192
19313,-0.153948
19314,-1.107715
19315,0.725017
19316,0.887415
19317,0.114055
19318,1.115973
19319,-0.124479
19320,0.194503
19321,-1.461374
19322,0.084175
19323,1.727406
19324,0.821717
19325,-1.811997
19326,-0.179429
19327,-0.373675
19328,0.749796
19329,-0.998764
19330,0.374910
19331,0.670690
19332,0.843680
19333,-0.994322
19334,-1.294330
19335,-0.895157
19336,-1.037894
19337,0.196910
19338,-0.619071
19339,1.147766
19340,0.991528
19341,0.009033
19342,-1.753452
19343,-1.362187
19344,-0.067289
19345,0.877031
19346,0.154686
19347,0.679214
19348,-0.480139
19349,-1.592991
19350,-0.325330
19351,0.446508
19352,0.376689
19353,-0.467383
19354,0.715570
19355,0.109835
19356,-1.799960
19357,0.259230
19358,-0.763234
19359,0.996017
19360,-0.640426
19361,0.717466
19362,2.257240
19363,0.322822
19364,-1.879699
19365,-0.963208
19366,-0.044561
19367,-0.457388
19368,-0.356041
19369,1.256949
19370,-0.513738
19371,-2.703656
19372,-0.711620
19373,-0.073758
19374,-1.126355
19375,0.242634
19376,0.649414
19377,-1.170160
19378,-1.094292
19379,-0.992352
19380,0.865525
19381,1.258592
19382,-0.836656
19383,-0.535936
19384,0.166219
19385,0.434366
19386,1.594564
19387,0.590669
19388,1.243537
19389,0.230298
19390,0.101909
19391,-0.079976
19392,-0.979649
19393,-2.518749
19394,0.475159
19395,0.261361
19396,0.898557
19397,2.139696
19398,-0.695066
19399,-0.593240
19400,-1.136392
19401,0.862996
19402,1.513511
19403,-0.138655
19404,-1.637107
19405,1.259665
19406,-0.574278
19407,-0.817284
19408,0.274832
19409,0.124922
19410,-0.802358
19411,-2.055784
19412,1.008809
19413,1.342654
19414,0.390425
19415,-0.351302
19416,-0.317288
19417,0.642395
19418,-0.293065
19419,-0.479323
19420,0.429376
19421,0.843598
19422,-1.868674
19423,1.186558
19424,-0.551850
19425,-0.000519
19426,-0.599854
19427,0.538705
19428,-1.593886
19429,-0.810737
19430,-0.266466
19431,1.462168
19432,0.272246
19433,0.264675
19434,0.299277
19435,-0.100028
19436,-0.671877
19437,0.501390
19438,0.159362
19439,0.779381
19440,0.344173
19441,0.754215
19442,-0.280024
19443,2.007908
19444,0.709057
19445,1.636227
19446,-0.298193
19447,0.127222
19448,1.452901
19449,0.717757
19450,1.223119
19451,-0.094839
19452,-0.062831
19453,-1.646672
19454,-0.040274
19455,0.841785
19456,0.577899
19457,-0.670370
19458,-0.216963
19459,-0.221249
19460,2.154385
19461,0.219478
19462,-1.281726
19463,-0.365274
19464,-1.924668
19465,-1.096990
19466,-0.806085
19467,-1.493342
19468,-0.536641
19469,2.489007
19470,-0.406813
19471,-0.696134
19472,-0.884200
19473,1.754766
19474,0.258253
19475,0.673321
19476,1.401345
19477,0.514481
19478,-2.691606
19479,2.192349
19480,1.641880
19481,1.392154
19482,-0.508029
19483,-0.004020
19484,-1.155782
19485,0.407034
19486,-1.011796
19487,-1.122611
19488,-0.845517
19489,-0.155853
19490,-0.364625
19491,-0.479994
19492,1.928726
19493,0.392893
19494,0.376591
19495,-1.356603
19496,-2.054980
19497,-2.300576
19498,1.469985
19499,1.097859
19500,1.461257
19501,0.534322
19502,0.046084
19503,2.267736
19504,0.109846
19505,-1.130191
19506,-0.124734
19507,-0.600602
19508,-0.054623
19509,0.062140
19510,1.549914
19511,-1.217915
19512,-1.667527
19513,-0.833099
19514,-1.771390
19515,0.912679
19516,-1.361684
19517,-0.992252
19518,-2.309173
19519,-0.510055
19520,0.977768
19521,-0.645829
19522,-0.066721
19523,0.375198
19524,1.100696
19525,0.768115
19526,0.070629
19527,0.671745
19528,0.903415
19529,0.267463
19530,-0.646120
19531,1.256006
19532,0.740799
19533,1.023973
19534,-0.760737
19535,-0.011070
19536,0.466035
19537,-0.909002
19538,0.836368
19539,-0.654906
19540,-0.236715
19541,0.284637
19542,0.011976
19543,-1.046251
19544,-1.461107
19545,-1.293816
19546,0.055788
19547,0.689230
19548,0.446807
19549,0.878755
19550,-0.074667
19551,1.418544
19552,-0.710555
19553,0.861178
19554,-0.199710
19555,1.871480
19556,1.252357
19557,0.086573
19558,0.145108
19559,0.808142
19560,-0.110075
19561,-0.083680
19562,0.130533
19563,-1.969601
19564,-1.059982
19565,-1.083344
19566,0.839839
19567,-0.317344
19568,0.143403
19569,1.013959
19570,-0.665772
19571,-2.964332
19572,-0.355542
19573,-1.372469
19574,0.417576
19575,-0.057056
19576,-1.179809
19577,-0.178310
19578,-0.876258
19579,-1.603031
19580,0.799493
19581,-0.166225
19582,1.145338
19583,-0.486795
19584,-0.234931
19585,0.169252
19586,1.018676
19587,1.670073
19588,1.313586
19589,0.131654
19590,1.242419
19591,-1.204993
19592,0.159167
19593,-0.338090
19594,-0.036901
19595,0.879305
19596,-0.183690
19597,-0.805008
19598,-0.973606
19599,0.103874
19600,0.265854
19601,-0.789864
19602,0.064565
19603,0.178569
19604,0.103333
19605,0.824262
19606,-0.098912
19607,0.596646
19608,-1.998620
19609,-2.260677
19610,0.530798
19611,-0.729843
19612,-1.406104
19613,-1.437772
19614,2.081845
19615,0.114146
19616,-0.573958
19617,0.051892
19618,0.015504
19619,-0.766238
19620,2.088437
19621,-1.312772
19622,-0.337278
19623,0.423509
19624,-1.132895
19625,-1.351288
19626,-1.294695
19627,-0.869017
19628,1.921873
19629,0.135734
19630,-0.779562
19631,-1.573846
19632,-1.788483
19633,-0.554915
19634,0.316645
19635,0.217443
19636,0.139669
19637,0.838745
19638,-0.065109
19639,0.173961
19640,0.173164
19641,-0.002857
19642,-0.834805
19643,-0.728068
19644,-0.644384
19645,0.513022
19646,-0.491291
19647,0.720221
19648,1.460397
19649,0.742682
19650,1.961734
19651,-0.655418
19652,-0.653816
19653,-0.519973
19654,-0.296750
19655,1.194938
19656,1.065707
19657,-0.443240
19658,0.144824
19659,-1.681751
19660,-0.407402
19661,-0.025491
19662,-0.507379
19663,-0.265395
19664,1.302012
19665,1.168973
19666,1.645681
19667,0.673159
19668,0.512914
19669,0.654330
19670,1.453948
19671,1.281192
19672,-1.544160
19673,0.037826
19674,0.384201
19675,0.580558
19676,-1.474549
19677,1.218945
19678,0.149594
19679,1.491790
19680,0.203754
19681,-0.551292
19682,-0.415616
19683,0.197247
19684,0.534967
19685,-1.237509
19686,-0.041350
19687,-0.619677
19688,-0.430328
19689,0.039678
19690,-0.291930
19691,-0.589854
19692,-0.629662
19693,-1.967304
19694,-0.563053
19695,-0.252711
19696,-0.235430
19697,1.313679
19698,1.133254
19699,0.093032
19700,-0.271940
19701,-0.673320
19702,-1.115194
19703,-2.281737
19704,-1.474496
19705,-0.655949
19706,-0.776660
19707,-0.269897
19708,-1.073564
19709,-1.753337
19710,-0.665070
19711,0.084687
19712,0.514870
19713,-0.049578
19714,-0.925795
19715,0.075305
19716,1.184291
19717,-1.090041
19718,1.216398
19719,2.203493
19720,0.304626
19721,-0.478380
19722,1.189632
19723,-0.045000
19724,-0.090625
19725,-0.405162
19726,1.773084
19727,-0.401773
19728,0.894548
19729,1.606726
19730,-1.074829
19731,0.394647
19732,0.155694
19733,0.885818
19734,0.574509
19735,-1.105054
19736,-0.807002
19737,1.254174
19738,2.172688
19739,0.386961
19740,0.690545
19741,1.537305
19742,1.665578
19743,1.616912
19744,0.067135
19745,-1.348783
19746,0.148202
19747,-0.715057
19748,0.887972
19749,-0.085109
19750,-0.341201
19751,-0.699609
19752,-1.647194
19753,0.717145
19754,0.327132
19755,1.084029
19756,0.727568
19757,0.252997
19758,-0.380945
19759,0.896495
19760,0.639305
19761,1.770650
19762,1.583411
19763,0.172262
19764,-0.981994
19765,-0.084180
19766,-0.560674
19767,-1.052101
19768,-1.229180
19769,0.297170
19770,-0.605716
19771,1.222112
19772,0.186299
19773,-0.570963
19774,-0.129680
19775,0.828225
19776,0.896969
19777,-0.346676
19778,0.853523
19779,1.659970
19780,1.243016
19781,0.002435
19782,1.649066
19783,2.855157
19784,1.129581
19785,0.902315
19786,-0.826206
19787,-0.168336
19788,-0.438071
19789,-0.869765
19790,0.450384
19791,0.911258
19792,2.094740
19793,1.029368
19794,1.251455
19795,1.298696
19796,-0.099346
19797,-0.856071
19798,1.713831
19799,-0.146245
19800,0.389842
19801,0.771017
19802,-1.493153
19803,-0.439373
19804,0.130921
19805,0.557059
19806,-2.391570
19807,-1.314499
19808,-0.386345
19809,-0.759207
19810,0.200764
19811,-0.096820
19812,-1.885037
19813,-0.044397
19814,1.129915
19815,-1.734973
19816,1.440801
19817,0.601361
19818,0.068630
19819,0.154648
19820,-0.814704
19821,-2.360199
19822,-2.335546
19823,-2.687921
19824,-0.993436
19825,0.771226
19826,1.481394
19827,1.035277
19828,0.117058
19829,-2.510698
19830,-1.417587
19831,-0.141301
19832,1.223852
19833,1.288914
19834,-0.892657
19835,-0.187616
19836,-1.060318
19837,0.550868
19838,1.982080
19839,1.692003
19840,-0.672350
19841,-0.017862
19842,0.112069
19843,-1.900054
19844,-0.436139
19845,0.489381
19846,0.301301
19847,0.515882
19848,1.040810
19849,1.268225
19850,-0.255167
19851,-0.991522
19852,-0.134737
19853,-1.020747
19854,-0.350306
19855,-0.199311
19856,0.640555
19857,-0.105850
19858,-0.847988
19859,-0.303621
19860,0.161297
19861,-3.100472
19862,-1.600729
19863,-0.224650
19864,-0.733738
19865,-0.943281
19866,-0.102789
19867,1.202300
19868,0.907763
19869,1.228321
19870,-0.609692
19871,0.454124
19872,0.735347
19873,2.329369
19874,0.044880
19875,0.537361
19876,-1.236670
19877,-1.740560
19878,-0.623347
19879,-0.406063
19880,-1.011468
19881,-0.516190
19882,0.375896
19883,0.551646
19884,-0.276099
19885,0.006519
19886,-1.933720
19887,-1.110722
19888,0.421855
19889,0.184025
19890,0.499039
19891,-1.478557
19892,0.427573
19893,0.690510
19894,0.275703
19895,1.345724
19896,1.673438
19897,-0.002149
19898,-0.092570
19899,0.739724
19900,-0.151321
19901,-0.100893
19902,-0.749326
19903,-0.729891
19904,-0.752465
19905,-0.796923
19906,-0.581929
19907,-0.317123
19908,0.984201
19909,-1.042863
19910,-0.853231
19911,-1.048297
19912,-1.313247
19913,-0.931232
19914,-1.848224
19915,-0.507467
19916,0.655800
19917,-0.098890
19918,-1.235034
19919,-0.582245
19920,-1.549690
19921,-0.395515
19922,-0.174014
19923,-0.818609
19924,-0.662045
19925,0.490907
19926,-1.042328
19927,-0.753333
19928,0.550707
19929,-1.439480
19930,0.005204
19931,0.399893
19932,0.128674
19933,-1.364737
19934,-1.069475
19935,-1.348756
19936,0.057255
19937,-0.174552
19938,0.221023
19939,-1.455200
19940,-0.497335
19941,1.488534
19942,1.327692
19943,1.511681
19944,0.655697
19945,-0.658808
19946,1.634542
19947,-0.241036
19948,0.021276
19949,-0.696412
19950,0.279595
19951,0.074928
19952,-0.955666
19953,-0.771552
19954,-0.415505
19955,-0.820681
19956,-0.029433
19957,-1.406631
19958,0.241292
19959,0.369453
19960,0.924019
19961,-0.311415
19962,-0.622253
19963,71.896020
19964,95.323701
19965,96.820330
19966,98.112859
19967,98.956641
19968,98.019437
19969,99.423706
19970,95.346166
19971,94.169031
19972,93.809482
19973,95.331285
19974,98.461236
19975,102.095043
19976,98.105773
19977,96.342576
19978,98.438005
19979,97.013916
19980,104.295562
19981,99.077222
19982,98.385839
19983,99.220020
19984,98.178069
19985,97.672440
19986,103.385276
19987,97.372672
19988,97.230758
19989,97.572667
19990,98.242714
19991,97.122971
19992,101.824535
19993,101.546310
19994,101.196684
19995,97.671059
19996,96.409341
19997,99.170966
19998,95.859111
19999,99.903199
20000,95.853638
20001,96.035661
20002,99.708438
20003,98.864501
20004,99.838078
20005,99.800976
20006,100.036896
20007,100.247184
20008,100.286256
20009,102.252068
20010,103.576777
20011,102.768245
20012,97.063931
20013,99.326557
20014,97.450939
20015,95.315388
20016,96.262926
20017,95.219562
20018,97.965293
20019,99.446404
20020,101.103114
20021,98.694906
20022,97.330014
20023,98.121891
20024,99.932804
20025,102.180745
20026,98.678109
20027,99.774128
20028,100.456778
20029,96.866741
20030,100.496089
20031,98.429612
20032,102.007430
20033,97.605181
20034,99.263785
20035,99.263027
20036,99.018290
20037,98.744503
20038,102.169646
20039,100.528682
20040,102.275317
20041,101.382634
20042,98.828030
20043,100.732167
20044,96.430376
20045,99.238410
20046,100.314996
20047,100.469274
20048,100.391248
20049,97.320288
20050,99.129009
20051,99.096704
20052,98.628510
20053,101.467142
20054,97.185615
20055,97.586293
20056,100.053610
20057,98.102913
20058,94.327790
20059,99.377264
20060,100.730928
20061,100.377281
20062,98.508647
20063,99.635826
20064,99.098962
20065,95.021779
20066,95.705192
20067,99.533649
20068,99.462176
20069,100.483391
20070,98.571233
20071,97.401036
20072,98.322156
20073,101.924319
20074,99.347011
20075,100.574010
20076,101.747325
20077,97.717672
20078,98.327841
20079,98.443523
20080,97.751725
20081,97.267356
20082,97.766006
20083,102.496708
20084,99.163067
20085,97.502140
20086,96.939703
20087,100.160686
20088,99.442167
20089,100.565217
20090,100.097118
20091,100.237512
20092,102.995587
20093,100.695400
20094,98.536184
20095,96.243635
20096,97.205648
20097,101.705951
20098,96.786029
20099,100.595103
20100,94.096456
20101,95.486840
20102,97.848638
20103,98.480184
20104,98.024608
20105,96.392109
20106,94.675598
20107,101.110746
20108,100.528205
20109,96.546683
20110,95.794390
20111,100.197406
20112,100.050700
20113,99.010008
20114,98.695527
20115,99.911573
20116,100.216907
20117,101.921283
20118,100.178387
20119,97.407793
20120,95.245452
20121,96.711543
20122,99.520992
20123,99.511366
20124,102.668706
20125,103.250586
20126,100.299955
20127,96.338190
20128,98.344122
20129,97.699392
20130,98.792411
20131,98.563084
20132,95.462642
20133,98.142635
20134,100.101868
20135,99.061637
20136,100.206099
20137,99.325190
20138,100.438455
20139,100.453843
20140,101.589240
20141,98.220298
20142,99.128790
20143,94.642438
20144,96.112530
20145,98.864243
20146,98.670645
20147,96.494616
20148,97.871193
20149,94.900788
20150,101.629566
20151,95.292969
20152,93.426482
20153,100.394501
20154,96.982295
20155,98.527564
20156,102.517966
20157,100.300263
20158,96.554678
20159,96.968831
20160,100.354203
20161,98.478213
20162,100.434347
20163,99.818863
20164,98.795010
20165,99.693302
20166,98.168314
20167,96.400943
20168,96.821742
20169,95.981149
20170,97.984009
20171,95.000900
20172,97.445849
20173,97.739064
20174,96.812969
20175,97.690448
20176,98.166692
20177,102.850747
20178,96.266825
20179,99.681728
20180,100.384354
20181,99.056040
20182,100.059957
20183,99.318858
20184,95.692191
20185,97.784737
20186,98.102244
20187,98.894279
20188,100.261976
20189,100.883819
20190,99.756815
20191,99.363436
20192,97.965175
20193,95.274177
20194,97.324814
20195,98.084861
20196,98.312422
20197,99.682465
20198,97.777486
20199,97.024207
20200,95.815460
20201,98.030641
20202,98.145356
20203,98.127543
20204,95.189219
20205,97.290486
20206,100.687389
20207,97.205070
20208,101.822168
20209,102.257383
20210,99.469368
20211,98.328084
20212,96.779315
20213,96.622107
20214,99.277049
20215,100.697546
20216,99.565047
20217,98.337132
20218,97.811457
20219,98.532595
20220,100.011109
20221,99.576501
20222,97.185193
20223,95.606997
20224,100.581159
20225,97.158743
20226,98.054704
20227,99.138125
20228,99.182155
20229,99.973664
20230,95.088868
20231,95.574740
20232,97.340771
20233,101.490271
20234,100.742106
20235,98.916478
20236,101.968466
20237,99.728767
20238,98.427812
20239,97.706958
20240,101.080485
20241,99.980241
20242,98.285308
20243,97.811648
20244,98.699567
20245,99.155969
20246,98.827153
20247,102.441323
20248,96.701921
20249,97.154219
20250,96.339456
20251,95.881274
20252,98.357959
20253,95.184989
20254,99.274856
20255,98.054196
20256,97.220611
20257,99.945127
20258,101.068248
20259,99.511846
20260,101.689880
20261,101.066581
20262,97.717061
20263,97.483999
20264,101.179633
20265,98.072904
20266,100.586398
20267,98.388581
20268,101.521929
20269,98.594799
20270,98.756599
20271,99.189663
20272,97.059604
20273,100.096845
20274,97.469762
20275,94.354139
20276,98.449957
20277,101.021236
20278,99.943749
20279,98.177362
20280,101.324800
20281,100.715892
20282,98.753082
20283,97.720138
20284,95.115285
20285,100.862609
20286,98.890788
20287,98.913484
20288,98.939932
20289,97.955087
20290,100.441974
20291,98.315007
20292,99.073626
20293,100.365409
20294,94.973026
20295,96.416055
20296,96.912168
20297,100.010384
20298,99.585227
20299,99.675661
20300,98.293104
20301,101.330833
20302,95.484439
20303,98.103891
20304,99.348374
20305,99.056551
20306,100.950584
20307,97.126012
20308,98.509686
20309,93.851243
20310,97.028823
20311,100.611036
20312,97.642769
20313,99.217742
20314,98.571394
20315,97.519945
20316,97.956654
20317,100.215820
20318,95.612462
20319,100.036339
20320,100.029150
20321,96.274654
20322,94.997384
20323,97.246656
20324,100.031207
20325,99.696513
20326,101.129665
20327,98.486486
20328,99.898336
20329,97.456231
20330,99.242557
20331,100.938054
20332,100.809298
20333,101.715385
20334,97.897952
20335,96.799605
20336,94.600643
20337,98.957169
20338,94.671678
20339,97.573249
20340,95.124018
20341,95.692741
20342,99.144227
20343,98.927601
20344,97.639502
20345,93.548484
20346,99.322904
20347,96.680535
20348,97.381463
20349,98.635606
20350,99.863995
20351,99.164580
20352,98.584953
20353,96.235006
20354,96.673364
20355,95.814827
20356,96.428896
20357,98.107611
20358,99.494270
20359,100.237498
20360,100.987068
20361,99.938960
20362,95.239459
20363,97.596340
20364,97.588581
20365,100.966320
20366,96.883303
20367,97.258916
20368,97.682672
20369,97.952331
20370,99.748268
20371,94.810840
20372,98.651573
20373,100.599714
20374,98.794379
20375,99.343420
20376,101.650691
20377,96.499611
20378,98.655279
20379,99.979642
20380,101.109150
20381,101.153155
20382,98.208780
20383,99.829402
20384,94.414184
20385,95.533517
20386,100.249358
20387,99.628416
20388,99.802798
20389,99.112594
20390,98.754323
20391,101.457018
20392,101.086913
20393,99.596678
20394,96.463157
20395,98.613077
20396,103.232616
20397,99.265105
20398,100.319369
20399,94.216722
20400,99.016484
20401,94.214939
20402,96.665174
20403,98.195340
20404,99.534696
20405,98.559170
20406,98.835346
20407,97.827608
20408,97.587043
20409,100.892532
20410,100.176125
20411,97.572178
20412,100.436751
20413,99.509608
20414,99.475410
20415,99.825617
20416,98.779727
20417,93.765536
20418,99.401887
20419,100.256536
20420,100.289610
20421,99.167619
20422,99.115000
20423,96.609025
20424,100.878099
20425,102.224996
20426,103.284740
20427,101.672982
20428,98.270156
20429,91.971775
20430,95.842677
20431,95.893809
20432,94.009957
20433,100.788649
20434,93.775905
20435,96.468771
20436,95.966740
20437,95.992382
20438,100.374829
20439,100.491395
20440,100.805029
20441,98.870187
20442,97.775324
20443,101.188985
20444,96.475763
20445,96.946574
20446,97.141913
20447,97.494514
20448,102.636535
20449,100.997401
20450,98.905502
20451,97.202208
20452,98.736021
20453,101.247983
20454,98.786322
20455,100.045570
20456,102.058008
20457,99.472577
20458,97.882900
20459,98.522719
20460,99.857223
20461,97.597427
20462,99.369546
20463,96.991015
20464,96.159865
20465,95.513274
20466,97.041355
20467,100.548408
20468,98.841186
20469,97.181875
20470,102.465626
20471,25.921897
20472,6.669020
20473,-1.028405
20474,0.336796
20475,-0.005595
20476,0.147765
20477,-1.144161
20478,-1.215064
20479,-0.785821
20480,-1.316456
20481,-0.394770
20482,-0.205442
20483,-0.183601
20484,0.417236
20485,1.429755
20486,-0.101049
20487,0.603058
20488,-0.559308
20489,-0.235575
20490,1.213341
20491,-0.210354
20492,1.193847
20493,-0.544116
20494,-0.015742
20495,0.382456
20496,0.503130
20497,0.235428
20498,1.203051
20499,0.026874
20500,-0.266122
20501,0.179163
20502,0.013969
20503,-0.473568
20504,0.785809
20505,1.170578
20506,0.006210
20507,2.436791
20508,0.253504
20509,-0.345820
20510,0.707416
20511,2.654398
20512,-0.621882
20513,-0.870041
20514,-0.812191
20515,-0.823325
20516,-1.833208
20517,3.784345
20518,2.970347
20519,0.905792
20520,-2.225771
20521,-2.119017
20522,-0.900350
20523,-1.822053
20524,-1.538739
20525,-0.751510
20526,0.273839
20527,0.088533
20528,0.041347
20529,0.666408
20530,0.006070
20531,-0.021902
20532,-0.639966
20533,-0.183689
20534,-0.087317
20535,-0.438075
20536,-1.933344
20537,-1.190354
20538,-3.489118
20539,0.164231
20540,-0.437990
20541,-1.041226
20542,1.163522
20543,1.018523
20544,2.362315
20545,0.233704
20546,-0.920421
20547,-1.022164
20548,-0.377888
20549,-0.662157
20550,2.669347
20551,0.263634
20552,0.206976
20553,0.092466
20554,-1.015021
20555,0.111557
20556,-0.116084
20557,-0.344373
20558,-1.809984
20559,-1.354702
20560,-2.156809
20561,-0.851345
20562,-0.530030
20563,0.098541
20564,-1.452977
20565,-1.104244
20566,-1.395001
20567,0.520951
20568,1.872187
20569,0.082615
20570,-0.098312
20571,-0.735820
20572,0.006083
20573,-1.023040
20574,-0.915282
20575,-1.738962
20576,-0.993119
20577,-0.220653
20578,-0.118675
20579,0.076885
20580,-0.814407
20581,0.022838
20582,0.347921
20583,-0.294984
20584,-0.552495
20585,-1.348933
20586,1.023151
20587,1.153920
20588,-1.515026
20589,0.893562
20590,1.301672
20591,0.795257
20592,-0.130426
20593,-0.052179
20594,-0.889440
20595,-0.361737
20596,0.195845
20597,0.067762
20598,-0.281747
20599,-0.786500
20600,-0.999431
20601,-0.973215
20602,0.224864
20603,0.076623
20604,0.857382
20605,-1.553991
20606,0.495224
20607,1.615188
20608,-0.746351
20609,0.796493
20610,-0.623447
20611,-0.225199
20612,1.840014
20613,-0.174619
20614,-0.531061
20615,0.409716
20616,-1.355718
20617,-1.227170
20618,-1.029142
20619,-0.548491
20620,-0.829948
20621,0.544469
20622,0.358631
20623,0.229819
20624,0.727194
20625,0.498165
20626,0.754511
20627,-0.462975
20628,-2.694594
20629,-1.454131
20630,-0.665294
20631,0.654280
20632,1.729481
20633,1.758649
20634,0.106018
20635,-0.645486
20636,-1.067799
20637,1.354028
20638,-1.378694
20639,-1.416322
20640,1.786154
20641,-0.375616
20642,-0.335590
20643,-0.553011
20644,1.086694
20645,1.460578
20646,0.287916
20647,-0.242574
20648,-0.811114
20649,1.185875
20650,0.398796
20651,0.911473
20652,-0.374298
20653,-0.642278
20654,-0.456891
20655,-1.147914
20656,0.426531
20657,1.960762
20658,0.648235
20659,1.153498
20660,-0.471857
20661,1.306443
20662,0.399463
20663,-0.796730
20664,0.474413
20665,-0.165193
20666,0.595892
20667,1.087682
20668,-0.758179
20669,0.266908
20670,1.271804
20671,0.663450
20672,-0.589638
20673,1.105612
20674,-0.100891
20675,-1.085832
20676,0.253998
20677,-1.233438
20678,0.277776
20679,0.887088
20680,-0.854244
20681,0.701155
20682,1.135604
20683,-0.522990
20684,2.672348
20685,0.414145
20686,-0.873038
20687,-0.136829
20688,0.586457
20689,-0.281982
20690,-0.389414
20691,1.741064
20692,1.475074
20693,-0.920381
20694,-1.720491
20695,0.882158
20696,0.556669
20697,0.302579
20698,1.227447
20699,0.577803
20700,1.056371
20701,0.720307
20702,-0.581307
20703,0.529366
20704,-1.900768
20705,0.289037
20706,0.393117
20707,0.128473
20708,2.835898
20709,0.424197
20710,1.486916
20711,0.264398
20712,-2.290690
20713,-0.722065
20714,0.953845
20715,0.222649
20716,-0.008827
20717,0.486688
20718,0.603334
20719,0.371802
20720,0.096978
20721,-0.686621
20722,-1.638163
20723,0.945780
20724,-0.742005
20725,-0.583902
20726,-1.145937
20727,-0.110659
20728,2.083310
20729,-0.189378
20730,0.784737
20731,-0.946094
20732,-1.933291
20733,-1.927124
20734,-0.144178
20735,0.093742
20736,-0.588750
20737,1.080194
20738,-0.539520
20739,2.166311
20740,1.888198
20741,0.069473
20742,-0.093588
20743,-1.052384
20744,-1.329885
20745,-0.338820
20746,-0.935299
20747,1.535811
20748,2.246817
20749,2.031397
20750,0.699726
20751,0.840921
20752,1.742097
20753,0.312919
20754,0.558739
20755,1.159236
20756,1.087207
20757,1.201500
20758,0.993863
20759,-0.507720
20760,-1.098409
20761,0.354355
20762,-1.084075
20763,-0.342137
20764,-0.627705
20765,0.295534
20766,-1.910402
20767,-0.533727
20768,0.470990
20769,1.262427
20770,0.358435
20771,0.623267
20772,-0.641427
20773,0.793245
20774,0.285939
20775,-0.795239
20776,0.734271
20777,-0.411793
20778,-1.653916
20779,-1.753050
20780,0.101193
20781,1.528432
20782,-0.471285
20783,0.877559
20784,0.275482
20785,-1.311525
20786,0.039750
20787,-1.116278
20788,-1.475746
20789,-0.496476
20790,1.739194
20791,1.120293
20792,-1.141434
20793,0.284030
20794,-0.484392
20795,-0.967962
20796,0.835090
20797,0.729562
20798,-0.724689
20799,0.052087
20800,-1.771267
20801,-1.425462
20802,0.504179
20803,-3.255929
20804,-0.368605
20805,-0.732681
20806,-0.480098
20807,-0.673157
20808,-0.076953
20809,-0.386247
20810,-0.091223
20811,-0.478426
20812,-1.114084
20813,-1.102883
20814,-0.420272
20815,0.380736
20816,0.064198
20817,-0.594950
20818,0.378212
20819,1.818621
20820,0.588642
20821,-0.349021
20822,0.292831
20823,-0.713433
20824,0.233301
20825,-0.171870
20826,0.131157
20827,-0.433499
20828,-0.287188
20829,-0.480881
20830,-0.757477
20831,0.401476
20832,0.196986
20833,-0.626334
20834,0.359114
20835,-0.685377
20836,1.633860
20837,-0.044128
20838,0.589664
20839,0.331025
20840,0.489263
20841,0.071510
20842,-1.065342
20843,-0.896284
20844,-1.957113
20845,-0.674347
20846,-1.496070
20847,-0.720649
20848,-0.989692
20849,-2.414483
20850,0.495349
20851,0.819705
20852,0.672191
20853,0.376969
20854,1.104518
20855,-0.044189
20856,-0.212978
20857,-1.664105
20858,0.763149
20859,0.212023
20860,-1.291746
20861,0.413259
20862,1.151720
20863,-0.861543
20864,-0.252677
20865,-1.011159
20866,1.436965
20867,0.383108
20868,-1.312590
20869,-0.717722
20870,-1.931478
20871,0.610976
20872,-1.090005
20873,0.011021
20874,0.268951
20875,0.337322
20876,-0.466559
20877,0.218004
20878,-1.553970
20879,1.494562
20880,-0.476029
20881,-2.201882
20882,-0.099936
20883,0.861866
20884,-0.229819
20885,-1.196167
20886,0.437897
20887,0.320606
20888,1.081421
20889,0.424130
20890,1.112046
20891,0.420049
20892,-0.702332
20893,-1.401213
20894,-1.187391
20895,-0.633524
20896,-1.259834
20897,0.051685
20898,0.963147
20899,0.382353
20900,-0.844216
20901,-0.963144
20902,77.173933
20903,92.916786
20904,103.683878
20905,102.559013
20906,102.491732
20907,103.903542
20908,102.816657
20909,101.271169
20910,104.564700
20911,102.187249
20912,103.743362
20913,103.018358
20914,101.322078
20915,102.447034
20916,101.964430
20917,104.035560
20918,100.923289
20919,105.516477
20920,102.656137
20921,103.155763
20922,103.886225
20923,100.990348
20924,100.470967
20925,101.349902
20926,103.803033
20927,106.379835
20928,108.044474
20929,104.485092
20930,104.404701
20931,100.091523
20932,103.604360
20933,104.304600
20934,102.274538
20935,105.498109
20936,102.287908
20937,98.680970
20938,100.617968
20939,104.782695
20940,101.322612
20941,103.665759
20942,101.906543
20943,100.325501
20944,101.526493
20945,101.996110
20946,103.343480
20947,103.631051
20948,105.824244
20949,102.191178
20950,106.608562
20951,102.134867
20952,103.512911
20953,104.210026
20954,100.812164
20955,102.072865
20956,99.389691
20957,99.359921
20958,97.549249
20959,98.388762
20960,103.695767
20961,101.499562
20962,106.060819
20963,103.853304
20964,102.360614
20965,100.295079
20966,101.201687
20967,102.107058
20968,102.922861
20969,102.895015
20970,100.816505
20971,103.540967
20972,101.364728
20973,103.641961
20974,99.943716
20975,100.344090
20976,102.721614
20977,103.270220
20978,103.215534
20979,99.933402
20980,25.876572
20981,4.804572
20982,1.412906
20983,-1.048619
20984,0.373454
20985,-0.312848
20986,-0.118233
20987,1.007655
20988,-0.381248
20989,0.466454
20990,-0.091646
20991,-0.046697
20992,-1.059915
20993,-0.958771
20994,0.085869
20995,-0.255950
20996,0.837805
20997,-0.705587
20998,0.462656
20999,0.249374
21000,-1.589061
21001,0.399996
21002,0.884493
21003,1.257534
21004,-0.210000
21005,1.105249
21006,0.870704
21007,1.328683
21008,0.073959
21009,1.465508
21010,-0.578688
21011,-0.576592
21012,0.201144
21013,0.246188
21014,0.824805
21015,-0.622750
21016,0.276138
21017,-0.707412
21018,-1.799560
21019,1.444810
21020,1.513283
21021,-0.395972
21022,-0.066636
21023,-0.419687
21024,1.557410
21025,0.681816
21026,0.471233
21027,-1.293105
21028,0.233147
21029,0.346328
21030,0.360185
21031,0.165780
21032,1.258940
21033,-1.166296
21034,1.003978
21035,-0.754137
21036,2.082794
21037,0.779666
21038,0.633777
21039,-0.563484
21040,1.221205
21041,-3.024010
21042,-2.376679
21043,-1.400298
21044,-0.879812
21045,1.102910
21046,-0.832077
21047,-1.033696
21048,0.672976
21049,0.841756
21050,-0.144185
21051,0.265510
21052,-2.072112
21053,-1.088083
21054,-0.753250
21055,-1.141783
21056,-0.085634
21057,1.919776
21058,-1.708469
21059,0.251293
21060,0.117122
21061,1.796117
21062,0.523573
21063,0.221759
21064,-0.044135
21065,1.172092
21066,-0.063673
21067,0.652716
21068,-1.576546
21069,-0.678094
21070,-0.122142
21071,0.927658
21072,-0.457276
21073,1.050588
21074,1.129159
21075,0.801402
21076,0.559715
21077,1.888009
21078,0.184411
21079,-2.409773
21080,-0.829656
21081,-1.113489
21082,-0.712974
21083,-0.175079
21084,0.396974
21085,1.137791
21086,-0.181047
21087,-0.072211
21088,-1.045407
21089,-0.366311
21090,-1.583102
21091,0.566118
21092,0.672901
21093,0.747934
21094,-0.092204
21095,1.184289
21096,-0.082996
21097,0.644908
21098,0.160129
21099,0.139646
21100,1.365178
21101,-0.077443
21102,0.435797
21103,-1.126487
21104,-0.827934
21105,0.619790
21106,-0.014073
21107,-1.689284
21108,0.026549
21109,-1.360268
21110,0.525606
21111,0.339752
21112,-1.420179
21113,0.799120
21114,1.571058
21115,1.963549
21116,2.427851
21117,0.295203
21118,-0.752521
21119,1.424383
21120,0.612525
21121,-1.200801
21122,1.159940
21123,-0.416501
21124,1.632263
21125,0.773015
21126,0.885286
21127,-0.342850
21128,-1.438978
21129,-1.064932
21130,-1.766374
21131,-1.718451
21132,0.124700
21133,2.381376
21134,1.197171
21135,0.092511
21136,1.327378
21137,-1.198835
21138,-0.085592
21139,0.076279
21140,-0.344733
21141,0.397181
21142,-2.302575
21143,1.857426
21144,0.242976
21145,1.104924
21146,1.066041
21147,0.936595
21148,-0.412284
21149,-0.192196
21150,1.397811
21151,1.389259
21152,1.101116
21153,-0.972485
21154,-1.953128
21155,0.713192
21156,0.914079
21157,0.000898
21158,0.490468
21159,-0.083793
21160,-0.459362
21161,0.747072
21162,0.490476
21163,-0.840799
21164,-1.469601
21165,-1.332870
21166,-0.856656
21167,-0.765298
21168,-0.684232
21169,-0.528183
21170,0.233756
21171,1.344172
21172,0.703145
21173,0.971342
21174,1.342658
21175,1.430908
21176,-0.486410
21177,-0.825316
21178,0.587239
21179,2.956232
21180,-0.693078
21181,-0.917526
21182,-1.509890
21183,0.299872
21184,2.483120
21185,-0.588937
21186,-1.984437
21187,-2.044150
21188,-0.956448
21189,1.266808
21190,1.008552
21191,1.056117
21192,1.357449
21193,1.347803
21194,-0.494529
21195,1.711949
21196,1.240780
21197,1.238472
21198,-0.178851
21199,0.310897
21200,-0.216341
21201,0.901705
21202,-0.900248
21203,-0.086262
21204,-1.185037
21205,2.128904
21206,1.664637
21207,1.987365
21208,1.237040
21209,0.474519
21210,-0.944119
21211,-1.296347
21212,-0.553040
21213,1.470087
21214,0.993930
21215,-1.297011
21216,-0.293191
21217,1.356342
21218,2.558874
21219,2.582368
21220,0.552385
21221,-0.243092
21222,0.484303
21223,0.278670
21224,0.465510
21225,0.573536
21226,0.427850
21227,0.858871
21228,-0.750345
21229,0.096897
21230,-1.050385
21231,1.330059
21232,-0.524364
21233,0.873419
21234,-0.091322
21235,0.590044
21236,-0.126612
21237,0.830104
21238,-0.414134
21239,-0.653601
21240,-1.044390
21241,-0.419933
21242,1.125068
21243,-3.056014
21244,0.167684
21245,0.340188
21246,1.052048
21247,1.484333
21248,0.169239
21249,0.974569
21250,0.796251
21251,-0.112178
21252,-0.403288
21253,0.727344
21254,1.090911
21255,-0.436266
21256,-1.168391
21257,-1.790955
21258,-1.104664
21259,-1.172035
21260,0.933630
21261,-0.943668
21262,0.981149
21263,1.150065
21264,0.841836
21265,0.237407
21266,2.487412
21267,0.063231
21268,0.173289
21269,-0.500695
21270,-1.529633
21271,-1.968358
21272,-0.913465
21273,-0.869238
21274,-1.643383
21275,-0.443473
21276,-0.189382
21277,-1.703429
21278,-2.039977
21279,0.413510
21280,-0.547888
21281,-0.016423
21282,0.281017
21283,0.609412
21284,-0.097897
21285,-0.731935
21286,-1.033895
21287,0.301325
21288,-0.696177
21289,-0.485980
21290,1.642536
21291,1.507570
21292,1.047034
21293,2.168847
21294,1.251043
21295,-0.099095
21296,-2.059093
21297,-0.937792
21298,-0.405319
21299,-0.890053
21300,0.734212
21301,-1.148478
21302,-0.313180
21303,-0.525714
21304,1.908927
21305,-0.806534
21306,-0.743475
21307,0.357314
21308,-0.833612
21309,1.880933
21310,-0.677074
21311,-0.758470
21312,2.019896
21313,2.429811
21314,0.612163
21315,0.544048
21316,0.695875
21317,0.552486
21318,0.586222
21319,0.026445
21320,-0.566111
21321,-1.327190
21322,-0.256528
21323,-0.206033
21324,-0.959560
21325,0.819008
21326,0.325415
21327,0.076916
21328,0.168950
21329,0.383375
21330,1.646138
21331,-0.601444
21332,0.090964
21333,2.163908
21334,2.220500
21335,-0.441340
21336,0.388661
21337,-0.114002
21338,1.054938
21339,-0.717978
21340,-0.632569
21341,0.486526
21342,1.249375
21343,0.767491
21344,0.132390
21345,1.300338
21346,0.686672
21347,1.661447
21348,-0.319489
21349,0.434902
21350,0.597541
21351,-0.543026
21352,-0.071211
21353,-0.186672
21354,0.589127
21355,0.545757
21356,-1.257839
21357,1.974074
21358,2.575178
21359,0.810488
21360,0.570385
21361,0.698236
21362,-2.446015
21363,-1.227115
21364,0.372915
21365,-1.657971
21366,-1.204398
21367,-0.295182
21368,0.937789
21369,1.264077
21370,0.188785
21371,-0.795198
21372,-0.489906
21373,0.130158
21374,-1.724968
21375,0.822996
21376,2.026394
21377,2.481196
21378,0.328531
21379,-0.040181
21380,-0.508150
21381,-1.234370
21382,-2.468628
21383,0.044755
21384,-1.209243
21385,0.225511
21386,1.483572
21387,-0.058545
21388,-0.391759
21389,-0.115311
21390,0.399176
21391,2.495878
21392,0.806844
21393,-0.076339
21394,0.583675
21395,1.652786
21396,0.747625
21397,0.325282
21398,-0.785964
21399,-1.308553
21400,-0.072516
21401,-0.256797
21402,-0.259529
21403,-1.133330
21404,-1.174648
21405,0.014354
21406,-0.906904
21407,2.667769
21408,-0.334341
21409,-0.037308
21410,-2.318615
21411,-0.427047
21412,0.536171
21413,0.500000
21414,0.790226
21415,1.138512
21416,0.995790
21417,0.094380
21418,-0.916841
21419,0.220951
21420,-1.187797
21421,-2.752879
21422,-1.496342
21423,1.324894
21424,-0.307236
21425,-1.612667
21426,-0.156792
21427,0.836407
21428,0.355250
21429,-0.054835
21430,1.200403
21431,-0.375785
21432,-0.812732
21433,-0.671260
21434,-1.067838
21435,-0.351963
21436,0.024092
21437,1.965153
21438,0.448970
21439,0.595077
21440,0.188600
21441,-1.289491
21442,0.490846
21443,-0.779212
21444,-0.850247
21445,0.236555
21446,-0.508176
21447,-0.294834
21448,-1.485802
21449,0.063696
21450,-0.024737
21451,0.273030
21452,-1.085234
21453,-0.058765
21454,-0.039335
21455,0.183748
21456,-0.166668
21457,0.170097
21458,-1.848073
21459,-1.868248
21460,-0.079368
21461,0.516066
21462,1.020790
21463,-0.019097
21464,-0.529677
21465,-2.205122
21466,1.024799
21467,-0.636715
21468,-0.992753
21469,-0.418435
21470,-1.371812
21471,0.159093
21472,1.234426
21473,0.704881
21474,0.106139
21475,0.283683
21476,0.887990
21477,1.046368
21478,1.694474
21479,0.123050
21480,-0.481521
21481,-1.727703
21482,-2.094734
21483,0.574423
21484,-0.005084
21485,-0.076434
21486,-0.080156
21487,0.611340
21488,-1.762418
21489,-0.229304
21490,0.511390
21491,-1.620747
21492,-2.015980
21493,-0.626346
21494,-0.486517
21495,-1.034541
21496,0.144081
21497,0.148625
21498,0.998542
21499,0.856930
21500,-0.328328
21501,-0.912454
21502,-1.023443
21503,-1.324588
21504,-1.237922
21505,0.167865
21506,-0.958131
21507,-0.464630
21508,-0.070975
21509,0.931361
21510,-0.206553
21511,0.541376
21512,0.339107
21513,-0.121518
21514,1.402541
21515,0.277065
21516,-0.898500
21517,-2.221778
21518,0.156088
21519,0.942995
21520,1.016926
21521,0.387882
21522,-0.729900
21523,-0.874605
21524,-0.957797
21525,1.569797
21526,0.982694
21527,-1.069756
21528,-2.024286
21529,0.870482
21530,-1.494032
21531,-1.761069
21532,-0.999765
21533,-1.712296
21534,-1.395892
21535,-1.167329
21536,-1.025560
21537,-0.521551
21538,-0.451596
21539,1.359601
21540,0.580217
21541,1.128043
21542,-0.847252
21543,-1.749605
21544,1.026652
21545,-1.606408
21546,-1.244686
21547,0.430838
21548,0.038754
21549,-1.424636
21550,0.150416
21551,2.176426
21552,-0.296738
21553,-1.150618
21554,0.187028
21555,-0.626524
21556,1.465956
21557,-0.777159
21558,0.381879
21559,0.853771
21560,0.747389
21561,0.042759
21562,0.220917
21563,0.828985
21564,-1.053299
21565,0.148421
21566,0.417586
21567,1.811624
21568,1.152942
21569,0.111102
21570,-0.975591
21571,0.661396
21572,1.148633
21573,-2.264154
21574,0.512991
21575,-0.013390
21576,1.512164
21577,-0.811938
21578,1.285775
21579,0.885211
21580,0.738298
21581,1.871213
21582,1.375882
21583,0.244035
21584,-1.524910
21585,-0.980403
21586,-0.465012
21587,-1.219913
21588,0.124055
21589,0.644783
21590,0.396029
21591,-0.248009
21592,-0.887591
21593,0.299822
21594,-2.164809
21595,0.689819
21596,0.625087
21597,-1.814233
21598,-0.478530
21599,-1.053538
21600,-0.215409
21601,0.603394
21602,-0.252928
21603,-0.053756
21604,-1.210758
21605,-1.597632
21606,-0.929337
21607,0.564615
21608,-0.345380
21609,0.124497
21610,0.818170
21611,0.405165
21612,-0.186383
21613,-0.354723
21614,0.922383
21615,0.625771
21616,2.045465
21617,0.586439
21618,0.596110
21619,0.917580
21620,0.470346
21621,0.562756
21622,-0.246755
21623,-1.051820
21624,-1.002908
21625,-2.739855
21626,0.030306
21627,0.529282
21628,-1.046717
21629,2.388696
21630,-1.376206
21631,0.889674
21632,0.738758
21633,0.558349
21634,-1.416174
21635,-1.529374
21636,-1.416723
21637,-3.680607
21638,0.518613
21639,0.901577
21640,0.849254
21641,1.163296
21642,-2.833049
21643,-1.799350
21644,0.539121
21645,-0.213872
21646,0.408712
21647,-0.121523
21648,0.851213
21649,0.638998
21650,1.157467
21651,-0.481720
21652,-0.792028
21653,-0.731517
21654,1.304302
21655,0.043910
21656,1.789214
21657,-1.236877
21658,-1.081645
21659,0.538970
21660,0.660830
21661,-0.512572
21662,-0.149297
21663,-1.716086
21664,-0.341715
21665,-0.315953
21666,-1.964921
21667,-0.319422
21668,-0.493228
21669,0.360904
21670,0.344772
21671,0.582694
21672,0.429094
21673,0.109492
21674,-0.795383
21675,0.867017
21676,-0.870561
21677,-1.726571
21678,-0.758720
21679,-0.391083
21680,1.825703
21681,0.738614
21682,-0.193044
21683,0.321908
21684,0.108454
21685,1.254916
21686,1.496727
21687,-0.818272
21688,-1.685839
21689,0.100998
21690,-0.067451
21691,2.098585
21692,0.693060
21693,-0.017598
21694,0.628913
21695,-0.978218
21696,-0.416003
21697,-0.562969
21698,1.037518
21699,-0.115888
21700,0.228791
21701,-0.247953
21702,-1.598271
21703,-1.482962
21704,0.279107
21705,0.834483
21706,1.284637
21707,-1.122426
21708,-1.094676
21709,0.554580
21710,0.166433
21711,-1.660740
21712,-1.327919
21713,0.480085
21714,0.044182
21715,-1.212659
21716,-0.618579
21717,1.591153
21718,1.484174
21719,0.103689
21720,-1.394816
21721,0.876440
21722,0.350823
21723,1.079485
21724,1.850691
21725,0.325467
21726,-0.908897
21727,0.865350
21728,-0.739066
21729,-0.551699
21730,0.653629
21731,0.138776
21732,-1.796358
21733,0.981419
21734,-0.092426
21735,-0.248121
21736,-1.010210
21737,-1.420145
21738,-1.770073
21739,1.151368
21740,2.382310
21741,2.063218
21742,1.302036
21743,-0.457387
21744,-0.489674
21745,-1.199115
21746,-0.229016
21747,-0.578926
21748,-0.955950
21749,-0.834842
21750,0.208540
21751,0.980446
21752,0.658267
21753,0.383034
21754,-0.098343
21755,-1.081907
21756,-0.324390
21757,-1.656107
21758,-1.086282
21759,-0.555341
21760,0.140295
21761,-0.277308
21762,0.591630
21763,0.134532
21764,0.653462
21765,0.347993
21766,2.084518
21767,0.585388
21768,2.642238
21769,0.654995
21770,0.159802
21771,-1.803199
21772,-1.027212
21773,-0.666351
21774,0.025455
21775,0.550543
21776,-0.191561
21777,0.403803
21778,-0.186945
21779,0.907731
21780,0.255373
21781,0.058472
21782,1.048101
21783,0.507606
21784,-0.014443
21785,-1.815207
21786,-1.458850
21787,-2.090609
21788,-0.639774
21789,-2.810397
21790,-1.931549
21791,-0.598183
21792,0.701742
21793,1.173300
21794,1.567372
21795,-0.163927
21796,0.116106
21797,-0.477047
21798,-0.258998
21799,0.786958
21800,-0.471772
21801,0.777260
21802,-1.639435
21803,0.122345
21804,0.980984
21805,1.021339
21806,1.424689
21807,1.671038
21808,-0.399078
21809,0.056366
21810,-0.132655
21811,-1.060732
21812,-0.658273
21813,0.058367
21814,-1.046016
21815,0.659194
21816,0.778583
21817,0.431816
21818,0.331491
21819,1.048238
21820,1.189615
21821,-1.641382
21822,0.365123
21823,-0.826140
21824,0.921601
21825,0.155295
21826,-1.282786
21827,0.754596
21828,-1.188232
21829,-0.482726
21830,-0.000172
21831,1.009310
21832,-0.593384
21833,0.552974
21834,1.857033
21835,-0.060067
21836,0.733895
21837,-0.678327
21838,-0.631172
21839,-0.356357
21840,2.483619
21841,0.425944
21842,-1.476884
21843,-0.375158
21844,1.554283
21845,1.074777
21846,1.036856
21847,-0.166561
21848,-0.965457
21849,-0.478755
21850,1.697175
21851,0.825876
21852,0.584431
21853,0.210025
21854,1.088170
21855,1.264553
21856,0.303347
21857,1.023938
21858,0.366824
21859,1.030099
21860,0.487830
21861,-0.170598
21862,1.712548
21863,-1.308110
21864,-0.702168
21865,0.200710
21866,0.163928
21867,-0.388749
21868,-0.212860
21869,-1.907874
21870,0.413098
21871,-1.124677
21872,1.139552
21873,1.556632
21874,0.366213
21875,0.584558
21876,-1.085672
21877,-0.988891
21878,1.416277
21879,0.127648
21880,0.659226
21881,0.624852
21882,1.578407
21883,1.967320
21884,0.339182
21885,1.626310
21886,-0.047658
21887,-0.946850
21888,-1.660646
21889,0.065275
21890,1.059254
21891,-1.008640
21892,1.431065
21893,0.694170
21894,-1.533086
21895,-1.905208
21896,-1.361219
21897,-1.390322
21898,-0.622227
21899,0.573992
21900,1.346646
21901,-0.964711
21902,-0.484133
21903,-0.472059
21904,0.001189
21905,-1.039840
21906,0.081962
21907,0.689834
21908,1.445361
21909,0.008697
21910,-1.489143
21911,0.270888
21912,-1.583228
21913,-1.465601
21914,-3.226068
21915,-0.695481
21916,-0.305727
21917,-0.200858
21918,1.052142
21919,0.657533
21920,1.698366
21921,0.735459
21922,-1.430308
21923,-0.297444
21924,0.910409
21925,0.288318
21926,-0.628184
21927,-2.489535
21928,-1.662404
21929,-0.589366
21930,0.279856
21931,0.362499
21932,1.100608
21933,-0.940754
21934,-1.483265
21935,0.097807
21936,1.851153
21937,-0.527136
21938,0.064719
21939,-0.210126
21940,-0.106956
21941,1.029037
21942,0.463844
21943,0.918185
21944,-1.309865
21945,-0.943359
21946,0.030714
21947,-0.328437
21948,-0.612561
21949,1.767262
21950,0.935573
21951,-0.941835
21952,-1.771264
21953,-0.533130
21954,-0.407436
21955,0.651769
21956,-0.505069
21957,0.008954
21958,0.329448
21959,-1.021858
21960,0.649222
21961,-1.617223
21962,-1.215784
21963,1.791098
21964,-0.579206
21965,2.077301
21966,2.215181
21967,1.759130
21968,-0.396898
21969,-0.313572
21970,-1.019429
21971,-1.649210
21972,0.180626
21973,0.148559
21974,1.021226
21975,0.680950
21976,0.640780
21977,1.092117
21978,0.217831
21979,-0.122767
21980,2.284738
21981,-1.208783
21982,-2.152472
21983,0.768595
21984,-0.563948
21985,-0.507957
21986,-1.302155
21987,0.000903
21988,-1.442874
21989,-0.706460
21990,-1.524785
21991,0.858935
21992,0.988484
21993,1.982505
21994,0.270151
21995,-0.738540
21996,-2.259251
21997,-0.450609
21998,-0.235453
21999,-0.002775
22000,2.721990
22001,1.261461
22002,-0.141727
22003,0.921337
22004,-2.286156
22005,-0.022102
22006,-0.939201
22007,-1.052616
22008,-1.791917
22009,-1.707801
22010,-1.186057
22011,-0.498327
22012,0.492224
22013,1.613378
22014,1.563605
22015,-0.348634
22016,-1.963621
22017,-1.182767
22018,0.164221
22019,1.098844
22020,-0.070865
22021,-0.010057
22022,0.971804
22023,1.938057
22024,-1.454195
22025,-0.169144
22026,0.614844
22027,1.531807
22028,1.221164
22029,-0.296808
22030,0.581735
22031,-0.551233
22032,1.550276
22033,0.676319
22034,0.467861
22035,0.904144
22036,-1.329463
22037,-0.731862
22038,-0.663961
22039,2.285619
22040,-0.020175
22041,0.432349
22042,1.299174
22043,1.454976
22044,1.368685
22045,2.384009
22046,-1.740863
22047,-0.606434
22048,-0.557742
22049,0.017032
22050,0.045771
22051,-1.819094
22052,-0.323129
22053,-1.690612
22054,1.014884
22055,0.779084
22056,-0.146934
22057,0.778713
22058,-0.216567
22059,-0.803889
22060,-1.896616
22061,-0.589654
22062,1.566104
22063,1.596593
22064,0.030160
22065,-0.858892
22066,-1.960236
22067,-0.557490
22068,-0.565672
22069,0.498458
22070,-2.240343
22071,0.336336
22072,0.961110
22073,0.644358
22074,0.063821
22075,-0.069122
22076,1.638852
22077,0.510465
22078,2.480859
22079,-0.996940
22080,-0.557729
22081,0.492105
22082,-0.353980
22083,-0.881958
22084,-1.410380
22085,-1.560220
22086,-0.264862
22087,-0.782032
22088,-0.497698
22089,-1.421261
22090,-1.952478
22091,-0.097330
22092,-0.184774
22093,-0.482163
22094,-0.143192
22095,0.929884
22096,0.020470
22097,1.362591
22098,-1.102227
22099,-0.844887
22100,-0.336495
22101,-0.811432
22102,0.449489
22103,-0.395613
22104,-1.725523
22105,0.597676
22106,0.331146
22107,-0.668085
22108,-0.482357
22109,-1.094120
22110,-0.164347
22111,-1.128984
22112,-0.036701
22113,0.192656
22114,0.298939
22115,-0.798749
22116,0.377917
22117,-0.914660
22118,0.180881
22119,1.116057
22120,0.547171
22121,1.369633
22122,-0.773068
22123,2.222159
22124,1.864792
22125,-1.047343
22126,1.325962
22127,0.949511
22128,0.355796
22129,0.177628
22130,-0.615605
22131,-1.621546
22132,-1.909746
22133,-0.462702
22134,-0.126095
22135,0.129784
22136,-0.264333
22137,0.044757
22138,1.062894
22139,-0.023620
22140,0.348834
22141,0.921981
22142,-0.058279
22143,-0.193376
22144,-0.544067
22145,-1.566928
22146,-0.844350
22147,-0.973722
22148,-2.001055
22149,0.610996
22150,-0.005475
22151,-0.665627
22152,0.071112
22153,0.532112
22154,0.384229
22155,0.958483
22156,-1.340640
22157,-1.714570
22158,0.077247
22159,-0.108325
22160,0.452512
22161,1.553058
22162,-0.463623
22163,-0.120709
22164,0.822625
22165,1.796056
22166,0.435751
22167,0.882447
22168,1.617501
22169,1.077142
22170,0.953309
22171,1.532162
22172,-0.956221
22173,0.224935
22174,1.513463
22175,0.912600
22176,-0.536487
22177,0.100795
22178,-0.313109
22179,-1.672058
22180,-0.478393
22181,1.468141
22182,-1.152173
22183,0.466037
22184,1.827185
22185,1.425480
22186,0.573995
22187,-0.452497
22188,-0.517162
22189,-0.194864
22190,0.021267
22191,-0.914637
22192,-0.662048
22193,0.430302
22194,1.230437
22195,1.716561
22196,1.890285
22197,-0.294366
22198,1.359429
22199,1.525340
22200,-0.732715
22201,0.209081
22202,-2.302241
22203,-0.940285
22204,-0.319795
22205,-0.066071
22206,-1.076691
22207,0.495718
22208,0.712230
22209,-0.885803
22210,0.405102
22211,0.471650
22212,0.125397
22213,0.024259
22214,0.529521
22215,-0.279809
22216,0.073446
22217,-1.030187
22218,1.158644
22219,0.297767
22220,-0.386419
22221,0.051647
22222,0.374971
22223,0.288698
22224,-0.894073
22225,-0.685483
22226,-1.281566
22227,-0.958309
22228,-1.064000
22229,0.332058
22230,0.702551
22231,-0.058157
22232,-0.970336
22233,-0.333603
22234,-0.172598
22235,-0.169278
22236,0.130304
22237,1.033372
22238,2.433925
22239,0.826540
22240,0.207553
22241,0.468908
22242,0.016330
22243,-0.849651
22244,-1.964910
22245,-1.623343
22246,-0.643422
22247,-0.457798
22248,-0.477218
22249,0.098207
22250,0.333780
22251,1.609298
22252,0.664198
22253,2.465409
22254,1.601312
22255,-0.615856
22256,-1.559768
22257,-1.214407
22258,-0.177417
22259,-1.113314
22260,1.066486
22261,0.938885
22262,0.058016
22263,-0.110317
22264,0.495151
22265,0.245121
22266,0.099375
22267,0.355494
22268,-0.217094
22269,0.180451
22270,0.232346
22271,0.040009
22272,-0.411983
22273,-0.236242
22274,-0.141407
22275,-0.852073
22276,-0.094969
22277,-1.154808
22278,0.829530
22279,1.952143
22280,1.695888
22281,0.646414
22282,0.054619
22283,1.289409
22284,0.238358
22285,0.209322
22286,-1.575223
22287,-1.281719
22288,-0.947605
22289,-0.617468
22290,-2.171876
22291,-0.606312
22292,-0.735155
22293,0.220985
22294,0.173568
22295,-1.473073
22296,0.010360
22297,-0.113001
22298,1.356530
22299,0.415821
22300,0.859873
22301,-0.156713
22302,-0.425383
22303,0.720873
22304,0.099670
22305,-0.599777
22306,0.718150
22307,1.472954
22308,-0.257723
22309,-0.603154
22310,0.625320
22311,-0.477663
22312,-0.424740
22313,0.578114
22314,2.134116
22315,1.131918
22316,0.847589
22317,-1.039241
22318,-1.535298
22319,-0.224023
22320,0.273278
22321,-0.876754
22322,0.499172
22323,-0.453103
22324,0.104479
22325,2.151438
22326,-0.680989
22327,-2.512345
22328,0.653484
22329,-0.927330
22330,0.882498
22331,-0.142047
22332,-0.136542
22333,1.466255
22334,-0.839979
22335,1.175986
22336,2.220013
22337,0.157020
22338,1.472322
22339,-0.481700
22340,-0.298943
22341,-0.130231
22342,-1.623451
22343,-0.707943
22344,0.130181
22345,0.614973
22346,2.134590
22347,0.024101
22348,-0.779577
22349,-2.026239
22350,0.152412
22351,-0.316661
22352,0.675446
22353,0.352923
22354,0.273648
22355,-0.896798
22356,0.197483
22357,-0.022586
22358,0.865476
22359,0.440465
22360,1.143163
22361,0.275784
22362,-0.980021
22363,-0.098318
22364,0.422912
22365,0.111319
22366,0.827446
22367,0.962645
22368,0.089983
22369,1.050221
22370,-1.192941
22371,-0.460662
22372,-0.479973
22373,0.456360
22374,-0.457029
22375,0.244995
22376,-0.700898
22377,0.078570
22378,1.999575
22379,-0.118207
22380,-0.416801
22381,-2.494972
22382,0.651929
22383,0.214350
22384,-0.181877
22385,-0.009029
22386,-0.089886
22387,-1.112406
22388,-0.088065
22389,1.092505
22390,-0.550896
22391,0.064673
22392,-1.224563
22393,-1.727690
22394,0.952056
22395,0.900361
22396,-0.498906
22397,1.705010
22398,-0.686141
22399,-0.158908
22400,-0.136969
22401,-0.277216
22402,1.325741
22403,-0.893382
22404,0.012921
22405,0.116454
22406,0.766567
22407,1.449324
22408,-1.055285
22409,1.302617
22410,-0.471081
22411,-0.408283
22412,0.267109
22413,-0.455744
22414,1.932380
22415,-1.001285
22416,-0.803223
22417,-0.244907
22418,0.559388
22419,-1.191234
22420,-0.132062
22421,0.045868
22422,-1.085863
22423,2.208801
22424,0.624814
22425,-1.154443
22426,0.306707
22427,-0.233193
22428,-1.277506
22429,-1.455060
22430,1.272968
22431,-1.062530
22432,1.195797
22433,-2.311778
22434,-0.544279
22435,-1.551630
22436,-0.887622
22437,-1.476361
22438,0.587467
22439,-0.601761
22440,-1.373727
22441,-0.064044
22442,1.983665
22443,0.402224
22444,-1.762725
22445,0.854787
22446,-0.500560
22447,0.070248
22448,-0.321118
22449,0.463039
22450,-0.358614
22451,-0.986549
22452,-1.774869
22453,-0.521925
22454,0.382009
22455,3.263825
22456,0.249006
22457,-1.470254
22458,-0.765816
22459,-0.737351
22460,-1.531455
22461,0.780086
22462,-0.751500
22463,0.097389
22464,-0.958008
22465,-2.021155
22466,0.617475
22467,1.437405
22468,0.955336
22469,0.063695
22470,1.122137
22471,0.543932
22472,0.302720
22473,0.008162
22474,-1.174647
22475,1.171391
22476,-0.433132
22477,-0.470146
22478,0.400139
22479,-0.945273
22480,0.419084
22481,-1.972401
22482,-1.329605
22483,0.633531
22484,-1.717299
22485,-0.385947
22486,0.681770
22487,-0.264870
22488,0.785292
22489,1.789400
22490,-0.322610
22491,-0.484141
22492,0.111763
22493,0.805595
22494,0.471094
22495,-0.762408
22496,-1.256836
22497,-1.085680
22498,0.446392
22499,0.371232
22500,1.578563
22501,0.103950
22502,-0.405909
22503,1.128056
22504,0.310770
22505,0.936984
22506,1.168919
22507,0.641455
22508,0.902065
22509,-1.369963
22510,-0.744549
22511,0.069584
22512,1.801100
22513,-0.478233
22514,-0.291399
22515,-0.691963
22516,-0.205288
22517,-0.324876
22518,-0.740674
22519,-0.278049
22520,0.149853
22521,-0.267691
22522,-0.536710
22523,0.035687
22524,0.489096
22525,-0.490845
22526,-1.198240
22527,0.281934
22528,-0.986888
22529,-1.034405
22530,-0.462841
22531,0.578059
22532,-0.451529
22533,1.040286
22534,0.167841
22535,-0.091733
22536,-1.059826
22537,0.132514
22538,-0.489285
22539,1.750087
22540,0.447742
22541,-1.735904
22542,-0.339585
22543,0.155550
22544,1.893796
22545,0.289846
22546,1.640116
22547,1.233495
22548,1.606382
22549,-1.325229
22550,0.501134
22551,-0.675637
22552,-0.464979
22553,0.040022
22554,-1.645117
22555,-0.371341
22556,-0.426142
22557,0.973157
22558,-1.235445
22559,-0.714621
22560,1.243883
22561,2.150582
22562,2.306196
22563,2.215484
22564,-0.869250
22565,0.448334
22566,-0.266538
22567,1.193403
22568,-1.217128
22569,-1.410906
22570,-0.179500
22571,-1.253279
22572,-1.346302
22573,1.014014
22574,0.475116
22575,-0.242043
22576,-1.049724
22577,0.858502
22578,1.526153
22579,0.333933
22580,0.174272
22581,-0.698892
22582,0.105114
22583,1.462905
22584,1.801203
22585,-0.339142
22586,-0.399572
22587,1.493502
22588,0.323442
22589,-0.255310
22590,-0.112150
22591,1.349748
22592,-0.508298
22593,0.510980
22594,-1.657119
22595,-1.726084
22596,-1.850227
22597,1.794039
22598,-1.131269
22599,-0.047921
22600,0.946690
22601,2.247629
22602,0.360232
22603,-0.390350
22604,1.210275
22605,1.670384
22606,0.385553
22607,0.783663
22608,-0.304893
22609,-1.424898
22610,-3.101305
22611,-0.955471
22612,-1.560713
22613,1.596684
22614,-0.924798
22615,-0.313442
22616,-0.089613
22617,-1.676016
22618,-0.636136
22619,1.864081
22620,0.115498
22621,-1.191047
22622,0.070898
22623,1.719114
22624,1.037536
22625,-0.534918
22626,-0.715828
22627,0.148725
22628,-0.334260
22629,0.079354
22630,0.142362
22631,0.571769
22632,0.261764
22633,-0.158234
22634,-0.223138
22635,-0.900735
22636,-0.678184
22637,-0.541223
22638,0.871486
22639,-0.376710
22640,-0.891014
22641,0.778627
22642,0.073478
22643,-0.460056
22644,-0.811830
22645,0.945796
22646,0.309579
22647,2.309624
22648,1.461051
22649,0.767484
22650,-1.886182
22651,0.406383
22652,0.532047
22653,-0.350902
22654,1.255691
22655,0.248287
22656,-0.852288
22657,-0.572576
22658,0.739880
22659,0.614587
22660,1.098486
22661,0.299291
22662,-0.268602
22663,-0.959977
22664,-1.391960
22665,-0.215063
22666,-1.827597
22667,0.038018
22668,0.894017
22669,-0.985976
22670,-0.142043
22671,0.545482
22672,-1.391519
22673,-0.557256
22674,-1.035796
22675,0.310320
22676,0.288587
22677,0.288812
22678,-0.607306
22679,0.064817
22680,1.517076
22681,0.576288
22682,-0.686526
22683,-1.868323
22684,1.597757
22685,0.816495
22686,0.003387
22687,-1.391639
22688,-0.516020
22689,0.798053
22690,0.354672
22691,-0.905796
22692,-0.052064
22693,-1.000445
22694,-2.276852
22695,-0.068176
22696,-0.269116
22697,0.359144
22698,-0.118170
22699,0.151941
22700,1.360634
22701,-0.353637
22702,0.184583
22703,0.368993
22704,0.231386
22705,-0.458619
22706,-0.295052
22707,0.015217
22708,0.439221
22709,1.761745
22710,0.751769
22711,1.322405
22712,1.796863
22713,-0.597276
22714,1.133875
22715,-1.279306
22716,-0.269262
22717,-0.888092
22718,-2.209449
22719,-2.017594
22720,-0.893981
22721,0.015011
22722,-0.169404
22723,1.119409
22724,0.863124
22725,-1.002333
22726,0.009270
22727,0.193903
22728,0.076280
22729,0.919903
22730,-1.120382
22731,0.298891
22732,-1.732868
22733,1.162323
22734,-0.163543
22735,2.288564
22736,0.016818
22737,0.558368
22738,-0.062831
22739,-1.565921
22740,-1.352672
22741,0.321482
22742,0.855344
22743,0.377452
22744,-0.448508
22745,-1.075589
22746,1.199716
22747,0.301000
22748,0.067229
22749,0.524740
22750,-1.549514
22751,1.239678
22752,0.799932
22753,0.355943
22754,0.025331
22755,-0.458257
22756,0.627960
22757,0.457675
22758,0.658977
22759,-0.606099
22760,0.934524
22761,0.444602
22762,0.584383
22763,0.820270
22764,1.783381
22765,0.361494
22766,0.632018
22767,-0.694951
22768,1.970549
22769,0.991059
22770,-0.881750
22771,-0.052355
22772,0.307705
22773,1.618711
22774,-0.036705
22775,1.010158
22776,-1.118004
22777,-1.240524
22778,0.204813
22779,-1.632805
22780,-0.641270
22781,-0.704686
22782,-0.338525
22783,-0.436690
22784,-0.458559
22785,0.470972
22786,2.290427
22787,-1.464341
22788,-0.661365
22789,-0.530435
22790,-1.367203
22791,0.094353
22792,1.058329
22793,0.855964
22794,-0.749135
22795,-0.309098
22796,-0.399223
22797,0.168652
22798,0.705308
22799,-1.250405
22800,-1.747744
22801,-0.446929
22802,-0.970734
22803,-1.109712
22804,-0.459265
22805,-0.917410
22806,-0.641760
22807,-0.510112
22808,0.757617
22809,2.233007
22810,1.590535
22811,-0.438261
22812,-0.465242
22813,-0.069852
22814,-1.032545
22815,0.151309
22816,-0.651248
22817,0.964528
22818,0.616440
22819,0.951182
22820,2.690504
22821,-1.240903
22822,0.392457
22823,-0.343367
22824,0.458580
22825,0.643905
22826,1.052562
22827,0.301676
22828,-0.002601
22829,0.303113
22830,0.491198
22831,-0.855181
22832,-0.659870
22833,-0.726786
22834,-0.378850
22835,0.421798
22836,0.554184
22837,-1.092270
22838,-0.204771
22839,-0.416455
22840,-1.188696
22841,-2.021780
22842,0.210554
22843,1.431011
22844,-0.163575
22845,1.264276
22846,1.874293
22847,0.766161
22848,-0.623208
22849,-0.601619
22850,-2.773962
22851,-1.601379
22852,0.046076
22853,-0.268162
22854,-1.896613
22855,-1.304305
22856,0.896175
22857,1.105421
22858,0.740749
22859,-2.252615
22860,-1.291259
22861,-1.733770
22862,-0.255038
22863,1.037814
22864,1.633693
22865,0.716945
22866,-0.999505
22867,-0.656373
22868,0.668563
22869,-0.871684
22870,0.079250
22871,0.204957
22872,1.123995
22873,2.585426
22874,0.055064
22875,1.685501
22876,0.312542
22877,-0.078508
22878,2.092078
22879,0.550750
22880,-2.643545
22881,-1.598106
22882,-0.663098
22883,0.573959
22884,0.893826
22885,-1.041552
22886,2.467500
22887,0.761493
22888,0.539412
22889,0.558002
22890,-0.202223
22891,0.677987
22892,0.922141
22893,-0.460768
22894,-0.191722
22895,-0.891478
22896,-0.069808
22897,-0.131756
22898,1.412839
22899,0.113140
22900,-0.617670
22901,1.629748
22902,-1.275649
22903,-0.845065
22904,1.374271
22905,2.151533
22906,-1.384078
22907,0.623364
22908,-0.555187
22909,-1.742510
22910,1.144309
22911,-0.370347
22912,0.148344
22913,-0.229299
22914,-0.711872
22915,-1.227170
22916,-0.767305
22917,-0.122282
22918,0.544505
22919,-0.475387
22920,-1.649753
22921,0.701966
22922,-1.022168
22923,-3.165119
22924,-1.943517
22925,-0.998804
22926,1.425841
22927,1.339212
22928,0.444762
22929,0.455487
22930,-0.579404
22931,-1.590960
22932,-1.334142
22933,-0.900382
22934,-1.877746
22935,-1.556074
22936,0.704944
22937,1.195863
22938,0.714735
22939,0.356130
22940,-0.338089
22941,0.385777
22942,1.694425
22943,0.371795
22944,-1.223861
22945,0.890828
22946,0.933029
22947,0.962326
22948,0.438884
22949,1.306683
22950,-1.288905
22951,0.513864
22952,0.127792
22953,-0.992235
22954,1.363262
22955,-0.006409
22956,-0.075908
22957,0.311271
22958,0.454208
22959,-0.021134
22960,-1.310309
22961,-0.002788
22962,0.015669
22963,0.692130
22964,0.257346
22965,0.565618
22966,1.062038
22967,2.208465
22968,1.091884
22969,1.852579
22970,-0.869019
22971,0.104935
22972,-1.337387
22973,-1.044207
22974,2.340791
22975,1.792624
22976,0.582565
22977,-0.198773
22978,1.277686
22979,-0.282901
22980,-0.686678
22981,-0.540899
22982,0.450434
22983,0.412772
22984,-0.199197
22985,-0.642223
22986,0.689510
22987,0.846305
22988,-0.973859
22989,-0.796596
22990,1.496976
22991,-0.412335
22992,2.498964
22993,0.918025
22994,-1.930794
22995,-1.402003
22996,-0.729873
22997,-0.247838
22998,-1.225020
22999,0.352035
23000,0.367483
23001,-0.261121
23002,-2.002452
23003,0.776389
23004,0.443699
23005,-0.828176
23006,-0.062027
23007,2.207536
23008,2.385362
23009,1.666851
23010,1.475912
23011,0.355378
23012,-1.578295
23013,-0.010730
23014,-0.928752
23015,0.248836
23016,1.158081
23017,-1.523472
23018,-0.362277
23019,-1.619685
23020,-1.518451
23021,0.499911
23022,1.353616
23023,-0.545221
23024,-0.560828
23025,0.177838
23026,1.157883
23027,1.207311
23028,-0.877833
23029,-2.268100
23030,0.407099
23031,0.507078
23032,0.269324
23033,-0.802281
23034,-0.381969
23035,0.867172
23036,0.150776
23037,0.497724
23038,0.219708
23039,-2.169565
23040,0.420549
23041,0.319765
23042,0.918476
23043,-1.999311
23044,0.984391
23045,0.059604
23046,0.306962
23047,-1.234318
23048,-0.208159
23049,-0.553444
23050,-1.653233
23051,-0.517804
23052,0.852470
23053,-0.482497
23054,-0.283165
23055,-0.605668
23056,-2.583350
23057,-2.127503
23058,-0.578332
23059,-0.373823
23060,-0.817264
23061,-1.527250
23062,-0.064399
23063,-0.978466
23064,-0.734311
23065,0.210641
23066,0.589114
23067,-0.200130
23068,1.438481
23069,0.267083
23070,-0.560023
23071,-0.628524
23072,-1.757317
23073,-0.994916
23074,0.449589
23075,0.868208
23076,0.091256
23077,-0.103100
23078,0.408130
23079,1.626580
23080,0.631933
23081,0.264336
23082,-0.239586
23083,-0.863910
23084,-0.742981
23085,-0.756352
23086,0.206033
23087,0.143929
23088,1.833100
23089,0.398149
23090,-0.924913
23091,-0.527215
23092,1.570266
23093,0.145131
23094,0.957997
23095,0.406429
23096,-1.748900
23097,-1.507897
23098,-1.570358
23099,-0.425645
23100,-1.320590
23101,-0.663906
23102,-0.668561
23103,-0.478541
23104,-1.395879
23105,-0.371735
23106,0.135519
23107,-1.675690
23108,-0.196996
23109,-0.551812
23110,0.552657
23111,0.014577
23112,-0.803591
23113,0.105713
23114,-0.088830
23115,-0.708185
23116,0.002938
23117,-0.244960
23118,-0.748363
23119,0.176125
23120,0.727926
23121,0.526763
23122,1.280894
23123,1.590072
23124,-0.206189
23125,-0.461520
23126,-1.234449
23127,-0.339661
23128,-0.326741
23129,-0.171734
23130,-0.439644
23131,-1.445689
23132,1.918445
23133,1.326752
23134,1.607221
23135,-0.119236
23136,-2.095994
23137,-0.110051
23138,-1.249064
23139,-0.230172
23140,2.174361
23141,-0.714763
23142,0.163067
23143,-0.907945
23144,1.243220
23145,0.284891
23146,0.688946
23147,0.247906
23148,-0.204142
23149,0.424413
23150,0.735459
23151,0.607679
23152,0.868004
23153,-0.883050
23154,0.874144
23155,0.039829
23156,-0.311906
23157,-0.518043
23158,-0.356274
23159,-1.945752
23160,-1.025001
23161,0.491719
23162,0.330243
23163,0.527416
23164,0.158568
23165,0.534088
23166,1.140861
23167,0.274701
23168,-1.353782
23169,2.298849
23170,-0.059950
23171,-1.169206
23172,-0.250036
23173,1.688347
23174,0.840029
23175,0.426883
23176,1.579878
23177,-0.036763
23178,-2.596241
23179,-0.357199
23180,0.125741
23181,0.398252
23182,0.515271
23183,0.086703
23184,1.413645
23185,0.740545
23186,-0.746650
23187,0.725573
23188,0.323427
23189,0.477831
23190,0.268746
23191,0.339427
23192,-0.659608
23193,-3.177813
23194,-1.240359
23195,-0.755895
23196,-0.248750
23197,-0.047573
23198,0.290461
23199,-1.271630
23200,-0.068018
23201,0.014525
23202,0.446726
23203,-1.648480
23204,0.050032
23205,-0.201946
23206,2.003751
23207,-0.170417
23208,-0.871656
23209,-2.717418
23210,-2.290280
23211,0.775009
23212,-0.213987
23213,0.539853
23214,-0.128492
23215,0.348925
23216,-0.232454
23217,0.794323
23218,1.021677
23219,-1.142633
23220,-0.280215
23221,0.009034
23222,0.256238
23223,-0.525092
23224,0.405298
23225,-0.229987
23226,0.174463
23227,-0.960496
23228,0.602318
23229,0.769541
23230,-0.469227
23231,-1.219173
23232,2.527567
23233,1.353328
23234,1.839591
23235,2.409760
23236,-0.235404
23237,-0.934656
23238,-0.683097
23239,-0.291844
23240,0.413028
23241,-0.048867
23242,0.929906
23243,-0.967660
23244,-0.030673
23245,-0.267845
23246,0.702786
23247,0.158438
23248,-0.940247
23249,0.036057
23250,-0.445134
23251,0.736780
23252,0.981351
23253,0.310853
23254,1.022395
23255,-1.655442
23256,-0.023658
23257,0.335413
23258,-0.461209
23259,-0.588575
23260,-0.434878
23261,0.460032
23262,1.263789
23263,-0.193039
23264,-0.409002
23265,-2.034030
23266,-0.431507
23267,0.354726
23268,0.588372
23269,-0.907910
23270,0.581862
23271,-0.026175
23272,-1.160755
23273,0.931778
23274,1.126056
23275,-0.714081
23276,1.096533
23277,0.251277
23278,1.016436
23279,0.278894
23280,-1.812528
23281,-2.963708
23282,-2.259418
23283,-1.112644
23284,-0.516597
23285,0.306736
23286,0.304645
23287,-0.679781
23288,1.388915
23289,-0.374748
23290,1.551235
23291,-0.360706
23292,0.159880
23293,-0.533822
23294,0.981997
23295,1.125216
23296,0.007237
23297,1.702633
23298,-0.011578
23299,0.565310
23300,1.137141
23301,0.328914
23302,-1.244886
23303,-0.719669
23304,-0.485171
23305,0.416980
23306,-0.819868
23307,-1.892711
23308,0.226728
23309,1.462381
23310,-1.629886
23311,-2.606321
23312,-0.312219
23313,-0.272619
23314,-1.125580
23315,1.696281
23316,0.429759
23317,0.799231
23318,1.191050
23319,-0.232523
23320,-2.043279
23321,-1.065091
23322,-0.250633
23323,-0.878240
23324,-0.128028
23325,1.414311
23326,1.120300
23327,-0.108716
23328,1.111633
23329,-0.790188
23330,-0.947903
23331,0.890632
23332,0.371509
23333,-1.289291
23334,0.367393
23335,0.237702
23336,0.247874
23337,0.190410
23338,0.075212
23339,0.219368
23340,1.206536
23341,1.988892
23342,0.794408
23343,0.885239
23344,0.233661
23345,-0.860746
23346,1.337969
23347,0.461657
23348,0.777818
23349,0.997582
23350,0.209456
23351,0.429803
23352,1.571855
23353,-0.703516
23354,0.558368
23355,-0.550329
23356,0.761910
23357,0.949776
23358,-0.326177
23359,0.018853
23360,1.673542
23361,1.425787
23362,0.023594
23363,0.800363
23364,0.399760
23365,1.476373
23366,1.601310
23367,1.934714
23368,-0.089908
23369,-0.819957
23370,-0.479458
23371,0.011843
23372,-1.063033
23373,-1.324239
23374,-0.180878
23375,0.451862
23376,2.299114
23377,-0.363140
23378,0.261073
23379,-0.771363
23380,-1.523056
23381,-0.590135
23382,1.954062
23383,1.219810
23384,0.292709
23385,0.740322
23386,1.264607
23387,1.278143
23388,0.389993
23389,0.663248
23390,-0.599492
23391,-0.665601
23392,-0.266700
23393,1.864216
23394,-0.866871
23395,0.970042
23396,2.075799
23397,1.283198
23398,0.957486
23399,-0.148189
23400,-0.725449
23401,0.905018
23402,-0.505259
23403,-0.791126
23404,0.212601
23405,-0.528732
23406,0.366374
23407,-0.042013
23408,0.068716
23409,-0.863383
23410,2.136352
23411,1.357674
23412,2.947098
23413,0.702078
23414,-2.421263
23415,-0.436672
23416,1.289035
23417,-0.599782
23418,0.028634
23419,0.055844
23420,1.389300
23421,-0.335166
23422,-1.149699
23423,-1.262378
23424,-0.321604
23425,1.226466
23426,-2.271174
23427,0.698308
23428,1.960550
23429,0.890252
23430,-0.021590
23431,-0.437788
23432,-0.668581
23433,-1.460898
23434,0.700899
23435,1.196657
23436,-0.714382
23437,-0.327240
23438,0.704289
23439,1.135434
23440,-2.145748
23441,-0.939311
23442,-0.278908
23443,0.427768
23444,2.075619
23445,0.934379
23446,-0.006869
23447,0.833481
23448,2.540401
23449,-0.168937
23450,-0.398533
23451,-0.982135
23452,0.059585
23453,-0.113576
23454,0.422363
23455,-0.142587
23456,-0.227739
23457,1.755974
23458,0.531051
23459,-0.861110
23460,-0.054208
23461,-0.771362
23462,-0.564515
23463,0.092929
23464,-1.626105
23465,0.098125
23466,0.150535
23467,0.008864
23468,-0.417437
23469,1.316626
23470,2.145840
23471,-0.642501
23472,-0.221421
23473,0.271370
23474,0.009787
23475,-0.837965
23476,-1.218238
23477,-0.599498
23478,-0.392862
23479,-0.329495
23480,0.311164
23481,1.852769
23482,1.508924
23483,-0.773918
23484,1.357448
23485,2.011026
23486,-0.078697
23487,-0.750816
23488,1.346330
23489,1.038300
23490,0.223795
23491,-0.556489
23492,-0.625620
23493,-1.798368
23494,-1.090149
23495,0.874321
23496,0.297837
23497,-1.064741
23498,0.243264
23499,-0.839460
23500,1.027908
23501,-0.359046
23502,-0.506883
23503,0.159992
23504,-0.108318
23505,-0.079179
23506,-0.204322
23507,-1.927805
23508,0.689359
23509,-1.448089
23510,-0.979810
23511,-0.011560
23512,2.117809
23513,-0.845230
23514,1.376036
23515,1.768517
23516,1.321755
23517,1.397453
23518,-0.522510
23519,0.896288
23520,1.025698
23521,0.508267
23522,-0.749911
23523,0.745954
23524,-2.799942
23525,-0.406364
23526,0.372418
23527,-2.374100
23528,1.008650
23529,-0.224504
23530,-2.374586
23531,-0.182585
23532,-0.016659
23533,-0.709743
23534,1.165856
23535,-1.602125
23536,0.040890
23537,0.781250
23538,-0.271039
23539,-1.233427
23540,-1.909668
23541,-0.858719
23542,-0.153554
23543,0.378141
23544,0.488181
23545,0.735378
23546,-0.683509
23547,1.135863
23548,0.868687
23549,-0.750742
23550,-0.778534
23551,-2.512483
23552,0.065845
23553,-1.713436
23554,1.160842
23555,-0.555194
23556,0.401192
23557,1.202959
23558,-0.222591
23559,0.142594
23560,-0.070766
23561,0.882588
23562,-0.634368
23563,0.646313
23564,0.434758
23565,2.222920
23566,-0.112945
23567,1.851781
23568,-1.238432
23569,0.055786
23570,-0.706586
23571,-1.380502
23572,-0.110622
23573,0.312810
23574,1.933586
23575,0.852366
23576,-1.420867
23577,-0.624864
23578,3.261754
23579,1.037806
23580,0.847376
23581,3.094929
23582,1.195222
23583,0.367019
23584,0.904500
23585,0.538978
23586,-0.384145
23587,0.438477
23588,1.114533
23589,-0.053687
23590,-0.470141
23591,-0.944881
23592,-0.138097
23593,-1.126152
23594,-1.338494
23595,-1.016211
23596,-0.541605
23597,0.305029
23598,2.145981
23599,0.891503
23600,1.965744
23601,-1.814472
23602,-0.122081
23603,0.402518
23604,0.722799
23605,0.202150
23606,-1.556720
23607,-0.308715
23608,0.490883
23609,-1.026425
23610,-0.379133
23611,0.093875
23612,-0.021382
23613,-0.275931
23614,0.882811
23615,0.543610
23616,-0.826160
23617,-2.230108
23618,-2.007024
23619,1.299535
23620,-0.696224
23621,-1.940747
23622,-0.929175
23623,1.071361
23624,1.143546
23625,0.509867
23626,-0.406573
23627,-0.564201
23628,0.621458
23629,-0.637097
23630,-0.254695
23631,-0.590866
23632,-0.597912
23633,1.646537
23634,1.004723
23635,-0.675837
23636,1.096169
23637,0.165642
23638,1.382634
23639,0.031227
23640,-2.095132
23641,-1.487491
23642,-0.848631
23643,-0.274194
23644,-1.242118
23645,-0.592750
23646,-1.923509
23647,1.281215
23648,-1.706778
23649,-0.135727
23650,0.211168
23651,-2.965442
23652,-2.455966
23653,0.570686
23654,-0.226847
23655,-0.913989
23656,-1.574047
23657,-0.145945
23658,1.978280
23659,-0.689565
23660,0.815563
23661,-0.683116
23662,0.666894
23663,0.170407
23664,-2.700478
23665,0.791210
23666,-0.316230
23667,1.586952
23668,0.417326
23669,-0.361547
23670,-0.788355
23671,-0.635093
23672,-1.257825
23673,-0.936802
23674,0.003477
23675,-0.039495
23676,-0.398194
23677,0.284545
23678,-0.637439
23679,-0.039213
23680,-3.197056
23681,-0.359223
23682,1.030550
23683,1.060730
23684,-2.380727
23685,-1.934416
23686,0.462113
23687,-0.534866
23688,0.051928
23689,1.077255
23690,-0.093082
23691,-0.464420
23692,0.139111
23693,-0.863650
23694,-0.170920
23695,1.433764
23696,0.297749
23697,-1.012611
23698,-1.231989
23699,1.593151
23700,0.205170
23701,0.973479
23702,1.188965
23703,0.050184
23704,-1.857003
23705,-0.000941
23706,-1.724891
23707,0.243833
23708,0.561416
23709,1.744109
23710,0.108060
23711,1.140784
23712,-0.528779
23713,-1.407781
23714,0.800943
23715,0.527280
23716,0.348484
23717,-0.685556
23718,1.181565
23719,1.301340
23720,1.424354
23721,1.032335
23722,-0.718015
23723,0.042918
23724,0.380017
23725,0.271357
23726,-0.638321
23727,0.045134
23728,0.669941
23729,-0.431244
23730,0.228186
23731,1.744837
23732,1.824719
23733,1.780006
23734,-0.729716
23735,-0.623163
23736,1.303407
23737,-0.117337
23738,0.721203
23739,-0.792906
23740,0.074599
23741,-0.723586
23742,0.372520
23743,-0.408182
23744,-0.616302
23745,0.691577
23746,-0.902584
23747,0.195993
23748,0.529398
23749,0.682613
23750,-0.541434
23751,1.460032
23752,0.640029
23753,-0.392557
23754,-0.321779
23755,0.463501
23756,-0.325210
23757,-1.267776
23758,-0.363306
23759,0.451563
23760,-2.194725
23761,-1.586563
23762,-1.416145
23763,0.751843
23764,-2.231620
23765,0.923827
23766,-1.483252
23767,0.054202
23768,-0.757011
23769,1.572354
23770,-1.095989
23771,-0.037034
23772,0.073136
23773,0.971016
23774,1.708679
23775,0.392301
23776,0.224442
23777,0.036714
23778,0.435975
23779,-0.446525
23780,0.037751
23781,-1.029115
23782,0.514014
23783,-0.913367
23784,-0.508861
23785,-0.170064
23786,-0.875511
23787,-0.360145
23788,-1.254006
23789,1.012072
23790,0.664333
23791,-0.167522
23792,0.205016
23793,0.237753
23794,-0.548481
23795,-0.893135
23796,0.025390
23797,-0.994051
23798,-0.692915
23799,-0.677768
23800,0.500244
23801,-2.338683
23802,-0.703222
23803,-0.136221
23804,-0.531147
23805,2.019404
23806,0.265542
23807,-0.760293
23808,-1.233768
23809,-0.703685
23810,0.904532
23811,-0.111834
23812,0.620367
23813,-0.092337
23814,-1.028390
23815,-1.105489
23816,-0.286585
23817,1.133043
23818,-0.310019
23819,0.732853
23820,0.948585
23821,0.569934
23822,0.973606
23823,0.387598
23824,0.822269
23825,-0.207028
23826,-0.090326
23827,-0.050307
23828,-0.352999
23829,2.461968
23830,0.190419
23831,0.454889
23832,-1.292450
23833,-0.404754
23834,-0.316275
23835,0.248383
23836,0.796802
23837,1.213748
23838,1.907094
23839,0.855487
23840,-0.610168
23841,1.531090
23842,0.587797
23843,-1.754091
23844,0.468662
23845,0.460126
23846,-0.593079
23847,-0.060143
23848,-0.859365
23849,0.998906
23850,-1.576805
23851,0.900759
23852,2.967094
23853,2.392845
23854,-0.408444
23855,0.008824
23856,-0.008096
23857,0.293273
23858,-1.216312
23859,-0.591857
23860,-0.543925
23861,1.238952
23862,-0.194458
23863,-1.306712
23864,1.294672
23865,-0.030648
23866,-0.016953
23867,0.317577
23868,0.653558
23869,-0.496177
23870,0.303493
23871,1.035600
23872,0.836777
23873,0.553033
23874,-1.050209
23875,0.301780
23876,1.357393
23877,-2.368730
23878,-1.162606
23879,-1.520619
23880,0.055010
23881,-0.331893
23882,-2.053032
23883,-0.510857
23884,0.096915
23885,-0.791516
23886,-1.509198
23887,-1.657178
23888,1.496096
23889,0.520157
23890,-0.337476
23891,-0.120385
23892,-1.020642
23893,0.799405
23894,-1.546380
23895,-1.151910
23896,0.287765
23897,-0.499675
23898,-0.506939
23899,-0.639858
23900,-0.827298
23901,0.651022
23902,-0.077083
23903,0.078360
23904,0.513551
23905,-0.765462
23906,-0.525107
23907,0.298852
23908,0.646536
23909,2.026688
23910,0.155763
23911,0.891649
23912,-0.233790
23913,1.662394
23914,-0.476441
23915,0.492641
23916,2.419876
23917,1.363278
23918,-1.399422
23919,-1.816332
23920,1.521090
23921,1.263552
23922,-1.605929
23923,-1.889686
23924,0.917459
23925,2.080805
23926,0.893114
23927,-1.295032
23928,0.773965
23929,-0.294050
23930,0.081143
23931,0.995951
23932,1.796369
23933,0.204957
23934,0.319271
23935,1.649930
23936,0.599050
23937,0.165937
23938,0.613787
23939,-0.253420
23940,0.900438
23941,2.189246
23942,-0.503967
23943,0.152564
23944,0.835733
23945,0.795028
23946,-0.827652
23947,-1.309986
23948,-0.929169
23949,-1.095737
23950,0.405337
23951,-0.374661
23952,0.267768
23953,-0.348973
23954,0.595725
23955,0.568071
23956,0.835658
23957,0.508716
23958,-0.336200
23959,-0.942268
23960,0.057466
23961,-0.091746
23962,0.057453
23963,-0.092343
23964,1.043390
23965,1.254694
23966,-0.672327
23967,-0.857528
23968,-1.808776
23969,1.982818
23970,0.798764
23971,0.267202
23972,-0.884448
23973,-0.174023
23974,-1.893952
23975,-0.614692
23976,0.099856
23977,-0.916206
23978,0.389995
23979,-0.037775
23980,-0.928648
23981,0.744126
23982,-0.216136
23983,-0.012312
23984,0.032859
23985,1.454822
23986,0.017484
23987,-1.084543
23988,-0.152377
23989,-0.728499
23990,1.487210
23991,0.751206
23992,0.750107
23993,0.947970
23994,-0.581744
23995,0.290107
23996,-1.497326
23997,-1.268792
23998,1.466137
23999,0.931218
24000,2.356073
24001,0.607659
24002,-0.551521
24003,-0.100763
24004,0.506733
24005,1.365347
24006,1.773895
24007,1.647393
24008,-1.182901
24009,0.042246
24010,-0.467035
24011,1.860418
24012,-0.318323
24013,-0.768029
24014,-1.977348
24015,0.265824
24016,1.302356
24017,0.434490
24018,-0.100435
24019,0.884492
24020,-0.681665
24021,0.349815
24022,-0.907699
24023,-1.181958
24024,-0.910735
24025,0.810148
24026,-1.909558
24027,0.253934
24028,1.500823
24029,1.686932
24030,0.278041
24031,-0.547526
24032,-0.275693
24033,0.805981
24034,-0.963680
24035,-0.682969
24036,0.155450
24037,-0.984969
24038,-0.886808
24039,0.400505
24040,0.571384
24041,-1.106594
24042,-0.175409
24043,0.568843
24044,1.396498
24045,-1.166395
24046,-1.531952
24047,-0.722393
24048,-2.503027
24049,-0.474473
24050,0.954598
24051,0.183919
24052,-0.602210
24053,1.442390
24054,0.731295
24055,-0.923062
24056,0.379550
24057,-0.229036
24058,-0.686957
24059,0.478104
24060,1.668415
24061,1.629551
24062,1.122634
24063,0.865529
24064,-0.699809
24065,-0.316631
24066,1.275506
24067,0.328697
24068,0.244294
24069,1.001790
24070,-0.199556
24071,0.135206
24072,-0.654928
24073,-1.190021
24074,0.252144
24075,-0.666297
24076,-0.097462
24077,-1.353079
24078,0.963409
24079,0.644289
24080,0.228011
24081,-0.137931
24082,0.643338
24083,-0.538154
24084,1.132957
24085,0.593326
24086,0.185027
24087,1.133333
24088,0.085660
24089,1.868541
24090,0.058259
24091,-0.988745
24092,-0.659562
24093,0.744070
24094,-0.764775
24095,0.351983
24096,2.631824
24097,2.648927
24098,0.692035
24099,-0.988390
24100,-0.152660
24101,0.427869
24102,0.605712
24103,0.874704
24104,0.954371
24105,0.360231
24106,-0.327574
24107,-1.082812
24108,0.003072
24109,-0.858118
24110,-1.822393
24111,-0.829164
24112,-0.493541
24113,0.291408
24114,1.999357
24115,1.360839
24116,2.163812
24117,1.013404
24118,0.225427
24119,0.359566
24120,-0.962395
24121,-0.119765
24122,0.049953
24123,-1.589106
24124,0.162664
24125,-0.034421
24126,-0.738391
24127,0.488009
24128,2.522620
24129,0.777675
24130,-0.206049
24131,1.329552
24132,-0.246237
24133,-1.281068
24134,-1.028906
24135,0.330197
24136,-0.929664
24137,0.072959
24138,0.292088
24139,-0.750309
24140,0.432966
24141,-0.032750
24142,2.067457
24143,2.860367
24144,0.408331
24145,-1.805204
24146,-0.051011
24147,0.285369
24148,0.165311
24149,0.703714
24150,-0.065993
24151,-0.291062
24152,0.633220
24153,-0.403437
24154,0.405428
24155,0.384653
24156,1.206581
24157,1.042567
24158,-0.196415
24159,-0.007103
24160,1.110030
24161,-1.207360
24162,-1.634574
24163,0.422845
24164,-0.573759
24165,1.462719
24166,0.357301
24167,-0.196104
24168,-1.089720
24169,0.973289
24170,-0.708301
24171,-0.240697
24172,-0.266338
24173,-0.972973
24174,-0.842475
24175,0.255639
24176,0.669740
24177,-0.413333
24178,0.010982
24179,1.107644
24180,1.611627
24181,2.061802
24182,-0.913738
24183,0.675434
24184,-0.131557
24185,1.082601
24186,0.655686
24187,1.595239
24188,0.440205
24189,-0.387075
24190,-0.225776
24191,0.644738
24192,0.359934
24193,-0.550898
24194,-0.109064
24195,-1.752760
24196,0.793673
24197,0.854179
24198,-0.424200
24199,1.891989
24200,0.932504
24201,0.655124
24202,-0.306776
24203,-0.461373
24204,-2.077599
24205,-0.285299
24206,0.015665
24207,1.860217
24208,1.716801
24209,0.028490
24210,-1.161714
24211,-1.099444
24212,0.692310
24213,0.447449
24214,1.014883
24215,0.725019
24216,1.638945
24217,0.531710
24218,0.267501
24219,0.473653
24220,1.690439
24221,0.786617
24222,0.179974
24223,-0.386206
24224,0.906847
24225,1.269387
24226,-0.063491
24227,-0.804427
24228,0.208358
24229,0.334070
24230,1.481898
24231,1.376237
24232,1.732602
24233,-0.289143
24234,0.351203
24235,0.807295
24236,0.276483
24237,0.562654
24238,0.050250
24239,-0.907578
24240,-0.271325
24241,-0.720446
24242,0.912297
24243,1.583709
24244,0.440380
24245,0.761370
24246,-0.247559
24247,-1.849540
24248,0.513525
24249,-0.347858
24250,-1.013278
24251,0.874227
24252,-0.838692
24253,-0.098807
24254,-2.119540
24255,-1.866323
24256,-0.089956
24257,0.778999
24258,0.189820
24259,0.205493
24260,0.098566
24261,-2.568474
24262,-0.453831
24263,2.065695
24264,2.030933
24265,-0.297037
24266,0.324984
24267,0.861009
24268,-0.216945
24269,-1.143098
24270,-1.885386
24271,1.301418
24272,0.821830
24273,1.110923
24274,1.118976
24275,-0.518403
24276,-0.833761
24277,0.931911
24278,0.980170
24279,0.128445
24280,-0.278105
24281,-0.995990
24282,1.374712
24283,0.774159
24284,-0.207388
24285,-0.579457
24286,-0.918931
24287,1.808380
24288,0.771756
24289,0.489953
24290,-0.036634
24291,1.418313
24292,-0.245010
24293,-2.076418
24294,-0.656113
24295,0.751568
24296,0.372126
24297,1.504167
24298,-1.677195
24299,-0.230012
24300,1.193925
24301,1.625206
24302,0.308842
24303,0.665422
24304,1.474206
24305,0.660914
24306,1.878281
24307,1.590165
24308,1.186534
24309,1.113160
24310,-0.368375
24311,-0.669624
24312,-0.926443
24313,-0.876279
24314,0.040828
24315,-1.325085
24316,-2.222709
24317,-0.778073
24318,1.730538
24319,2.116669
24320,0.084936
24321,-0.951281
24322,0.219742
24323,-0.695530
24324,-0.882094
24325,-1.205167
24326,-1.117219
24327,-0.906175
24328,1.281080
24329,-0.405771
24330,-0.300721
24331,0.358081
24332,0.189658
24333,0.256814
24334,-0.119745
24335,-0.606713
24336,-0.827870
24337,0.586414
24338,1.189563
24339,0.517467
24340,-0.756236
24341,-0.997658
24342,-1.034883
24343,-2.244931
24344,-1.174080
24345,0.240862
24346,-0.161674
24347,0.115685
24348,1.460197
24349,0.403247
24350,1.225050
24351,1.594772
24352,0.330591
24353,-0.094756
24354,0.689342
24355,-0.614460
24356,0.452942
24357,-0.368231
24358,1.726917
24359,0.445086
24360,1.060809
24361,1.363714
24362,0.647210
24363,1.087500
24364,0.947485
24365,2.407136
24366,1.876552
24367,0.915444
24368,0.616083
24369,1.000441
24370,1.387896
24371,0.372027
24372,-1.046980
24373,1.131901
24374,-0.191447
24375,0.094410
24376,1.095803
24377,-0.479906
24378,1.049551
24379,1.090385
24380,-1.166720
24381,-0.412568
24382,0.357355
24383,-1.872062
24384,-0.197843
24385,-0.546370
24386,-0.290058
24387,-0.401124
24388,-0.303880
24389,-0.482479
24390,0.492676
24391,-0.089713
24392,-1.447538
24393,-0.163946
24394,2.248831
24395,-0.927859
24396,-0.060208
24397,-1.485302
24398,-1.295420
24399,-0.195937
24400,-0.336911
24401,-1.980584
24402,-0.649260
24403,0.309544
24404,0.687168
24405,-0.011084
24406,0.652863
24407,2.002374
24408,0.670021
24409,0.350953
24410,-0.674704
24411,-0.653170
24412,0.389291
24413,0.698735
24414,-0.159427
24415,-0.638785
24416,-1.031920
24417,-0.964898
24418,-0.817204
24419,-1.591561
24420,0.645005
24421,0.374796
24422,-1.241826
24423,-0.751155
24424,-1.277883
24425,2.522645
24426,0.625855
24427,0.073030
24428,1.396490
24429,0.356443
24430,1.229530
24431,1.724021
24432,0.436859
24433,0.633361
24434,1.504633
24435,0.774472
24436,-0.407490
24437,0.358954
24438,-0.176712
24439,0.467973
24440,0.616594
24441,-0.682492
24442,-0.308615
24443,-0.363197
24444,1.071027
24445,-0.191119
24446,-0.505029
24447,-0.053694
24448,0.614651
24449,0.951401
24450,1.324090
24451,1.213566
24452,-1.342739
24453,-1.248642
24454,0.496364
24455,0.176157
24456,-1.461776
24457,-0.489815
24458,-0.471776
24459,-3.364279
24460,-0.700906
24461,-0.226717
24462,-1.052646
24463,0.070545
24464,0.330792
24465,-0.476678
24466,-0.981858
24467,0.864199
24468,-0.186479
24469,-2.117854
24470,1.665078
24471,0.425977
24472,0.097999
24473,0.021437
24474,0.368247
24475,-0.191864
24476,0.930811
24477,-0.230826
24478,-0.342239
24479,-2.850008
24480,-0.689101
24481,1.135712
24482,-0.734565
24483,0.504845
24484,-0.132861
24485,-1.150349
24486,1.974762
24487,-0.286899
24488,-0.868090
24489,-0.838737
24490,0.340712
24491,0.863147
24492,-0.381272
24493,-0.112555
24494,-0.519608
24495,-0.628061
24496,0.323402
24497,-0.590293
24498,0.216324
24499,0.808559
24500,0.802598
24501,0.626952
24502,0.876666
24503,-0.456976
24504,-1.587957
24505,-0.171518
24506,-0.804722
24507,-0.344104
24508,-0.437347
24509,-1.041786
24510,-0.922824
24511,1.728327
24512,0.942674
24513,-0.080337
24514,-2.055031
24515,-0.641828
24516,0.691217
24517,0.663772
24518,0.877474
24519,2.747537
24520,0.413119
24521,-1.623009
24522,-0.794908
24523,0.743984
24524,0.707105
24525,-0.804291
24526,-0.384961
24527,1.925108
24528,-0.545677
24529,-0.740264
24530,-0.235407
24531,-1.015345
24532,-0.426344
24533,-0.096930
24534,-1.656635
24535,-1.032638
24536,-0.609537
24537,-0.288158
24538,0.421525
24539,-0.744716
24540,1.169720
24541,0.567021
24542,-1.947160
24543,0.108488
24544,-1.593924
24545,-1.688028
24546,0.046150
24547,-0.852637
24548,-0.411136
24549,-0.541266
24550,-0.401528
24551,-1.656320
24552,-1.594763
24553,-2.459818
24554,-0.592946
24555,0.688226
24556,-0.467355
24557,0.057102
24558,0.158496
24559,-0.883642
24560,1.521849
24561,0.198748
24562,0.459414
24563,0.582324
24564,-0.087299
24565,-0.591890
24566,-0.422916
24567,92.179944
24568,115.125248
24569,123.789505
24570,124.756635
24571,124.742795
24572,124.531348
24573,125.833562
24574,126.251153
24575,124.781642
24576,123.254516
24577,125.543443
24578,123.885527
24579,126.089211
24580,126.605693
24581,125.940605
24582,127.199938
24583,128.394901
24584,127.588820
24585,125.832971
24586,126.117465
24587,124.517703
24588,123.717851
24589,124.262182
24590,122.490610
24591,125.597970
24592,124.173722
24593,124.363540
24594,121.850933
24595,123.109949
24596,123.075069
24597,121.517481
24598,123.362135
24599,125.535545
24600,126.890763
24601,124.370633
24602,124.139961
24603,128.294299
24604,127.999417
24605,124.210792
24606,126.768738
24607,128.192964
24608,125.156898
24609,126.027238
24610,125.275213
24611,123.175922
24612,124.752068
24613,127.421347
24614,125.371276
24615,124.711494
24616,128.420445
24617,124.237506
24618,127.385441
24619,127.133958
24620,126.279564
24621,126.247333
24622,128.231274
24623,124.824576
24624,128.484469
24625,125.891735
24626,126.858837
24627,124.504213
24628,125.689905
24629,124.115658
24630,127.612084
24631,127.679917
24632,123.690943
24633,124.683913
24634,124.038675
24635,126.019135
24636,126.118172
24637,124.145698
24638,125.944918
24639,126.441147
24640,122.617420
24641,121.802864
24642,122.927230
24643,122.995108
24644,123.060346
24645,125.763231
24646,125.010541
24647,123.338959
24648,124.866502
24649,125.674137
24650,126.986376
24651,126.956655
24652,128.179465
24653,122.656683
24654,121.115225
24655,125.865656
24656,126.513756
24657,123.324685
24658,123.129277
24659,126.941351
24660,125.251706
24661,127.549756
24662,124.772094
24663,121.085802
24664,125.129252
24665,124.150142
24666,123.802787
24667,128.495919
24668,126.428953
24669,124.365893
24670,123.231049
24671,123.644277
24672,127.212080
24673,123.068521
24674,126.297838
24675,124.889289
24676,125.121868
24677,127.678631
24678,128.309230
24679,125.468772
24680,124.185206
24681,127.505558
24682,126.248320
24683,126.471715
24684,127.936084
24685,124.805595
24686,127.204804
24687,124.867360
24688,125.694940
24689,125.604656
24690,124.533397
24691,124.846684
24692,122.687859
24693,127.641571
24694,124.042854
24695,123.790700
24696,123.720868
24697,122.772542
24698,123.585059
24699,123.185264
24700,124.483147
24701,125.982417
24702,127.995649
24703,124.189613
24704,124.808457
24705,127.177698
24706,126.083855
24707,124.277192
24708,127.169423
24709,126.903109
24710,126.120202
24711,126.626969
24712,126.698516
24713,125.861512
24714,126.890667
24715,125.640097
24716,126.496536
24717,125.595047
24718,126.240624
24719,128.294873
24720,124.916811
24721,124.480834
24722,127.228805
24723,126.380899
24724,125.659192
24725,119.328195
24726,129.210345
24727,125.971816
24728,131.117841
24729,127.216544
24730,125.304018
24731,121.424340
24732,123.390738
24733,122.752032
24734,126.146434
24735,122.155581
24736,122.435859
24737,119.436383
24738,125.246118
24739,123.551130
24740,125.963019
24741,123.838053
24742,123.131305
24743,123.868008
24744,126.565202
24745,127.025064
24746,123.974321
24747,124.852531
24748,127.772227
24749,127.019588
24750,125.121730
24751,124.820472
24752,124.993926
24753,124.686113
24754,125.574923
24755,123.291409
24756,124.864237
24757,126.125344
24758,128.514612
24759,125.563303
24760,126.489191
24761,124.762036
24762,128.356578
24763,126.742196
24764,128.975100
24765,125.876727
24766,126.081945
24767,126.433730
24768,121.886145
24769,123.842984
24770,122.248901
24771,122.588649
24772,124.734929
24773,127.772714
24774,127.649060
24775,124.238955
24776,126.958478
24777,125.124566
24778,121.152730
24779,121.204852
24780,122.334579
24781,126.128802
24782,125.678524
24783,126.029825
24784,123.260011
24785,125.970348
24786,125.197471
24787,127.143632
24788,126.134809
24789,127.871230
24790,128.344126
24791,125.410373
24792,127.006850
24793,125.214620
24794,125.794675
24795,128.792669
24796,126.369312
24797,128.904534
24798,124.414698
24799,123.449303
24800,126.109901
24801,124.753787
24802,127.265325
24803,128.022873
24804,122.230626
24805,123.525431
24806,125.139748
24807,128.684109
24808,127.183734
24809,123.908027
24810,121.515952
24811,124.043422
24812,125.372996
24813,125.456562
24814,125.095740
24815,125.986426
24816,126.833185
24817,123.968987
24818,125.822920
24819,124.550672
24820,122.598018
24821,123.807762
24822,123.080847
24823,131.134942
24824,125.657545
24825,123.787767
24826,123.903942
24827,125.321576
24828,126.520333
24829,126.721625
24830,124.606918
24831,125.090424
24832,126.051645
24833,123.099518
24834,125.625290
24835,126.112714
24836,124.191010
24837,123.422572
24838,125.135311
24839,126.959217
24840,122.946045
24841,121.977783
24842,125.821999
24843,119.611658
24844,124.187834
24845,124.467515
24846,124.401757
24847,32.089905
24848,6.834625
24849,2.534695
24850,0.786826
24851,0.206355
24852,-0.378804
24853,-0.448898
24854,-1.174969
24855,-0.394065
24856,-0.960232
24857,-1.479886
24858,1.672209
24859,0.988267
24860,0.073095
24861,0.327067
24862,-0.568923
24863,1.414369
24864,2.709101
24865,1.872074
24866,0.861414
24867,1.181347
24868,1.276495
24869,2.110131
24870,0.591192
24871,0.239542
24872,0.825871
24873,-0.050399
24874,-0.286261
24875,0.200910
24876,0.073230
24877,-1.226473
24878,-0.824684
24879,-1.218466
24880,0.539982
24881,-0.353947
24882,0.267611
24883,1.826071
24884,1.870069
24885,-0.081767
24886,-0.306271
24887,0.147261
24888,0.453570
24889,0.683429
24890,0.715679
24891,1.682063
24892,0.618696
24893,-0.275317
24894,1.164589
24895,1.703443
24896,-0.865064
24897,0.003304
24898,-0.120151
24899,1.897037
24900,0.174380
24901,1.597357
24902,0.300022
24903,0.542922
24904,-0.443763
24905,1.349245
24906,-0.558786
24907,0.382424
24908,0.670815
24909,-0.818178
24910,0.989641
24911,-0.864650
24912,-0.900012
24913,-2.131137
24914,-1.535690
24915,-0.427084
24916,-0.913077
24917,-0.726723
24918,-1.189820
24919,0.665335
24920,0.529312
24921,-0.956209
24922,2.121443
24923,-0.037536
24924,-0.712319
24925,-1.188790
24926,-1.245381
24927,0.491441
24928,-0.514627
24929,0.795295
24930,0.684050
24931,0.561928
24932,1.533186
24933,3.678968
24934,0.465193
24935,-0.163397
24936,-1.243252
24937,-2.814998
24938,0.623217
24939,0.088867
24940,-0.969035
24941,-0.467956
24942,-1.850956
24943,1.340545
24944,0.658504
24945,1.455261
24946,-0.441519
24947,0.298278
24948,1.817498
24949,1.249601
24950,-0.296467
24951,0.873546
24952,1.811003
24953,1.301423
24954,1.436424
24955,-0.948043
24956,0.473924
24957,-0.196902
24958,-1.274878
24959,-1.804990
24960,-0.941553
24961,-1.400863
24962,-0.130124
24963,-0.984923
24964,0.299432
24965,-0.033754
24966,-0.872280
24967,0.166838
24968,1.045830
24969,-0.942691
24970,1.233818
24971,0.746515
24972,-0.898018
24973,0.326037
24974,0.584801
24975,-0.449959
24976,-1.392919
24977,-0.542658
24978,0.059437
24979,0.699924
24980,-0.856109
24981,0.788391
24982,1.039808
24983,0.149328
24984,-0.302445
24985,-1.100068
24986,0.598799
24987,-0.679072
24988,0.564932
24989,0.046501
24990,0.966306
24991,0.193685
24992,-0.989957
24993,1.517705
24994,1.792690
24995,0.381646
24996,1.169949
24997,-0.084987
24998,-0.597378
24999,-1.422535
25000,0.773667
25001,-1.111271
25002,0.970496
25003,0.066460
25004,0.015889
25005,2.010680
25006,2.941441
25007,0.602457
25008,-0.155443
25009,-0.803944
25010,-0.174481
25011,-1.171921
25012,1.078240
25013,0.619555
25014,-0.363620
25015,-0.889249
25016,-1.046447
25017,0.529115
25018,0.847060
25019,1.170432
25020,0.337139
25021,-0.008884
25022,-0.961510
25023,1.183057
25024,1.078769
25025,-0.414875
25026,-0.562443
25027,1.546966
25028,-0.057393
25029,0.791942
25030,-0.926498
25031,0.212798
25032,-2.871422
25033,0.370180
25034,0.220682
25035,-0.529264
25036,-0.103807
25037,-0.192824
25038,2.010287
25039,0.907760
25040,-1.577521
25041,-1.941425
25042,0.763321
25043,1.285912
25044,1.241945
25045,0.408328
25046,0.093370
25047,-0.583428
25048,-0.778782
25049,-0.549163
25050,-1.078058
25051,1.326200
25052,1.031901
25053,0.363631
25054,1.615394
25055,-1.236622
25056,-1.615186
25057,0.641855
25058,0.661837
25059,0.610988
25060,-1.295246
25061,0.356567
25062,1.416222
25063,-1.147921
25064,-0.723450
25065,-1.207028
25066,-0.153506
25067,0.646750
25068,-1.316058
25069,-1.395473
25070,0.427475
25071,-0.577765
25072,1.080177
25073,-0.322215
25074,-1.985114
25075,-0.986212
25076,0.272149
25077,-0.025611
25078,1.127872
25079,0.915557
25080,0.973173
25081,-0.315610
25082,-0.760534
25083,-0.140602
25084,-0.303315
25085,-0.334768
25086,-0.828711
25087,0.481517
25088,0.239072
25089,2.182180
25090,-1.633106
25091,-0.683505
25092,0.268335
25093,0.442306
25094,-0.524692
25095,0.724044
25096,0.201776
25097,0.814336
25098,0.889519
25099,0.420133
25100,0.512958
25101,0.895701
25102,-0.119742
25103,-0.523565
25104,-1.012256
25105,0.149866
25106,0.345801
25107,1.177720
25108,1.030584
25109,0.818927
25110,-0.915685
25111,-0.119549
25112,1.176248
25113,-0.079556
25114,-3.232271
25115,-3.177722
25116,-0.864190
25117,-0.827543
25118,-0.879946
25119,0.519561
25120,0.315238
25121,-0.132865
25122,0.524460
25123,-0.743059
25124,0.310427
25125,-0.761421
25126,-2.355446
25127,-0.433623
25128,0.734048
25129,1.442534
25130,-0.775741
25131,-0.842109
25132,1.505454
25133,-0.908697
25134,1.388676
25135,1.361793
25136,-0.584002
25137,-0.035403
25138,-0.648497
25139,0.349888
25140,-1.890054
25141,0.137595
25142,-0.720739
25143,-0.314836
25144,0.015789
25145,-1.121015
25146,0.062917
25147,0.029527
25148,2.838617
25149,0.825714
25150,1.456822
25151,-0.197235
25152,-1.032881
25153,-0.341106
25154,1.113914
25155,1.452672
25156,-1.025283
25157,0.735343
25158,0.305732
25159,0.058774
25160,-0.531793
25161,-0.326012
25162,0.680000
25163,1.600788
25164,0.679011
25165,-0.244024
25166,-0.429585
25167,2.498165
25168,0.760175
25169,-0.108270
25170,-0.060728
25171,0.580873
25172,-0.458180
25173,-0.249192
25174,0.694869
25175,-0.787412
25176,-0.292843
25177,0.515395
25178,-0.617229
25179,-1.489183
25180,0.700221
25181,0.753159
25182,-2.551773
25183,1.487750
25184,-0.514197
25185,0.324528
25186,-0.305547
25187,0.125305
25188,-2.489116
25189,-0.594820
25190,-0.167487
25191,0.833158
25192,0.608533
25193,-0.570447
25194,0.262061
25195,0.340799
25196,1.521447
25197,-0.762264
25198,-0.062673
25199,1.072716
25200,1.620801
25201,-1.649470
25202,0.898885
25203,-0.632028
25204,1.079468
25205,1.457374
25206,1.654374
25207,0.265943
25208,-1.802556
25209,-0.594207
25210,-0.614291
25211,0.145372
25212,2.195290
25213,-0.170010
25214,-0.049442
25215,2.313104
25216,-0.380239
25217,-1.302951
25218,1.011847
25219,-1.636567
25220,0.029389
25221,-0.792823
25222,0.547035
25223,1.608945
25224,-0.492622
25225,-1.562727
25226,-0.951688
25227,0.421331
25228,-0.047637
25229,-0.656121
25230,1.088869
25231,0.324146
25232,0.107065
25233,-0.732821
25234,-0.461994
25235,0.127926
25236,1.208669
25237,0.853264
25238,-0.732491
25239,-0.324373
25240,0.686688
25241,-0.232212
25242,-0.878056
25243,0.378824
25244,-0.756279
25245,0.265346
25246,-0.237748
25247,-0.507932
25248,-1.559053
25249,0.431133
25250,-0.899070
25251,-0.711046
25252,1.128059
25253,-1.395127
25254,-1.326110
25255,-1.249363
25256,0.358764
25257,0.133418
25258,-0.002888
25259,-0.707573
25260,0.120373
25261,-0.916394
25262,-0.776035
25263,-0.621568
25264,-0.235696
25265,-0.668261
25266,0.576010
25267,-1.817942
25268,-0.494823
25269,1.260228
25270,1.338858
25271,0.327401
25272,1.227603
25273,0.048015
25274,-0.128022
25275,1.993003
25276,0.793695
25277,-0.977949
25278,-1.107397
25279,-0.885314
25280,0.819686
25281,1.020617
25282,0.224451
25283,-0.657067
25284,1.303657
25285,0.340694
25286,-1.132280
25287,0.235118
25288,1.673171
25289,1.857006
25290,1.275913
25291,0.419129
25292,-1.240617
25293,1.067989
25294,-0.884078
25295,0.492928
25296,-2.276784
25297,-0.175867
25298,1.086291
25299,-1.089117
25300,0.378391
25301,-0.046210
25302,-0.801525
25303,-0.148443
25304,0.662965
25305,0.295241
25306,0.774346
25307,1.658209
25308,1.441094
25309,0.444210
25310,-0.886780
25311,0.096172
25312,-0.427491
25313,-1.128911
25314,0.042735
25315,1.842975
25316,0.124552
25317,-1.433666
25318,-1.030955
25319,-0.824705
25320,-0.600147
25321,-0.878609
25322,-0.970710
25323,-1.904002
25324,-1.216614
25325,-0.516667
25326,2.056760
25327,1.093581
25328,0.954106
25329,-0.830056
25330,-0.499908
25331,0.747184
25332,0.232980
25333,1.113458
25334,-2.098853
25335,-1.529085
25336,2.134381
25337,0.837225
25338,0.972506
25339,0.382719
25340,-2.824475
25341,-0.161771
25342,-0.517595
25343,-0.216985
25344,-0.258991
25345,0.459315
25346,0.739922
25347,0.154932
25348,-0.697217
25349,-0.401477
25350,-1.079374
25351,0.874096
25352,1.822113
25353,-0.729723
25354,0.240463
25355,0.336217
25356,-0.309985
25357,-0.396143
25358,-2.077477
25359,-1.318199
25360,-0.364547
25361,-0.028179
25362,-0.725344
25363,-1.454450
25364,0.766622
25365,-1.363118
25366,1.821779
25367,-0.402303
25368,0.603968
25369,-0.343810
25370,-0.901146
25371,-0.020238
25372,-0.761797
25373,0.186821
25374,-0.518807
25375,-1.318139
25376,-1.079533
25377,0.410757
25378,-1.502063
25379,-0.906592
25380,0.755242
25381,0.919625
25382,-0.455179
25383,0.136255
