# fname = f000585.csv
#  num_bckg events = 20
#  num_sig events = 2
# 0: class: 3, dur: 311 start: 1, stop = 311
# 1: class: 0, dur: 335 start: 312, stop = 646
# 2: class: 0, dur: 476 start: 647, stop = 1122
# 3: class: 0, dur: 419 start: 1123, stop = 1541
# 4: class: 0, dur: 233 start: 1542, stop = 1774
# 5: class: 2, dur: 401 start: 1775, stop = 2175
# 6: class: 0, dur: 162 start: 2176, stop = 2337
# 7: class: 0, dur: 148 start: 2338, stop = 2485
# 8: class: 0, dur: 403 start: 2486, stop = 2888
# 9: class: 0, dur: 284 start: 2889, stop = 3172
# 10: class: 0, dur: 487 start: 3173, stop = 3659
# 11: class: 0, dur: 311 start: 3660, stop = 3970
# 12: class: 0, dur: 251 start: 3971, stop = 4221
# 13: class: 0, dur: 219 start: 4222, stop = 4440
# 14: class: 0, dur: 95 start: 4441, stop = 4535
# 15: class: 0, dur: 425 start: 4536, stop = 4960
# 16: class: 0, dur: 415 start: 4961, stop = 5375
# 17: class: 0, dur: 76 start: 5376, stop = 5451
# 18: class: 0, dur: 350 start: 5452, stop = 5801
# 19: class: 0, dur: 20 start: 5802, stop = 5821
# 20: class: 0, dur: 332 start: 5822, stop = 6153
# 21: class: 0, dur: 125 start: 6154, stop = 6278
#------------
1,0.818618
2,-3.391681
3,-4.421739
4,-2.559795
5,-2.774352
6,0.941179
7,4.465923
8,0.397380
9,1.699862
10,-0.236996
11,2.716036
12,1.831661
13,-1.278020
14,-3.477059
15,1.121634
16,-0.503888
17,1.432500
18,4.232377
19,4.011883
20,2.283125
21,-2.124079
22,-0.229095
23,-2.582781
24,-0.820594
25,-0.470851
26,1.783427
27,2.749044
28,2.156207
29,-3.290753
30,3.720188
31,0.868063
32,0.634084
33,0.379596
34,0.107839
35,-1.262032
36,1.087791
37,-1.230165
38,-1.068973
39,0.066247
40,-1.839614
41,-1.116615
42,-1.198953
43,0.589001
44,1.118907
45,0.199216
46,1.096246
47,-0.001242
48,-0.704052
49,-1.540934
50,-0.820839
51,-0.220009
52,-0.045363
53,-1.304553
54,-1.628470
55,-2.297791
56,-0.985055
57,0.715261
58,-1.202944
59,1.328500
60,0.655727
61,2.986531
62,-2.390069
63,-4.516829
64,-0.811108
65,2.868405
66,3.641245
67,1.888602
68,-2.688379
69,-0.193713
70,3.236518
71,0.723741
72,-0.579972
73,0.550975
74,0.542314
75,1.724365
76,0.606387
77,1.908071
78,-2.289370
79,3.266866
80,-3.056836
81,-0.358703
82,-4.551084
83,1.189416
84,-0.716699
85,-1.451209
86,-0.241763
87,0.752771
88,-0.625213
89,0.889008
90,-0.423817
91,0.691845
92,0.484883
93,3.231165
94,1.781167
95,2.373291
96,3.165934
97,-0.094192
98,-1.068495
99,2.097822
100,0.309181
101,1.938304
102,-2.091737
103,0.820651
104,-3.711358
105,-0.132517
106,2.447696
107,0.834417
108,-0.269162
109,1.415220
110,3.897377
111,-0.848157
112,-1.008699
113,-0.927475
114,-1.736387
115,-0.731143
116,3.605988
117,-1.437681
118,1.796793
119,0.264438
120,1.406937
121,0.437683
122,-2.954008
123,-1.374501
124,-3.820155
125,-1.600575
126,-0.498423
127,-3.346208
128,1.524624
129,-1.366323
130,-0.055172
131,0.885433
132,-1.789892
133,0.140787
134,4.958129
135,0.334988
136,1.528245
137,0.794173
138,-0.040339
139,-0.690097
140,-0.557973
141,0.091399
142,1.759328
143,0.526428
144,-1.593318
145,0.778198
146,0.670486
147,-2.125858
148,-0.119264
149,1.741895
150,-0.855009
151,-0.961017
152,-0.429985
153,2.647475
154,2.274519
155,3.923579
156,-3.239848
157,2.644944
158,-0.970327
159,5.180090
160,0.738674
161,1.898632
162,2.637246
163,2.488074
164,-1.449201
165,1.204871
166,-0.036625
167,3.837512
168,3.470620
169,-1.623311
170,1.870661
171,0.686815
172,0.537872
173,0.979224
174,1.359642
175,-2.968073
176,4.196362
177,1.536451
178,1.593197
179,0.239596
180,4.813291
181,0.357965
182,0.370028
183,-0.668372
184,-2.980374
185,1.048868
186,1.137537
187,-2.659241
188,-1.590348
189,-1.324377
190,-1.636209
191,-0.619866
192,-2.226999
193,0.066079
194,0.391568
195,2.879181
196,1.671777
197,1.438690
198,-1.194350
199,-0.728484
200,2.772975
201,0.280924
202,1.519653
203,-0.656237
204,0.190578
205,-3.590798
206,-1.582272
207,3.107222
208,2.058739
209,-3.827927
210,-0.081847
211,-0.090615
212,3.126141
213,1.660661
214,-0.436597
215,-0.487982
216,-3.891369
217,-4.191259
218,-2.594709
219,-1.570188
220,0.853647
221,-0.114671
222,3.293865
223,-1.132513
224,-0.306687
225,-2.018064
226,-2.326555
227,-3.133830
228,-0.745739
229,-0.250245
230,-1.157163
231,0.628300
232,0.858518
233,3.326484
234,3.124730
235,-2.628834
236,-1.928069
237,-2.471352
238,1.613676
239,1.935494
240,1.158297
241,-1.641833
242,-1.762451
243,-0.295992
244,2.859208
245,-0.288065
246,-0.699101
247,-1.106165
248,-0.568927
249,-1.492153
250,-0.238903
251,-2.197933
252,0.093168
253,1.170412
254,-1.556175
255,2.409857
256,0.281978
257,4.011864
258,-0.482797
259,-2.376161
260,-0.357778
261,-1.427268
262,3.095255
263,2.427445
264,2.704867
265,1.695631
266,-0.857905
267,-2.924993
268,-2.299855
269,2.153570
270,0.728115
271,1.479089
272,-1.083364
273,-3.535093
274,-0.466394
275,1.770977
276,0.786518
277,-0.793245
278,-3.200276
279,1.295795
280,-1.421593
281,0.113088
282,-2.159051
283,-2.455236
284,-4.325195
285,-0.598793
286,4.159900
287,-0.694763
288,-0.422077
289,0.149005
290,-1.407343
291,-3.431724
292,1.224838
293,0.474269
294,0.215898
295,-1.546334
296,0.792088
297,-2.057322
298,-1.588743
299,-3.960055
300,-1.406553
301,4.226912
302,-2.392681
303,-0.406812
304,-1.907326
305,2.398427
306,1.048050
307,-0.406069
308,-2.214256
309,-3.203711
310,-2.473440
311,-4.226359
312,-2.367093
313,0.667193
314,0.322885
315,-0.338526
316,0.623868
317,-0.106016
318,0.734314
319,0.010929
320,-0.664719
321,-1.023701
322,-0.376261
323,-0.002830
324,1.296227
325,0.205626
326,0.191343
327,1.806717
328,2.746225
329,1.638661
330,-0.723675
331,0.134568
332,-0.609957
333,0.164613
334,-1.398678
335,0.943744
336,1.148145
337,0.618440
338,1.541305
339,-0.754727
340,-0.592433
341,-0.952242
342,-0.749117
343,-2.253519
344,0.547160
345,3.138930
346,1.441079
347,1.448453
348,2.323673
349,-0.872079
350,-1.034056
351,-0.777157
352,1.046723
353,-0.437575
354,-1.128703
355,-0.995062
356,-0.329219
357,-2.407642
358,-0.268987
359,-0.047793
360,-0.487137
361,-0.886476
362,-0.931173
363,-0.704545
364,-0.315537
365,0.931754
366,-0.824346
367,0.629201
368,-0.882057
369,0.327015
370,-0.862276
371,0.082996
372,0.192481
373,0.476228
374,0.377199
375,0.121382
376,0.731206
377,-0.035714
378,-0.161182
379,0.443074
380,0.568209
381,0.534697
382,0.905804
383,0.440706
384,-0.624197
385,-0.666661
386,0.386012
387,-1.231480
388,-0.504041
389,0.178261
390,-1.788059
391,-0.640785
392,0.702090
393,0.154436
394,-1.373861
395,1.224325
396,1.606527
397,0.980995
398,0.481898
399,-0.244073
400,-0.772661
401,-1.691316
402,0.993822
403,-0.440376
404,1.668703
405,0.928108
406,-0.191623
407,0.649261
408,-0.006055
409,1.343013
410,1.214632
411,1.910566
412,-0.799349
413,1.230833
414,0.999408
415,-1.123667
416,0.282485
417,1.244626
418,0.467852
419,1.468009
420,0.026087
421,-0.434161
422,0.676524
423,1.191481
424,-0.551340
425,-0.093980
426,-0.722161
427,0.564280
428,0.008557
429,0.312898
430,1.020055
431,1.283338
432,-0.228501
433,0.625384
434,-0.160670
435,-0.423571
436,-1.809801
437,0.338365
438,-0.021562
439,-1.157935
440,0.994129
441,-0.541513
442,-0.507543
443,0.469117
444,0.334448
445,0.738512
446,0.569526
447,-0.164744
448,-1.678974
449,0.933312
450,-0.275962
451,-1.461758
452,-1.887882
453,0.225089
454,-0.572789
455,-0.785220
456,-1.544694
457,-0.596114
458,0.783455
459,0.927901
460,-0.170875
461,1.426318
462,-0.416008
463,-0.294194
464,-1.151937
465,-0.926689
466,0.669170
467,-1.423365
468,-0.561646
469,0.877536
470,-0.225693
471,1.730700
472,1.011951
473,0.750501
474,1.346144
475,0.933631
476,0.967964
477,0.578521
478,1.593169
479,0.420444
480,-0.825260
481,-1.923645
482,-3.117904
483,-1.931122
484,1.105112
485,0.259872
486,0.097687
487,0.701479
488,-0.500475
489,-0.841828
490,-1.314810
491,0.229756
492,-0.034230
493,-0.047002
494,-0.902796
495,0.231613
496,0.005310
497,1.658988
498,-0.089654
499,-1.229196
500,0.831493
501,0.390906
502,0.384120
503,0.766361
504,-0.305609
505,1.295315
506,-0.451646
507,0.782374
508,1.017779
509,0.221435
510,1.651476
511,0.774872
512,-0.137769
513,1.440218
514,2.004621
515,0.962935
516,-0.373061
517,-0.171896
518,1.381934
519,-0.517440
520,0.597054
521,0.686025
522,0.981383
523,-0.804331
524,-1.810114
525,-0.654682
526,-2.550031
527,-1.855858
528,-1.010387
529,-0.389747
530,0.189260
531,1.233060
532,1.306609
533,1.381712
534,1.163922
535,0.094151
536,-0.237832
537,0.817748
538,-0.506382
539,-0.118669
540,0.907392
541,0.600490
542,-0.253522
543,0.497252
544,1.610131
545,0.281744
546,-1.435025
547,-1.309970
548,-0.034439
549,-2.889674
550,0.193603
551,-0.522824
552,-0.647494
553,1.369583
554,0.487887
555,0.721361
556,0.061094
557,1.082652
558,1.603026
559,-0.391076
560,-0.186011
561,-0.946512
562,0.359600
563,-2.080969
564,0.495084
565,1.517079
566,-0.166097
567,-0.312385
568,0.022104
569,-0.083302
570,-0.093718
571,0.674446
572,-0.754765
573,0.527698
574,1.319299
575,0.741768
576,-1.049548
577,-0.475690
578,0.153565
579,-0.730506
580,-0.028543
581,0.913014
582,-0.091247
583,-0.809377
584,-0.059737
585,0.860240
586,2.172110
587,0.027375
588,0.857666
589,-0.257058
590,-1.219001
591,0.399934
592,0.541283
593,0.551864
594,1.319675
595,0.397061
596,-0.518933
597,-2.309871
598,0.086684
599,0.224981
600,0.810434
601,0.130754
602,0.877222
603,0.433215
604,-0.216071
605,0.891220
606,0.849080
607,-1.134292
608,-1.233037
609,0.092553
610,1.561315
611,1.507692
612,-1.349837
613,-0.634579
614,-1.536603
615,-1.222291
616,-1.215175
617,0.225731
618,-0.490584
619,0.971789
620,-1.332834
621,-1.512212
622,-1.082216
623,-1.222943
624,1.071741
625,1.315810
626,-0.906572
627,-1.398394
628,0.076982
629,-0.615739
630,0.329148
631,-2.255538
632,0.662485
633,0.653416
634,-0.075842
635,-2.535502
636,0.818618
637,1.967592
638,2.063940
639,0.251311
640,0.084725
641,-0.009924
642,-0.338914
643,-2.056276
644,-1.302738
645,0.651545
646,1.060082
647,-1.052533
648,-0.434999
649,-0.715381
650,-0.206157
651,-0.051945
652,-0.093097
653,-0.648718
654,-0.584846
655,0.106284
656,-0.529643
657,-0.473861
658,0.336958
659,0.464289
660,-0.868242
661,-0.534928
662,-0.917614
663,1.397491
664,0.881302
665,-1.633602
666,-0.915355
667,0.620045
668,-0.679665
669,-0.522651
670,1.238817
671,0.869375
672,-0.106540
673,1.275061
674,-0.214848
675,0.832775
676,1.400487
677,-0.544190
678,-0.134027
679,-0.431885
680,-0.912328
681,-2.235621
682,-1.611798
683,0.135773
684,-0.362336
685,-1.969954
686,0.354102
687,-1.238150
688,-0.225216
689,-0.855701
690,1.010988
691,0.695939
692,0.998398
693,-1.144786
694,-0.470400
695,-1.134957
696,0.531380
697,-0.045527
698,-0.724001
699,-1.578888
700,-1.048387
701,0.002664
702,0.200815
703,0.784988
704,-0.237100
705,-0.012237
706,0.129110
707,0.492842
708,-0.552552
709,0.657849
710,-0.594424
711,-0.180723
712,-0.184789
713,-0.575556
714,-1.849204
715,0.206246
716,0.006636
717,-0.458242
718,-1.102910
719,-0.806147
720,-0.062825
721,-0.112905
722,1.212313
723,0.073124
724,0.703051
725,-0.598880
726,-0.668923
727,-0.574561
728,-0.454718
729,-0.571755
730,0.108606
731,1.058074
732,1.428497
733,-0.527942
734,-0.236326
735,0.327652
736,0.261598
737,0.933949
738,1.261322
739,0.588846
740,0.295240
741,0.509733
742,-0.376247
743,0.829358
744,0.353038
745,-0.063954
746,-0.925019
747,-1.090385
748,0.548481
749,-1.570949
750,0.659838
751,1.090165
752,-0.121353
753,1.345118
754,1.120060
755,-1.213733
756,-0.273912
757,-0.725299
758,0.179681
759,0.968636
760,1.151026
761,-1.002186
762,-1.982412
763,-0.285054
764,0.407612
765,0.063199
766,0.447239
767,-0.754154
768,-0.787061
769,0.401975
770,0.419096
771,-0.271817
772,-0.837654
773,0.105737
774,0.058629
775,-1.335547
776,-1.830226
777,0.393583
778,0.606600
779,-0.252954
780,1.417082
781,-1.380940
782,-0.636079
783,0.537125
784,0.516919
785,2.004142
786,0.420931
787,-0.819115
788,0.575509
789,0.983378
790,0.557213
791,1.795377
792,1.446948
793,0.132846
794,1.601885
795,1.957055
796,0.011674
797,-1.137767
798,-0.514219
799,-0.793626
800,0.079209
801,-0.635560
802,1.714823
803,1.230772
804,-0.589777
805,-0.647394
806,-0.358384
807,1.251698
808,0.260505
809,-0.123209
810,-1.680125
811,0.753686
812,-1.316232
813,-1.180136
814,-0.148725
815,-0.100693
816,-0.975525
817,0.112180
818,0.778234
819,-1.401490
820,0.019437
821,0.338795
822,1.262639
823,-1.322514
824,0.420145
825,0.770151
826,-1.252236
827,-0.494622
828,-0.083587
829,-1.059925
830,1.673664
831,1.533268
832,-0.345247
833,0.002872
834,-0.316489
835,0.251197
836,0.487718
837,0.284635
838,0.340139
839,0.638609
840,1.726404
841,0.677544
842,-0.381857
843,-1.324063
844,-1.325596
845,-0.063496
846,-1.483247
847,0.032238
848,0.995169
849,1.828227
850,0.657006
851,0.666641
852,1.087844
853,0.415111
854,-1.104973
855,-0.121448
856,0.143583
857,0.144195
858,-0.891137
859,0.820433
860,0.596921
861,1.097652
862,1.021195
863,1.439058
864,-0.344949
865,0.102006
866,0.088225
867,-2.020342
868,-0.844925
869,-0.807132
870,0.930401
871,-0.616014
872,-0.970552
873,0.628520
874,0.804240
875,0.542533
876,0.714955
877,-0.199887
878,-0.191674
879,-0.719556
880,-0.001416
881,-0.775489
882,-0.015978
883,-0.264461
884,0.359266
885,1.726747
886,1.852334
887,1.192093
888,2.302472
889,0.316099
890,-0.564690
891,-0.361170
892,1.419422
893,-0.985683
894,0.590653
895,0.662971
896,1.886804
897,0.981835
898,0.885754
899,-0.064726
900,-0.335182
901,-4.270893
902,-1.341095
903,-0.058093
904,1.683222
905,0.792879
906,-0.138993
907,-1.137618
908,-0.053952
909,1.290894
910,-0.520191
911,-0.039247
912,-1.420159
913,0.332692
914,1.737530
915,-0.847147
916,-0.651187
917,0.108974
918,-1.275677
919,0.218109
920,0.162820
921,0.265910
922,-0.043358
923,-0.307330
924,-1.174414
925,-2.118712
926,-1.763747
927,-1.422287
928,1.383710
929,0.053950
930,0.184367
931,-0.266473
932,0.088726
933,-0.045242
934,-0.396233
935,0.914426
936,0.107369
937,-1.598588
938,-2.170388
939,-1.225472
940,-0.386805
941,1.145821
942,-1.079037
943,-1.373822
944,-0.123068
945,-0.783160
946,0.213102
947,0.689063
948,1.726669
949,1.001889
950,0.182707
951,-1.674825
952,1.010765
953,0.310181
954,-0.827952
955,-0.528850
956,-0.251342
957,-0.732375
958,-0.543675
959,-1.632955
960,-1.453305
961,0.249715
962,0.591447
963,-0.107509
964,-0.399657
965,-0.945655
966,-1.494585
967,-1.100708
968,-1.601766
969,-0.264334
970,-0.010734
971,1.034311
972,1.018362
973,-0.492218
974,0.218300
975,-0.492999
976,-0.528764
977,0.878376
978,-0.870064
979,0.556577
980,-1.486692
981,-1.001404
982,1.352613
983,-0.230801
984,0.694947
985,0.425157
986,0.537567
987,0.877689
988,-0.938893
989,-0.000005
990,-0.073940
991,2.179847
992,1.224931
993,1.604911
994,1.361525
995,0.808726
996,0.959677
997,-0.158541
998,1.358765
999,-0.522948
1000,-0.379520
1001,-1.123810
1002,-0.721790
1003,-0.815760
1004,-1.555651
1005,-1.209006
1006,-0.164139
1007,0.080559
1008,-0.849633
1009,-0.655317
1010,-0.340861
1011,-0.308067
1012,0.885203
1013,-0.587536
1014,-0.097873
1015,-0.593160
1016,-0.869666
1017,-0.841510
1018,-0.025433
1019,0.364069
1020,-0.210850
1021,-1.220042
1022,0.361890
1023,1.484468
1024,-0.237131
1025,0.726866
1026,-0.499596
1027,0.223261
1028,-1.571422
1029,1.141281
1030,-1.159546
1031,-0.700557
1032,-1.969455
1033,0.642701
1034,-0.718338
1035,-0.657380
1036,0.463549
1037,2.158401
1038,1.383408
1039,-0.032726
1040,0.429481
1041,0.389395
1042,1.570600
1043,0.823028
1044,-1.172761
1045,-2.690792
1046,-2.083878
1047,0.596969
1048,-0.012365
1049,0.375558
1050,-0.047491
1051,-0.785793
1052,-0.317216
1053,-1.486610
1054,0.211233
1055,0.255854
1056,-1.673958
1057,-0.112028
1058,0.291262
1059,0.247020
1060,0.398385
1061,2.635675
1062,2.311804
1063,1.775426
1064,0.587976
1065,-0.420584
1066,-0.327449
1067,0.514389
1068,0.079459
1069,0.544868
1070,0.076253
1071,0.145084
1072,-1.515556
1073,-0.142619
1074,0.291466
1075,1.865073
1076,-1.069650
1077,0.194533
1078,0.678462
1079,0.493275
1080,0.147031
1081,-1.150099
1082,0.191920
1083,-1.516269
1084,0.054226
1085,1.217493
1086,-0.790795
1087,-0.276472
1088,0.702454
1089,0.037215
1090,-0.628780
1091,-0.680576
1092,1.198118
1093,-0.644469
1094,-1.191658
1095,-0.371045
1096,0.375990
1097,-0.813414
1098,-0.946952
1099,-1.028859
1100,-1.941036
1101,0.081747
1102,0.822951
1103,-0.658358
1104,0.907848
1105,-0.140029
1106,-1.008561
1107,1.048427
1108,0.150461
1109,-3.820994
1110,0.263344
1111,0.488359
1112,0.084848
1113,-0.069972
1114,0.632858
1115,1.577805
1116,0.315672
1117,0.123580
1118,-0.314894
1119,-1.425439
1120,-1.533431
1121,0.134191
1122,0.009205
1123,-1.692786
1124,0.624359
1125,0.282000
1126,-0.859241
1127,0.502269
1128,0.852105
1129,-0.085890
1130,-0.445054
1131,0.414072
1132,-0.342194
1133,0.266842
1134,-0.531704
1135,-1.184419
1136,0.330310
1137,2.623228
1138,1.583684
1139,-1.388663
1140,0.347649
1141,-0.493036
1142,-0.541147
1143,1.531903
1144,0.875600
1145,1.206981
1146,0.564361
1147,1.659561
1148,1.514610
1149,-1.457100
1150,-0.090473
1151,-0.132591
1152,0.237296
1153,2.287352
1154,1.346157
1155,-1.974552
1156,-0.460533
1157,1.289796
1158,0.246708
1159,-0.147905
1160,-0.174788
1161,-1.975339
1162,-0.334233
1163,0.559929
1164,-1.774572
1165,-0.202547
1166,2.095381
1167,1.172335
1168,0.781697
1169,2.882005
1170,1.422669
1171,-1.696730
1172,-0.356095
1173,0.761078
1174,1.090884
1175,-1.013793
1176,-0.600943
1177,0.738283
1178,0.506701
1179,-1.534075
1180,-1.293747
1181,0.380521
1182,1.638689
1183,0.409581
1184,-1.403666
1185,1.916894
1186,1.603433
1187,0.906199
1188,0.788790
1189,3.123932
1190,0.389522
1191,0.354862
1192,-1.671651
1193,-0.065015
1194,-1.113681
1195,0.235312
1196,-0.465263
1197,-0.869497
1198,-0.876154
1199,-1.588446
1200,0.245963
1201,-1.609127
1202,-0.263611
1203,-0.603294
1204,-0.021993
1205,-1.583423
1206,-1.388843
1207,-3.013098
1208,-1.417660
1209,0.994560
1210,1.118172
1211,-0.258475
1212,0.221312
1213,-1.618065
1214,-2.103741
1215,-0.163629
1216,-0.255148
1217,-0.828127
1218,-0.589637
1219,-2.590078
1220,-1.297993
1221,0.698184
1222,-0.127393
1223,-0.614775
1224,-0.440366
1225,1.111353
1226,-0.129355
1227,1.986721
1228,1.783217
1229,-0.884223
1230,-2.017419
1231,-0.984848
1232,-0.625969
1233,-0.765861
1234,2.612971
1235,0.977159
1236,0.729624
1237,-0.543235
1238,1.043520
1239,1.984753
1240,0.920324
1241,0.773481
1242,2.581430
1243,0.787262
1244,0.218019
1245,-0.482555
1246,0.843224
1247,-0.053646
1248,-0.323087
1249,-0.869774
1250,-1.664740
1251,-0.222560
1252,2.144580
1253,1.549733
1254,-0.438048
1255,0.893881
1256,-1.814065
1257,0.121946
1258,-0.193177
1259,0.629203
1260,-0.399564
1261,-0.602477
1262,0.474800
1263,-1.129404
1264,-1.351723
1265,0.220936
1266,0.881582
1267,-0.028965
1268,-2.350259
1269,-1.471223
1270,-1.557951
1271,-2.163225
1272,-0.559553
1273,-0.083099
1274,-1.319914
1275,-1.233929
1276,-2.254088
1277,1.181986
1278,-0.468542
1279,-1.208820
1280,-2.374502
1281,-1.504853
1282,-0.383355
1283,0.112156
1284,-0.637593
1285,1.063924
1286,0.566829
1287,0.438765
1288,1.447674
1289,-0.653010
1290,-1.787569
1291,-1.001181
1292,-1.198173
1293,-1.528260
1294,-2.335259
1295,-2.848909
1296,-0.109494
1297,-0.532964
1298,0.623299
1299,1.818652
1300,0.138831
1301,0.080233
1302,-0.688217
1303,-0.013844
1304,0.321635
1305,0.459534
1306,1.365626
1307,0.908246
1308,0.033896
1309,-1.264880
1310,-0.443449
1311,-0.963279
1312,-1.385471
1313,-0.070391
1314,0.250578
1315,0.407901
1316,1.160642
1317,0.582389
1318,-0.169790
1319,-1.250456
1320,-1.365801
1321,-1.124201
1322,0.123592
1323,0.344392
1324,0.600557
1325,0.783796
1326,-0.128743
1327,0.020752
1328,-0.506530
1329,-1.808494
1330,-1.607436
1331,-0.771905
1332,-1.511487
1333,-1.381774
1334,0.415562
1335,0.721244
1336,1.228843
1337,-0.230367
1338,-0.627986
1339,0.018767
1340,-0.080355
1341,-0.695415
1342,0.846531
1343,0.664882
1344,1.206962
1345,1.632647
1346,-0.500933
1347,-1.482441
1348,-0.127020
1349,-0.523546
1350,-1.303409
1351,-0.669967
1352,0.300043
1353,0.348446
1354,0.039160
1355,0.570767
1356,0.190084
1357,0.820088
1358,1.017844
1359,-1.060061
1360,-0.470112
1361,1.145477
1362,-0.111112
1363,0.847734
1364,0.851912
1365,-0.209877
1366,-0.223363
1367,0.533062
1368,1.096279
1369,0.578172
1370,-0.870802
1371,1.318077
1372,0.053385
1373,0.707894
1374,-0.773221
1375,-0.975426
1376,0.597235
1377,-0.191127
1378,-0.360867
1379,-1.699832
1380,-0.780397
1381,-0.886169
1382,0.620191
1383,0.956713
1384,1.123875
1385,-0.758555
1386,-1.599524
1387,-1.970389
1388,-1.691483
1389,-0.803206
1390,0.028191
1391,-0.603709
1392,-0.194632
1393,-1.315368
1394,-1.487876
1395,0.167501
1396,0.665500
1397,-0.684002
1398,1.023901
1399,1.151445
1400,0.629536
1401,0.404030
1402,-0.376313
1403,-0.811028
1404,-0.256748
1405,-0.167216
1406,0.559031
1407,0.495808
1408,-2.377705
1409,-2.242019
1410,-0.683288
1411,-0.247762
1412,0.552621
1413,2.697129
1414,1.681417
1415,0.208737
1416,-1.515101
1417,0.139151
1418,0.805546
1419,-0.176408
1420,-1.366937
1421,-1.400767
1422,-0.208261
1423,-1.302196
1424,-0.910949
1425,0.504735
1426,1.111728
1427,0.940158
1428,1.741880
1429,0.717640
1430,-0.024138
1431,-0.085078
1432,0.078020
1433,0.668095
1434,0.503049
1435,0.009397
1436,-0.537228
1437,-1.735269
1438,-1.258581
1439,0.694079
1440,1.728202
1441,1.291954
1442,0.788938
1443,0.686292
1444,-0.128789
1445,-2.189398
1446,-0.916339
1447,-0.769901
1448,0.902840
1449,-0.114437
1450,0.600036
1451,0.760570
1452,0.432463
1453,-0.003763
1454,-0.403664
1455,1.295634
1456,1.225459
1457,0.553178
1458,-0.812289
1459,-0.511090
1460,-1.209396
1461,-0.654068
1462,-0.607622
1463,-0.126031
1464,0.045412
1465,-0.017952
1466,-1.311718
1467,-0.493255
1468,1.425804
1469,0.494471
1470,-0.060669
1471,1.015027
1472,-0.845819
1473,1.460342
1474,-0.204394
1475,1.167957
1476,0.871742
1477,-0.592588
1478,0.365266
1479,-0.198898
1480,-1.116281
1481,-1.059906
1482,-2.087782
1483,-0.573316
1484,-0.845168
1485,-0.600653
1486,-1.501158
1487,-0.541352
1488,-0.562035
1489,-1.660067
1490,-0.805281
1491,-0.830459
1492,-0.636224
1493,0.457857
1494,-0.736821
1495,0.119939
1496,-0.820290
1497,0.440886
1498,-1.174442
1499,-0.634878
1500,1.161699
1501,1.509292
1502,1.588689
1503,0.275714
1504,0.149691
1505,-1.300112
1506,-0.296775
1507,-0.449318
1508,0.505200
1509,0.906080
1510,0.819064
1511,-0.908113
1512,-0.452100
1513,-0.511954
1514,0.079960
1515,0.951998
1516,0.098413
1517,0.859079
1518,-0.186099
1519,1.136018
1520,-0.069022
1521,0.614757
1522,-0.212931
1523,-0.815722
1524,-1.516581
1525,-1.358495
1526,-0.935726
1527,1.589219
1528,-0.126546
1529,0.669054
1530,0.501800
1531,0.191145
1532,-1.224157
1533,-1.116550
1534,-0.210557
1535,-1.237644
1536,-0.225183
1537,0.202254
1538,0.439598
1539,1.678247
1540,0.459749
1541,0.659825
1542,-0.149516
1543,2.179928
1544,0.780460
1545,-0.267107
1546,-0.371642
1547,-1.739466
1548,0.884854
1549,-0.362350
1550,0.040832
1551,-0.808485
1552,-0.424940
1553,-0.456838
1554,-1.352618
1555,-1.357747
1556,-0.171336
1557,0.885184
1558,0.326166
1559,0.031988
1560,0.484906
1561,-0.068356
1562,-0.335877
1563,0.963681
1564,0.856776
1565,-0.571833
1566,-0.626981
1567,0.584612
1568,2.466643
1569,1.046028
1570,0.247988
1571,1.224563
1572,-0.049384
1573,1.450877
1574,0.692808
1575,0.055669
1576,-0.733541
1577,0.276816
1578,0.717740
1579,-0.184183
1580,-0.709700
1581,-0.262747
1582,-1.097951
1583,0.736710
1584,0.845792
1585,-1.719349
1586,-0.118105
1587,0.552696
1588,-0.658833
1589,-0.553579
1590,-0.312681
1591,0.141274
1592,0.149235
1593,-0.869850
1594,0.541903
1595,-0.163181
1596,-0.241382
1597,-1.186666
1598,-0.586480
1599,-0.272249
1600,0.818832
1601,1.832690
1602,1.586436
1603,0.371900
1604,0.931075
1605,-0.205589
1606,-1.500901
1607,-1.062554
1608,-1.547086
1609,1.124628
1610,-0.621901
1611,0.178641
1612,0.139579
1613,-1.973866
1614,-0.397360
1615,-0.707672
1616,-2.281518
1617,-0.655100
1618,0.210268
1619,0.588224
1620,-0.231882
1621,0.742173
1622,-0.087615
1623,0.395605
1624,1.884740
1625,1.897638
1626,1.012475
1627,-0.434064
1628,1.101909
1629,-0.575546
1630,-1.930803
1631,-0.797093
1632,2.135915
1633,-0.306378
1634,-0.831791
1635,0.390313
1636,-1.065666
1637,1.008100
1638,-0.722015
1639,-0.411323
1640,-1.468000
1641,-1.606286
1642,-1.211596
1643,0.700655
1644,-0.350035
1645,0.717364
1646,0.940856
1647,0.290179
1648,0.637622
1649,0.480101
1650,-0.029854
1651,-0.424438
1652,0.662451
1653,1.861951
1654,-1.928434
1655,0.820152
1656,0.499406
1657,-0.361138
1658,0.415764
1659,0.744032
1660,0.092642
1661,1.324564
1662,-0.225890
1663,0.195875
1664,-0.461966
1665,-0.333613
1666,0.169266
1667,1.044324
1668,-1.984266
1669,-0.100341
1670,0.345270
1671,-1.265648
1672,-1.397855
1673,-1.478523
1674,-1.147181
1675,0.485489
1676,-0.397720
1677,-0.025619
1678,-1.314278
1679,-0.962627
1680,-1.268232
1681,-1.517388
1682,0.234190
1683,0.995961
1684,-0.334150
1685,-2.056165
1686,0.800280
1687,-0.309937
1688,-0.252753
1689,-1.610604
1690,0.244290
1691,-0.281257
1692,-0.340470
1693,-0.045912
1694,-0.335113
1695,1.090985
1696,1.079333
1697,0.175951
1698,0.949055
1699,-1.232948
1700,-0.398365
1701,1.819136
1702,-0.017987
1703,0.966004
1704,0.564036
1705,-0.470675
1706,-1.156958
1707,1.908294
1708,-0.749669
1709,-0.006078
1710,0.942127
1711,1.035874
1712,-0.211033
1713,0.883300
1714,0.660785
1715,-2.217880
1716,-3.429918
1717,-1.254152
1718,-0.102698
1719,0.019166
1720,0.073777
1721,-0.225162
1722,0.504584
1723,0.571053
1724,-0.022878
1725,-0.837616
1726,-0.179989
1727,-1.196728
1728,0.282953
1729,0.523370
1730,0.067901
1731,1.416451
1732,-0.049695
1733,-0.807136
1734,-2.011162
1735,1.055974
1736,1.064155
1737,2.011413
1738,0.825765
1739,0.377872
1740,-0.425187
1741,-0.055366
1742,-1.470438
1743,-0.410022
1744,0.372379
1745,0.839352
1746,-0.162684
1747,0.752461
1748,0.053944
1749,1.021710
1750,0.724996
1751,1.008580
1752,0.603094
1753,-0.284904
1754,-1.980054
1755,-0.038612
1756,0.861446
1757,-1.110238
1758,0.392809
1759,1.001809
1760,-0.525498
1761,1.463056
1762,-1.277854
1763,1.187203
1764,1.495621
1765,0.486298
1766,0.306766
1767,-0.387823
1768,-1.038756
1769,-0.246020
1770,-0.220064
1771,0.123363
1772,-0.553901
1773,0.249328
1774,-0.578806
1775,5.249186
1776,5.508206
1777,7.387478
1778,5.388038
1779,7.015209
1780,6.168259
1781,5.414502
1782,5.599077
1783,4.343498
1784,5.043242
1785,5.230441
1786,8.408448
1787,6.570246
1788,4.370865
1789,2.386143
1790,4.381970
1791,7.810795
1792,6.573157
1793,8.515868
1794,9.833068
1795,8.658076
1796,6.504042
1797,6.939710
1798,8.670950
1799,6.281194
1800,6.597410
1801,6.668323
1802,4.577167
1803,4.182249
1804,7.836954
1805,6.988330
1806,8.591801
1807,6.075397
1808,4.553590
1809,4.800222
1810,3.505650
1811,6.786906
1812,5.994069
1813,7.589040
1814,5.898779
1815,5.258625
1816,7.654338
1817,5.914527
1818,8.089804
1819,6.364127
1820,4.369380
1821,4.337871
1822,7.669243
1823,6.897502
1824,6.016522
1825,9.442025
1826,7.857235
1827,6.229400
1828,6.272382
1829,7.017246
1830,7.990842
1831,6.185295
1832,5.933086
1833,6.716343
1834,4.854294
1835,9.450777
1836,7.792428
1837,9.719639
1838,4.667627
1839,7.132411
1840,8.228578
1841,7.185226
1842,3.961836
1843,3.649809
1844,7.545422
1845,7.753804
1846,9.776877
1847,8.800187
1848,6.819236
1849,3.461352
1850,5.672370
1851,2.646613
1852,2.864709
1853,5.896305
1854,1.732379
1855,7.173338
1856,10.325648
1857,10.061691
1858,7.166786
1859,6.659136
1860,5.321735
1861,6.807932
1862,9.529761
1863,4.724612
1864,4.696990
1865,6.123737
1866,5.095208
1867,4.286978
1868,5.201192
1869,6.293604
1870,5.952921
1871,5.259268
1872,5.916548
1873,6.373186
1874,8.801459
1875,8.810290
1876,6.760664
1877,7.331960
1878,4.152667
1879,7.758123
1880,5.068937
1881,3.747942
1882,7.598601
1883,7.135758
1884,9.796972
1885,11.263795
1886,11.131780
1887,10.307077
1888,9.038954
1889,9.475305
1890,5.383988
1891,7.494409
1892,8.414927
1893,9.490785
1894,7.397677
1895,7.990263
1896,7.947362
1897,7.201613
1898,6.165884
1899,8.493023
1900,7.666261
1901,7.181830
1902,9.144771
1903,3.828614
1904,3.790114
1905,10.394134
1906,9.673424
1907,8.626853
1908,5.928532
1909,7.655049
1910,7.000477
1911,5.544328
1912,7.459687
1913,9.283238
1914,4.428244
1915,5.426917
1916,5.239553
1917,8.934285
1918,7.894034
1919,8.072214
1920,5.429094
1921,6.003195
1922,7.765071
1923,6.271223
1924,6.284079
1925,4.616968
1926,7.060608
1927,8.305355
1928,8.107245
1929,7.174791
1930,8.323959
1931,3.467676
1932,4.100141
1933,3.082385
1934,5.127391
1935,6.652596
1936,5.826269
1937,2.705463
1938,3.404726
1939,1.065170
1940,5.510515
1941,7.501475
1942,7.034722
1943,6.472508
1944,3.681510
1945,2.811391
1946,6.019066
1947,8.826450
1948,8.217750
1949,7.574446
1950,8.814402
1951,6.517718
1952,5.925202
1953,7.615661
1954,4.402592
1955,8.902497
1956,6.469680
1957,3.404319
1958,6.589262
1959,5.504423
1960,4.509352
1961,2.620167
1962,5.862492
1963,5.420614
1964,4.598651
1965,4.597023
1966,5.475032
1967,9.362327
1968,6.260085
1969,5.603002
1970,6.428907
1971,8.132869
1972,6.783227
1973,5.582009
1974,8.198529
1975,7.677426
1976,7.080862
1977,6.095661
1978,6.923786
1979,3.267908
1980,0.313894
1981,6.963646
1982,6.488037
1983,5.315881
1984,8.428757
1985,4.494859
1986,8.589490
1987,9.206891
1988,6.030510
1989,4.909569
1990,4.387152
1991,5.998952
1992,6.452526
1993,4.536175
1994,4.750745
1995,5.113314
1996,5.359555
1997,5.963636
1998,5.694045
1999,6.342664
2000,6.539593
2001,6.971207
2002,2.648661
2003,4.930371
2004,7.991509
2005,8.142314
2006,9.852949
2007,7.472772
2008,9.665435
2009,8.041274
2010,8.784714
2011,5.369732
2012,7.093445
2013,7.117789
2014,7.298502
2015,8.129666
2016,9.296643
2017,8.543543
2018,5.557907
2019,5.367058
2020,9.690042
2021,8.390221
2022,8.700726
2023,6.138474
2024,8.540405
2025,4.946767
2026,7.581761
2027,6.988059
2028,7.337448
2029,2.933223
2030,3.260062
2031,8.856776
2032,7.873421
2033,4.781857
2034,6.026581
2035,5.606397
2036,5.976655
2037,4.195701
2038,6.785734
2039,5.742148
2040,7.993778
2041,7.866613
2042,6.580548
2043,7.537853
2044,5.408343
2045,8.549833
2046,5.968599
2047,8.950540
2048,6.589742
2049,9.664039
2050,9.231189
2051,4.335329
2052,8.250867
2053,6.768844
2054,3.793639
2055,7.246466
2056,7.874898
2057,7.746546
2058,6.921659
2059,9.694946
2060,5.567073
2061,5.348499
2062,6.532402
2063,6.962083
2064,4.261389
2065,2.193737
2066,5.152019
2067,10.000666
2068,6.249845
2069,6.862289
2070,6.271169
2071,6.339412
2072,6.554820
2073,6.981960
2074,6.340782
2075,2.300335
2076,6.512471
2077,2.541279
2078,6.024701
2079,3.993823
2080,2.815978
2081,6.099544
2082,10.443110
2083,13.934017
2084,9.364324
2085,5.445348
2086,6.165254
2087,7.833530
2088,9.083320
2089,7.599879
2090,5.346476
2091,8.189561
2092,6.641996
2093,7.007980
2094,3.056911
2095,3.973945
2096,7.613637
2097,8.244873
2098,3.645802
2099,6.322593
2100,4.212172
2101,5.060143
2102,6.874236
2103,6.880287
2104,8.744029
2105,6.517348
2106,5.299691
2107,5.814590
2108,6.345655
2109,5.389816
2110,2.050066
2111,6.744986
2112,8.672789
2113,8.574266
2114,10.785845
2115,6.033524
2116,6.908046
2117,8.444017
2118,3.684143
2119,6.489913
2120,4.181726
2121,4.024915
2122,4.868201
2123,9.327912
2124,6.095145
2125,8.183678
2126,4.202454
2127,5.211262
2128,5.968753
2129,3.877932
2130,6.174374
2131,7.235340
2132,7.288969
2133,5.898693
2134,2.324717
2135,6.144638
2136,6.225291
2137,9.613588
2138,4.175238
2139,5.729006
2140,6.730856
2141,6.615297
2142,-0.077808
2143,1.209212
2144,6.547117
2145,8.503011
2146,8.783217
2147,3.367612
2148,8.173020
2149,5.527146
2150,5.400561
2151,6.546350
2152,3.658141
2153,5.716437
2154,4.364466
2155,7.383735
2156,5.990700
2157,7.675498
2158,8.918765
2159,8.039161
2160,6.902721
2161,6.788591
2162,4.823180
2163,7.434473
2164,6.295741
2165,6.477299
2166,4.602342
2167,6.332785
2168,10.556150
2169,8.567818
2170,7.105085
2171,4.749980
2172,3.862111
2173,7.246221
2174,5.029460
2175,3.119688
2176,1.650777
2177,0.350144
2178,0.615680
2179,0.352638
2180,-0.891948
2181,-0.566249
2182,-2.900882
2183,0.018765
2184,-1.131285
2185,-0.748110
2186,0.354857
2187,1.149705
2188,-1.115239
2189,-0.919498
2190,1.240204
2191,-0.641228
2192,0.435169
2193,1.106457
2194,-0.349600
2195,-0.382145
2196,0.658925
2197,1.031609
2198,-0.601848
2199,0.524239
2200,-0.733683
2201,-0.873577
2202,0.334651
2203,-0.045299
2204,0.297551
2205,0.100032
2206,1.022993
2207,0.454728
2208,0.394729
2209,-1.652397
2210,0.034450
2211,0.662134
2212,0.118058
2213,0.513500
2214,0.042655
2215,1.102493
2216,1.267496
2217,0.239183
2218,0.196133
2219,0.980160
2220,0.124695
2221,0.225351
2222,-1.026475
2223,-1.022400
2224,-0.302690
2225,0.070572
2226,0.719034
2227,0.635951
2228,-0.634530
2229,-1.265700
2230,-0.838624
2231,0.664904
2232,-1.144843
2233,-0.186135
2234,-1.035450
2235,-0.149429
2236,0.233152
2237,-0.979568
2238,-0.497294
2239,-0.497755
2240,-1.353019
2241,-0.215919
2242,0.614182
2243,-0.679393
2244,-0.904877
2245,-0.070192
2246,0.743598
2247,0.398249
2248,2.302652
2249,1.133569
2250,-0.878490
2251,-1.305915
2252,0.235281
2253,-2.434562
2254,0.397054
2255,0.419427
2256,1.357044
2257,0.768166
2258,-0.012462
2259,0.068234
2260,-0.404446
2261,0.519854
2262,0.834546
2263,2.253344
2264,0.150697
2265,1.120619
2266,-0.805385
2267,-0.362256
2268,-1.834028
2269,-2.005588
2270,-0.845407
2271,0.524912
2272,-1.185130
2273,1.509870
2274,0.295657
2275,-0.565942
2276,-0.802467
2277,-0.187833
2278,-0.250941
2279,0.794262
2280,1.208586
2281,1.539579
2282,-0.121152
2283,1.311009
2284,0.387139
2285,1.286911
2286,0.377024
2287,1.301074
2288,1.430443
2289,-0.295337
2290,-0.517862
2291,-0.193643
2292,0.148315
2293,-1.104296
2294,0.649244
2295,-0.879408
2296,3.386920
2297,0.486665
2298,0.947262
2299,-0.018881
2300,-0.738883
2301,-0.437159
2302,-0.303532
2303,-0.024707
2304,1.305022
2305,-0.368988
2306,-0.352121
2307,0.488472
2308,1.673085
2309,1.090572
2310,1.935146
2311,1.931304
2312,0.091361
2313,-0.581290
2314,-0.418042
2315,0.978365
2316,0.336515
2317,-0.888725
2318,-0.353823
2319,0.184192
2320,-0.880274
2321,-1.520996
2322,1.018083
2323,-0.311015
2324,-1.469379
2325,-1.201133
2326,-0.121184
2327,1.223394
2328,0.333798
2329,-0.109473
2330,-0.478787
2331,0.786925
2332,-1.428458
2333,-1.307672
2334,-0.023339
2335,0.871686
2336,-0.801767
2337,-0.653361
2338,-0.363316
2339,-0.364014
2340,0.258200
2341,-0.597357
2342,0.040498
2343,-0.089268
2344,-1.105192
2345,-1.097613
2346,-1.120356
2347,-2.057454
2348,-1.833576
2349,0.100382
2350,0.290667
2351,0.566931
2352,0.822568
2353,-0.002454
2354,0.220416
2355,0.536158
2356,-1.230921
2357,-1.962607
2358,-0.441962
2359,-1.014241
2360,0.734177
2361,-0.148085
2362,0.156290
2363,-0.500715
2364,-0.351410
2365,0.107382
2366,1.027359
2367,1.115422
2368,-0.155866
2369,0.779237
2370,-1.041461
2371,-0.916191
2372,0.429580
2373,0.715781
2374,-0.049107
2375,0.128215
2376,1.003709
2377,0.275238
2378,0.081824
2379,-1.429444
2380,0.888721
2381,-0.688885
2382,-0.070629
2383,-0.119791
2384,-1.432225
2385,-0.134586
2386,-0.961377
2387,-2.136228
2388,-0.292445
2389,0.434336
2390,-0.804006
2391,-1.273348
2392,-0.755104
2393,-2.497911
2394,-0.835792
2395,-2.104610
2396,-3.557964
2397,-0.811483
2398,-1.877488
2399,0.583134
2400,-1.743679
2401,-0.708496
2402,-2.097218
2403,-0.165999
2404,0.221542
2405,2.621747
2406,-0.718352
2407,0.494042
2408,1.147761
2409,-1.339739
2410,-1.009286
2411,-0.789770
2412,0.709526
2413,1.591453
2414,-0.041544
2415,0.800439
2416,1.264705
2417,1.781031
2418,0.344445
2419,2.234768
2420,-1.368375
2421,-0.390260
2422,-1.995485
2423,0.375131
2424,-0.160742
2425,0.185431
2426,-2.232598
2427,-0.840184
2428,-0.044467
2429,0.762704
2430,-0.546434
2431,-1.570583
2432,-0.935504
2433,-0.497272
2434,-1.110972
2435,0.724158
2436,-0.315057
2437,0.241941
2438,1.143250
2439,-0.575701
2440,0.271942
2441,-0.416980
2442,1.961915
2443,1.361511
2444,0.432266
2445,1.345512
2446,0.295573
2447,-0.778058
2448,0.063757
2449,0.134443
2450,-1.267930
2451,-0.202201
2452,0.268776
2453,1.397733
2454,0.430041
2455,0.306751
2456,-1.221336
2457,0.184545
2458,-0.152520
2459,-0.876054
2460,1.384359
2461,-0.236820
2462,-0.103520
2463,-0.534522
2464,-1.459553
2465,-0.810990
2466,-0.077341
2467,-0.418864
2468,0.172003
2469,-0.302235
2470,0.394538
2471,1.243174
2472,-2.051379
2473,-0.195243
2474,0.870354
2475,0.507709
2476,-0.751140
2477,-0.610302
2478,-0.686111
2479,-0.561437
2480,2.664313
2481,1.278071
2482,1.030793
2483,0.591397
2484,-0.142320
2485,-0.427992
2486,1.574871
2487,-1.949845
2488,0.576505
2489,0.829959
2490,-0.214102
2491,1.046068
2492,0.625536
2493,0.687100
2494,-0.359327
2495,-1.097351
2496,-0.477518
2497,-1.060927
2498,-0.834761
2499,0.291318
2500,-1.449959
2501,-0.327617
2502,-1.026817
2503,-0.260182
2504,0.200796
2505,-0.188386
2506,0.853858
2507,0.322231
2508,0.342379
2509,1.317794
2510,-1.640919
2511,0.312880
2512,0.662452
2513,-0.662685
2514,0.798568
2515,-0.118267
2516,-0.024023
2517,0.340190
2518,1.647460
2519,0.292519
2520,-1.313753
2521,1.850436
2522,-0.052928
2523,0.404893
2524,-0.177817
2525,0.686022
2526,0.647819
2527,-1.154086
2528,0.527212
2529,0.274514
2530,0.298814
2531,0.013582
2532,-0.655076
2533,0.615082
2534,1.365655
2535,-1.230544
2536,-2.062267
2537,-1.053173
2538,-0.851859
2539,0.689854
2540,0.479149
2541,-1.295861
2542,-0.674855
2543,-0.025696
2544,-1.877952
2545,-2.101235
2546,0.736140
2547,-1.249968
2548,0.535331
2549,-0.379623
2550,0.065709
2551,1.648144
2552,-0.552894
2553,-0.808192
2554,0.395556
2555,0.091190
2556,0.033708
2557,-1.850829
2558,-1.677814
2559,-0.598629
2560,0.025740
2561,0.166901
2562,-0.005743
2563,-0.431827
2564,1.416030
2565,-0.426874
2566,-0.517719
2567,1.637325
2568,-0.675676
2569,0.128343
2570,1.171453
2571,0.154573
2572,-1.083861
2573,-2.116235
2574,-0.738346
2575,0.046569
2576,0.694140
2577,-1.250503
2578,1.471250
2579,2.041982
2580,-0.611005
2581,0.663485
2582,-0.152534
2583,0.336813
2584,-0.899919
2585,1.149187
2586,-0.250411
2587,0.659046
2588,-1.330769
2589,0.519538
2590,0.843227
2591,0.180042
2592,0.343033
2593,-1.779099
2594,0.045875
2595,1.119694
2596,2.130068
2597,3.251344
2598,0.859382
2599,1.179607
2600,-0.917756
2601,-0.557305
2602,0.947652
2603,-0.870832
2604,2.090813
2605,1.311860
2606,0.631847
2607,-1.036150
2608,-0.422192
2609,0.049020
2610,-0.210876
2611,0.154317
2612,0.726639
2613,-1.893758
2614,-0.298373
2615,0.397917
2616,-0.866769
2617,-1.774383
2618,1.650604
2619,0.549727
2620,1.529512
2621,2.095307
2622,0.751783
2623,1.020677
2624,1.223967
2625,-1.080458
2626,-0.537019
2627,-2.110828
2628,-0.109309
2629,-0.143866
2630,0.258560
2631,-2.046740
2632,0.387331
2633,-1.680391
2634,0.784117
2635,1.094512
2636,1.350048
2637,0.290750
2638,-0.425882
2639,0.297378
2640,0.055547
2641,0.697629
2642,2.120982
2643,-0.409215
2644,1.481654
2645,-2.161219
2646,-0.443320
2647,0.039238
2648,0.370475
2649,0.721090
2650,1.601248
2651,0.136208
2652,0.864675
2653,-0.707000
2654,-0.886602
2655,-2.061391
2656,-0.131970
2657,-0.223743
2658,-0.642631
2659,2.516911
2660,1.279354
2661,0.278757
2662,-2.886471
2663,-1.995133
2664,0.193431
2665,0.104287
2666,-0.717173
2667,-1.768050
2668,-0.909491
2669,0.532280
2670,0.225128
2671,0.258447
2672,0.615952
2673,2.240677
2674,1.139386
2675,-0.761130
2676,-0.481207
2677,-0.925293
2678,0.015341
2679,1.108177
2680,1.395835
2681,0.527980
2682,0.286276
2683,-0.314529
2684,-1.019052
2685,0.049026
2686,0.537441
2687,0.034247
2688,0.990631
2689,1.256106
2690,-0.935824
2691,-2.557313
2692,-2.042723
2693,0.117011
2694,1.220791
2695,0.431676
2696,-0.166694
2697,0.682338
2698,-0.989692
2699,-2.397058
2700,-2.725422
2701,-2.185554
2702,0.342613
2703,1.228323
2704,-0.104016
2705,0.907790
2706,0.107988
2707,-0.184854
2708,-0.079324
2709,-0.897104
2710,-0.576866
2711,0.565011
2712,-0.151195
2713,-0.278553
2714,0.425089
2715,-1.042247
2716,-0.249492
2717,0.281866
2718,-0.473485
2719,0.774042
2720,0.338730
2721,0.776588
2722,1.865100
2723,-0.804248
2724,0.525153
2725,0.152859
2726,-0.212290
2727,1.417925
2728,-0.839888
2729,0.012082
2730,0.085811
2731,0.015649
2732,1.222972
2733,0.941960
2734,1.644208
2735,1.633714
2736,1.469428
2737,-3.285129
2738,1.148913
2739,-1.258232
2740,1.639285
2741,1.001596
2742,1.557345
2743,1.749380
2744,-0.917533
2745,-0.727075
2746,-1.834585
2747,0.089328
2748,-2.451603
2749,-1.802262
2750,0.400230
2751,-0.561468
2752,2.012132
2753,0.147413
2754,-0.865459
2755,0.525271
2756,1.630828
2757,0.329033
2758,-0.474887
2759,0.388180
2760,1.730217
2761,-1.045518
2762,0.008024
2763,0.582850
2764,-1.424047
2765,0.136328
2766,1.348707
2767,0.763707
2768,-0.375385
2769,1.591495
2770,-0.356281
2771,0.714873
2772,0.462812
2773,-0.512947
2774,0.502724
2775,0.226399
2776,-1.247742
2777,-1.745370
2778,0.578890
2779,0.023563
2780,-0.912642
2781,-0.208927
2782,1.107747
2783,-0.324800
2784,0.562036
2785,-0.939608
2786,-0.544803
2787,0.045496
2788,1.247922
2789,0.452368
2790,1.743747
2791,1.543034
2792,0.540317
2793,-0.518490
2794,1.470605
2795,-0.335452
2796,1.022116
2797,-0.856711
2798,-2.200947
2799,-0.695838
2800,0.484175
2801,1.242738
2802,1.205949
2803,-0.715754
2804,-1.957245
2805,0.014059
2806,-0.375154
2807,0.228103
2808,-0.429161
2809,-0.350936
2810,-0.129967
2811,-0.811772
2812,0.645393
2813,-2.578780
2814,-0.906400
2815,-3.090068
2816,-1.152331
2817,-1.541520
2818,0.256677
2819,0.998886
2820,-0.552202
2821,-0.729591
2822,-1.359697
2823,0.606751
2824,-0.368044
2825,0.803665
2826,1.468998
2827,1.191970
2828,0.205391
2829,0.119829
2830,1.128569
2831,1.699276
2832,-0.766835
2833,0.101192
2834,-1.950538
2835,-1.324855
2836,-0.804490
2837,-1.593843
2838,-2.357423
2839,-1.039959
2840,1.452051
2841,1.861573
2842,1.344709
2843,1.262491
2844,1.252306
2845,0.378360
2846,0.244360
2847,2.275905
2848,1.979957
2849,1.674932
2850,1.185724
2851,1.046348
2852,-0.634141
2853,-0.230495
2854,-0.718058
2855,0.391178
2856,0.183547
2857,-0.544876
2858,-1.003718
2859,-0.822039
2860,2.433674
2861,1.751341
2862,-0.077377
2863,-0.173632
2864,0.256713
2865,-1.810703
2866,-0.713511
2867,-1.982800
2868,-0.165552
2869,0.686128
2870,0.364179
2871,1.806880
2872,-0.361665
2873,-1.557382
2874,1.701906
2875,0.715599
2876,-0.309547
2877,0.504264
2878,1.214230
2879,-0.463783
2880,-0.077358
2881,-0.847530
2882,-0.273865
2883,2.293638
2884,-0.029198
2885,-0.569265
2886,-0.512994
2887,-1.441901
2888,0.225061
2889,-0.508274
2890,-1.875160
2891,-1.107226
2892,0.569645
2893,0.280212
2894,-1.300870
2895,-0.398969
2896,-0.002179
2897,-1.717064
2898,-0.962605
2899,-0.118535
2900,-0.994110
2901,1.585530
2902,0.954711
2903,-1.113836
2904,0.737844
2905,0.176859
2906,0.796953
2907,0.455142
2908,1.602371
2909,2.805373
2910,1.062277
2911,0.911692
2912,1.286553
2913,0.490148
2914,-0.929461
2915,-0.504356
2916,0.321407
2917,0.554412
2918,0.463461
2919,0.513381
2920,0.916411
2921,1.906712
2922,0.083233
2923,-0.301785
2924,1.235725
2925,-1.567345
2926,0.911970
2927,0.798897
2928,-0.611939
2929,-0.392017
2930,-2.456196
2931,-1.142199
2932,-0.112285
2933,0.337607
2934,-0.904975
2935,1.654695
2936,0.681838
2937,-0.079948
2938,0.035867
2939,-0.851432
2940,-0.708288
2941,-1.343318
2942,-0.813302
2943,0.120790
2944,-0.699653
2945,0.066116
2946,-0.317125
2947,-0.969705
2948,-0.458394
2949,0.435617
2950,0.498454
2951,-1.016873
2952,-1.247915
2953,1.140493
2954,-1.165342
2955,-1.521569
2956,0.402173
2957,-0.178869
2958,-0.218516
2959,-0.377625
2960,0.713770
2961,0.160061
2962,0.000347
2963,-0.092907
2964,0.099206
2965,0.961657
2966,-0.870385
2967,-0.104408
2968,2.167305
2969,1.362430
2970,0.338355
2971,-0.999451
2972,0.967443
2973,-0.376807
2974,-0.109485
2975,-0.452933
2976,-1.199867
2977,0.392960
2978,0.339130
2979,-0.473600
2980,-0.171783
2981,0.013649
2982,-0.243478
2983,1.250010
2984,2.906741
2985,0.862742
2986,-2.357652
2987,-1.028528
2988,0.846314
2989,3.185012
2990,0.716412
2991,1.928804
2992,0.022243
2993,-0.970147
2994,2.189680
2995,-0.593764
2996,-2.468314
2997,-0.706518
2998,0.439535
2999,0.034865
3000,-0.110798
3001,-0.133038
3002,2.010675
3003,-0.035386
3004,-0.523336
3005,-0.005335
3006,1.064030
3007,0.896285
3008,0.935294
3009,0.065112
3010,-0.010826
3011,0.136400
3012,-1.007961
3013,-0.223959
3014,-0.784399
3015,-1.389878
3016,-2.189507
3017,-0.239308
3018,-1.246660
3019,1.037533
3020,-0.695079
3021,0.206191
3022,0.078852
3023,-1.889492
3024,0.790000
3025,-2.389043
3026,-1.030321
3027,0.911648
3028,0.237527
3029,0.523621
3030,0.788893
3031,-0.122976
3032,-1.720975
3033,-1.033759
3034,-1.048352
3035,-1.093195
3036,-2.352938
3037,-1.387041
3038,-0.985508
3039,0.149312
3040,1.248299
3041,-0.364600
3042,-0.455033
3043,-1.832163
3044,0.803940
3045,-0.689827
3046,0.811895
3047,0.264538
3048,-0.335910
3049,0.604355
3050,1.523962
3051,-0.067706
3052,-0.229295
3053,-0.965623
3054,-0.214619
3055,-0.380510
3056,-0.028446
3057,-0.788194
3058,-0.336012
3059,-0.558122
3060,-0.286299
3061,0.910476
3062,0.649852
3063,-0.986220
3064,-0.981954
3065,0.200920
3066,0.443882
3067,0.442958
3068,-0.702230
3069,0.241389
3070,-0.357078
3071,-0.666120
3072,-0.103248
3073,-0.215899
3074,-0.416646
3075,0.371850
3076,-0.469295
3077,0.990185
3078,-0.035106
3079,-0.931210
3080,0.770235
3081,-0.073833
3082,-0.529536
3083,1.305740
3084,-0.358268
3085,-1.521471
3086,1.309296
3087,-1.268398
3088,1.470728
3089,1.807281
3090,1.134009
3091,0.492774
3092,0.671663
3093,-1.395970
3094,-0.054262
3095,-0.693480
3096,-0.065834
3097,-1.350930
3098,0.202457
3099,0.537279
3100,-1.058078
3101,0.589088
3102,0.326527
3103,1.193817
3104,1.771791
3105,0.903985
3106,-0.797507
3107,0.397479
3108,-0.636566
3109,-0.144978
3110,-0.466181
3111,-0.364501
3112,-1.070430
3113,-1.551073
3114,-1.230540
3115,2.333093
3116,0.663142
3117,1.388685
3118,0.090719
3119,1.643972
3120,-0.097637
3121,0.967552
3122,1.841958
3123,1.948828
3124,2.344917
3125,2.085429
3126,1.634812
3127,0.956693
3128,0.025463
3129,-0.343732
3130,1.035725
3131,0.237756
3132,-0.559613
3133,0.270755
3134,-0.789509
3135,-2.771485
3136,-0.026243
3137,-0.509728
3138,0.016201
3139,1.791668
3140,1.203289
3141,0.172551
3142,0.784429
3143,1.284680
3144,1.224106
3145,2.797278
3146,1.929958
3147,0.154652
3148,0.575428
3149,-0.565684
3150,-0.828963
3151,0.138979
3152,-1.002472
3153,0.808953
3154,1.244325
3155,-0.433772
3156,0.555056
3157,2.106277
3158,2.102244
3159,1.086229
3160,0.928934
3161,1.309031
3162,2.075557
3163,1.351586
3164,0.738180
3165,0.592753
3166,0.402366
3167,0.573019
3168,0.798533
3169,0.876046
3170,0.325503
3171,0.666457
3172,-0.497331
3173,-0.143242
3174,-1.161262
3175,-0.414243
3176,-0.211060
3177,-0.073117
3178,-1.110279
3179,-1.890568
3180,-0.861828
3181,0.498856
3182,-1.406242
3183,0.581100
3184,1.309172
3185,-1.690873
3186,0.768035
3187,-1.092542
3188,-1.593829
3189,1.369042
3190,0.894877
3191,1.096468
3192,0.344433
3193,-0.475728
3194,-2.212463
3195,-1.315172
3196,-1.532661
3197,-0.720309
3198,-0.397584
3199,-1.621114
3200,-0.049839
3201,0.063601
3202,-0.758773
3203,0.767468
3204,-0.371986
3205,1.081848
3206,-1.420566
3207,0.924060
3208,-0.488992
3209,-0.018431
3210,1.705778
3211,0.164435
3212,0.295928
3213,-0.060732
3214,1.653025
3215,1.336372
3216,-0.787676
3217,-1.994103
3218,0.802381
3219,1.531888
3220,-0.687721
3221,1.167115
3222,0.641133
3223,-0.478192
3224,-0.450826
3225,0.570864
3226,-0.183829
3227,-0.454827
3228,0.222346
3229,1.338826
3230,-1.184210
3231,1.456977
3232,-0.286886
3233,-1.243524
3234,0.487775
3235,-0.266688
3236,0.867123
3237,1.790164
3238,0.813660
3239,-0.672728
3240,-0.472058
3241,-0.603830
3242,0.217534
3243,-1.918863
3244,0.155262
3245,0.640690
3246,-1.100378
3247,0.786066
3248,1.197243
3249,2.097883
3250,0.049141
3251,-1.337803
3252,-1.835676
3253,0.744892
3254,1.855746
3255,0.102236
3256,-0.739814
3257,0.199083
3258,0.193764
3259,-0.664463
3260,1.447777
3261,0.658494
3262,-1.532137
3263,-1.360510
3264,-0.277728
3265,-0.663384
3266,2.021305
3267,-0.177757
3268,-0.030302
3269,-0.545035
3270,-1.019321
3271,0.735790
3272,0.985469
3273,2.255873
3274,-0.179955
3275,0.069013
3276,0.345383
3277,1.663551
3278,-1.100428
3279,-0.581764
3280,0.906385
3281,1.506143
3282,0.479727
3283,-0.315254
3284,-0.969105
3285,-1.561351
3286,-0.011846
3287,-0.374942
3288,0.606215
3289,0.216551
3290,-1.231358
3291,-0.780793
3292,0.970134
3293,-0.031448
3294,0.780669
3295,1.436902
3296,-0.904682
3297,0.285761
3298,0.256982
3299,-0.082840
3300,0.341908
3301,0.171672
3302,-0.033095
3303,0.639156
3304,-0.713496
3305,0.091080
3306,0.191482
3307,-0.588686
3308,-0.117476
3309,0.428393
3310,-0.536343
3311,-1.793760
3312,-0.277974
3313,-1.402430
3314,-0.478924
3315,-0.376214
3316,-0.072387
3317,1.193398
3318,-0.130198
3319,0.189959
3320,0.906271
3321,-0.327177
3322,0.764607
3323,-0.832743
3324,0.081450
3325,-0.940429
3326,0.638124
3327,0.179134
3328,0.142750
3329,1.127893
3330,-2.500056
3331,-1.707946
3332,-0.756251
3333,0.479572
3334,-1.207320
3335,0.574078
3336,-0.094522
3337,1.285317
3338,0.157383
3339,-0.255209
3340,0.579988
3341,0.968679
3342,-0.714198
3343,-0.526760
3344,-1.508135
3345,-0.202449
3346,-0.506812
3347,-0.508530
3348,-2.263286
3349,-0.063946
3350,-0.541149
3351,-0.199357
3352,-0.252704
3353,-0.558871
3354,-1.597891
3355,0.732893
3356,2.240359
3357,0.739114
3358,-0.800978
3359,0.853735
3360,1.598854
3361,0.740890
3362,-2.129265
3363,-0.749000
3364,0.016692
3365,0.718397
3366,0.414576
3367,-1.706168
3368,-0.434862
3369,0.383557
3370,0.334199
3371,0.227534
3372,-0.066794
3373,1.339535
3374,0.311117
3375,0.312260
3376,-1.159575
3377,0.420910
3378,0.525358
3379,0.463320
3380,0.581620
3381,0.260616
3382,0.705009
3383,0.172680
3384,-0.185788
3385,1.330940
3386,-0.185773
3387,-0.387243
3388,0.248181
3389,-1.323289
3390,-0.530840
3391,1.162760
3392,-1.380471
3393,0.803892
3394,0.921486
3395,-0.294440
3396,-0.052608
3397,-0.529257
3398,-0.705059
3399,-0.882156
3400,-0.837284
3401,0.488086
3402,0.769603
3403,0.560883
3404,1.126649
3405,-0.886638
3406,-1.409069
3407,0.253456
3408,0.738256
3409,0.975572
3410,1.651766
3411,-0.772957
3412,1.274732
3413,0.766468
3414,-0.211745
3415,-1.491131
3416,0.052840
3417,1.642974
3418,-1.312506
3419,0.153444
3420,0.346165
3421,1.027769
3422,-0.669101
3423,0.363778
3424,-0.085487
3425,-0.231470
3426,-0.322731
3427,0.837410
3428,-0.784510
3429,-1.162332
3430,0.317218
3431,0.528731
3432,-2.154187
3433,-2.738821
3434,0.788685
3435,1.031442
3436,0.399811
3437,0.149925
3438,-0.374648
3439,-1.541347
3440,-1.083752
3441,0.420596
3442,0.430997
3443,0.980691
3444,-0.755694
3445,-1.476718
3446,-0.080675
3447,0.905771
3448,1.042710
3449,-0.417305
3450,-0.036153
3451,-1.040167
3452,0.343754
3453,-0.185189
3454,-1.127428
3455,-1.376956
3456,-1.142786
3457,-0.972912
3458,1.130982
3459,-0.481528
3460,-0.135352
3461,0.097152
3462,0.316941
3463,0.175050
3464,0.177772
3465,1.461847
3466,0.199907
3467,0.384860
3468,-0.807139
3469,0.493020
3470,-1.232629
3471,0.062600
3472,-0.003878
3473,-1.198432
3474,-0.165795
3475,-1.482098
3476,1.098458
3477,-0.850284
3478,-0.871152
3479,-0.832083
3480,-0.362155
3481,-1.342651
3482,0.921376
3483,-0.452774
3484,-0.583986
3485,0.259201
3486,0.163413
3487,-0.150509
3488,1.719035
3489,0.093762
3490,0.094473
3491,0.298673
3492,0.246646
3493,0.383268
3494,-0.322046
3495,-0.111776
3496,-0.802960
3497,0.575897
3498,1.321062
3499,-0.713406
3500,0.887199
3501,0.497281
3502,-0.451552
3503,-0.015846
3504,-0.997956
3505,-1.884765
3506,-1.064931
3507,-0.774604
3508,0.449924
3509,0.902287
3510,-0.317874
3511,-0.874267
3512,-1.243205
3513,-1.042054
3514,-0.366807
3515,0.522118
3516,0.031009
3517,-0.018247
3518,-1.316159
3519,0.517850
3520,0.930175
3521,-0.619600
3522,0.650221
3523,0.164826
3524,-1.213577
3525,1.719841
3526,-1.036095
3527,0.820762
3528,-0.635818
3529,0.501256
3530,0.618787
3531,-1.367745
3532,-0.043612
3533,-0.966534
3534,-0.985480
3535,1.423077
3536,0.209526
3537,0.532308
3538,0.457435
3539,-1.115908
3540,-0.816611
3541,-1.116545
3542,-0.621527
3543,-1.148291
3544,1.063435
3545,0.676569
3546,-0.494856
3547,-1.584298
3548,0.924429
3549,1.416807
3550,-0.835682
3551,-1.452818
3552,-0.621729
3553,-0.988213
3554,0.098643
3555,2.535425
3556,3.400959
3557,0.552353
3558,-0.306936
3559,-0.441515
3560,0.366341
3561,0.581166
3562,-1.120877
3563,1.086966
3564,-0.785360
3565,-1.311490
3566,0.055417
3567,0.814569
3568,0.310723
3569,1.255552
3570,0.874536
3571,0.576812
3572,-1.795027
3573,-1.911135
3574,-0.569300
3575,-1.655450
3576,-1.566506
3577,-0.160158
3578,-0.918781
3579,1.730263
3580,-0.141604
3581,-0.442848
3582,-0.987579
3583,-0.433007
3584,-0.197711
3585,-0.455588
3586,0.706627
3587,0.514394
3588,2.141355
3589,1.199459
3590,2.306106
3591,0.252167
3592,1.226889
3593,0.601814
3594,0.020551
3595,0.489451
3596,-1.383238
3597,-0.766465
3598,0.174522
3599,0.846927
3600,-0.162157
3601,-1.684713
3602,-1.016708
3603,-0.080492
3604,-1.644093
3605,-0.247932
3606,-1.052906
3607,-1.691294
3608,0.377357
3609,1.183158
3610,-0.665334
3611,0.866351
3612,0.127941
3613,0.337953
3614,0.441371
3615,0.418229
3616,-2.441086
3617,-1.162175
3618,0.030945
3619,1.313129
3620,1.477026
3621,0.708902
3622,0.342900
3623,2.335838
3624,1.321723
3625,0.459381
3626,0.059284
3627,2.186540
3628,-0.995908
3629,-0.315496
3630,-0.110100
3631,-1.351476
3632,-0.777480
3633,0.670953
3634,2.692550
3635,1.284872
3636,0.215311
3637,1.025409
3638,0.840936
3639,-0.020105
3640,0.404380
3641,0.716196
3642,-0.135707
3643,1.424590
3644,1.510307
3645,1.791214
3646,0.380254
3647,2.117536
3648,0.635908
3649,-0.116131
3650,0.711858
3651,-0.411759
3652,0.604094
3653,-0.842346
3654,-0.210897
3655,0.978087
3656,0.074615
3657,0.482529
3658,0.428682
3659,1.986950
3660,-0.294936
3661,-0.332507
3662,-1.030339
3663,0.960917
3664,-1.226300
3665,0.055707
3666,-2.281985
3667,-1.678680
3668,1.621618
3669,0.880989
3670,0.591567
3671,1.364209
3672,-1.701683
3673,-1.024497
3674,0.765359
3675,-0.680255
3676,-0.529775
3677,-0.281484
3678,-0.479895
3679,-0.727471
3680,0.411510
3681,-0.256771
3682,1.085533
3683,-0.001576
3684,-1.221110
3685,-1.027488
3686,-0.861855
3687,-1.638276
3688,-1.938132
3689,-2.082047
3690,-0.927550
3691,0.084197
3692,0.211016
3693,0.644471
3694,0.546594
3695,1.301787
3696,0.818495
3697,1.963029
3698,-0.054384
3699,0.655831
3700,-0.919338
3701,0.555167
3702,-1.172957
3703,-0.586445
3704,0.029833
3705,0.052173
3706,-2.750064
3707,-0.036434
3708,1.467413
3709,-1.722734
3710,-0.530018
3711,0.453077
3712,0.178478
3713,-0.352714
3714,-0.563773
3715,-1.123838
3716,-0.076066
3717,-2.338091
3718,0.987349
3719,1.001097
3720,0.357910
3721,0.377261
3722,-1.077831
3723,-1.459347
3724,-0.770847
3725,-0.910770
3726,1.430841
3727,0.377775
3728,1.038476
3729,-0.821006
3730,-2.707103
3731,-1.815954
3732,-1.012739
3733,-0.038005
3734,1.762390
3735,1.153595
3736,0.774347
3737,-0.863425
3738,0.454131
3739,0.278824
3740,-1.240670
3741,-0.210999
3742,-1.407347
3743,0.697908
3744,-0.561855
3745,-0.337901
3746,0.810822
3747,-0.365591
3748,-0.453766
3749,0.700330
3750,1.639059
3751,1.348669
3752,-0.818460
3753,-1.314672
3754,-2.308739
3755,-1.154075
3756,1.841337
3757,-0.775233
3758,0.901325
3759,-0.884263
3760,0.764013
3761,0.365672
3762,1.386989
3763,0.778173
3764,1.220079
3765,1.047650
3766,0.004343
3767,0.293157
3768,1.368536
3769,1.668388
3770,0.600349
3771,-0.456426
3772,-1.724700
3773,-1.721058
3774,1.156439
3775,1.511022
3776,-0.603245
3777,-0.907083
3778,-0.555346
3779,-0.961886
3780,0.415350
3781,-1.565682
3782,-1.587701
3783,1.166575
3784,1.503012
3785,1.768835
3786,1.774105
3787,1.123255
3788,-0.107942
3789,1.248401
3790,0.810819
3791,-1.523085
3792,1.422486
3793,0.863506
3794,0.114948
3795,0.792137
3796,0.576077
3797,-0.135711
3798,0.587631
3799,0.581343
3800,1.072967
3801,1.095517
3802,0.564339
3803,-0.652870
3804,-0.073127
3805,1.006382
3806,-0.521489
3807,-0.634729
3808,0.504782
3809,0.456445
3810,-0.228832
3811,1.754625
3812,0.135920
3813,0.402118
3814,1.056376
3815,0.638624
3816,0.436691
3817,-0.163635
3818,0.692671
3819,0.365855
3820,0.475794
3821,1.216134
3822,0.832734
3823,1.194662
3824,0.397844
3825,-0.442538
3826,-0.625507
3827,-0.369693
3828,-1.806869
3829,3.414345
3830,1.512379
3831,-0.663806
3832,0.146595
3833,-1.145203
3834,0.162192
3835,-0.635774
3836,0.419920
3837,-0.179198
3838,-0.725672
3839,-0.691873
3840,-0.580329
3841,-0.234580
3842,1.143492
3843,-0.242511
3844,-0.464657
3845,0.456974
3846,1.657119
3847,-0.634794
3848,-0.572492
3849,0.099019
3850,0.960672
3851,-2.598071
3852,-2.099455
3853,0.170330
3854,1.624222
3855,1.379561
3856,-0.608071
3857,-1.443785
3858,2.187798
3859,0.821195
3860,0.916768
3861,-0.453979
3862,0.107078
3863,0.302080
3864,-2.038902
3865,-0.931583
3866,-1.141912
3867,-0.469951
3868,-0.677089
3869,-0.272131
3870,0.646643
3871,0.274848
3872,0.583710
3873,0.478914
3874,-1.161057
3875,-0.931907
3876,-0.537436
3877,-0.572075
3878,0.559990
3879,-0.651774
3880,-0.689836
3881,-0.856107
3882,-0.085452
3883,1.305870
3884,0.117169
3885,0.163331
3886,0.564918
3887,0.821718
3888,-0.518126
3889,-2.452481
3890,0.882816
3891,-1.013014
3892,0.502222
3893,0.641311
3894,0.172688
3895,0.262154
3896,0.785999
3897,-0.697262
3898,0.329102
3899,1.372856
3900,1.230509
3901,1.261791
3902,-1.275027
3903,-1.105276
3904,-1.224870
3905,-0.713848
3906,-0.797043
3907,-3.658140
3908,0.236883
3909,-0.414618
3910,-1.038617
3911,-1.233826
3912,0.078313
3913,0.350515
3914,-0.232004
3915,-0.142701
3916,-0.761807
3917,-0.698484
3918,1.281816
3919,-1.706694
3920,-0.663801
3921,-0.250418
3922,1.158643
3923,-0.851241
3924,-0.925433
3925,-0.193925
3926,-0.663804
3927,-0.466564
3928,-0.369916
3929,-0.265048
3930,-2.263718
3931,-0.102922
3932,0.937650
3933,-0.591476
3934,1.491850
3935,-0.842476
3936,-0.910861
3937,0.327768
3938,1.730204
3939,0.583518
3940,1.851506
3941,0.274274
3942,-1.170524
3943,-1.066228
3944,-0.376491
3945,0.173170
3946,-1.433625
3947,-0.112886
3948,0.629780
3949,-0.650537
3950,-0.817563
3951,-1.519599
3952,-0.810640
3953,0.081982
3954,-1.895774
3955,-1.354505
3956,-1.738561
3957,1.604692
3958,0.190974
3959,0.280075
3960,1.255149
3961,1.288742
3962,0.888411
3963,0.175731
3964,1.716183
3965,1.521043
3966,0.681895
3967,-0.817951
3968,1.865849
3969,-0.376930
3970,1.185680
3971,0.955908
3972,-0.923127
3973,0.236880
3974,-1.635776
3975,-2.845863
3976,0.638343
3977,-0.386637
3978,-1.253402
3979,0.626696
3980,1.093602
3981,-0.056813
3982,-0.823967
3983,-0.525470
3984,-0.427649
3985,1.551866
3986,-0.395083
3987,2.275454
3988,0.002885
3989,-2.939770
3990,-0.302603
3991,-0.105640
3992,-0.794582
3993,-1.348812
3994,0.213274
3995,-1.094102
3996,0.196741
3997,1.034153
3998,1.074065
3999,0.801497
4000,-1.865252
4001,1.691757
4002,-0.142332
4003,-0.501623
4004,-0.582816
4005,0.985766
4006,1.220284
4007,-2.474261
4008,-1.487475
4009,0.692773
4010,0.709834
4011,-0.714716
4012,-0.017897
4013,-0.990489
4014,1.944781
4015,2.022886
4016,-0.685647
4017,0.548646
4018,-0.381415
4019,0.838642
4020,-2.202247
4021,-1.204398
4022,-0.078725
4023,-2.244421
4024,-0.691926
4025,0.769868
4026,1.010548
4027,-0.329879
4028,-1.328762
4029,-0.226259
4030,0.824214
4031,1.113834
4032,0.592652
4033,-1.508454
4034,1.135789
4035,1.158243
4036,1.426308
4037,-1.269873
4038,0.645870
4039,1.316481
4040,-0.788759
4041,0.321470
4042,0.390900
4043,-0.499691
4044,0.928146
4045,-0.695518
4046,1.733461
4047,0.261491
4048,-0.993442
4049,-0.464293
4050,-0.218523
4051,-1.199558
4052,0.786424
4053,0.631868
4054,-0.861361
4055,0.080650
4056,-0.074394
4057,-1.360453
4058,-0.322825
4059,0.145090
4060,2.093682
4061,0.218781
4062,1.284440
4063,0.215701
4064,-1.079119
4065,-0.238953
4066,1.050096
4067,0.724833
4068,1.261992
4069,-0.001165
4070,0.354741
4071,-1.668820
4072,-2.071618
4073,-0.991588
4074,-0.626436
4075,-1.191600
4076,-2.315726
4077,-1.597610
4078,0.172783
4079,-0.446004
4080,0.320839
4081,-0.487996
4082,0.589976
4083,-0.134206
4084,0.369958
4085,0.972183
4086,0.158648
4087,0.368841
4088,-2.213207
4089,-0.344885
4090,0.258749
4091,0.470600
4092,1.324626
4093,1.170820
4094,0.327673
4095,1.332816
4096,-0.436675
4097,0.936429
4098,-1.070946
4099,-1.512186
4100,1.712426
4101,-1.285589
4102,-0.664661
4103,-1.084030
4104,-0.600390
4105,-0.291322
4106,0.737041
4107,0.520735
4108,1.692392
4109,0.363419
4110,1.057681
4111,0.071144
4112,1.033934
4113,1.144584
4114,-0.168047
4115,-1.195271
4116,-0.880737
4117,0.528013
4118,-0.198009
4119,0.903921
4120,-0.255006
4121,1.046964
4122,0.182812
4123,-0.949003
4124,0.084664
4125,0.378594
4126,1.185069
4127,-0.698303
4128,-0.780088
4129,-0.382377
4130,-0.638076
4131,-0.229137
4132,-1.264648
4133,0.283694
4134,-1.111789
4135,-0.376676
4136,1.644141
4137,0.673480
4138,0.331442
4139,1.407901
4140,-0.971744
4141,-0.489551
4142,-0.693415
4143,-0.899221
4144,0.719994
4145,-0.460875
4146,2.922229
4147,-0.049896
4148,-0.716897
4149,-0.637865
4150,0.099721
4151,-0.460733
4152,0.257507
4153,-1.180817
4154,-1.888698
4155,0.087148
4156,0.823891
4157,0.333351
4158,1.336518
4159,-0.976864
4160,-1.943812
4161,-0.826528
4162,0.616967
4163,-0.273981
4164,0.151435
4165,0.610102
4166,-0.832466
4167,-1.923544
4168,-2.483359
4169,-0.982019
4170,-0.959766
4171,0.897005
4172,-1.558929
4173,-2.022645
4174,2.175407
4175,-0.628384
4176,0.087728
4177,-0.396506
4178,-2.404170
4179,0.729127
4180,1.632620
4181,0.230869
4182,0.455560
4183,0.047700
4184,0.994719
4185,0.324357
4186,-1.023234
4187,2.941947
4188,-0.076743
4189,0.020471
4190,-1.490490
4191,-2.103308
4192,-0.427054
4193,1.307047
4194,0.450357
4195,-0.079238
4196,-0.698534
4197,0.105766
4198,2.069494
4199,0.013659
4200,0.270065
4201,0.123220
4202,2.078898
4203,0.808805
4204,1.165269
4205,1.243804
4206,2.009796
4207,0.121404
4208,0.319368
4209,-0.128691
4210,-3.359870
4211,-0.162555
4212,-0.051241
4213,0.539965
4214,-0.109128
4215,1.457351
4216,0.993635
4217,-0.124432
4218,-1.957825
4219,-0.082970
4220,-1.163628
4221,-1.573166
4222,-2.515086
4223,0.116104
4224,-1.574236
4225,-2.229384
4226,-0.648016
4227,1.618946
4228,-2.215637
4229,0.211229
4230,-0.752296
4231,0.455001
4232,1.296606
4233,-0.730906
4234,-0.293781
4235,0.285101
4236,-1.927054
4237,-1.426707
4238,-0.795517
4239,0.476695
4240,-0.516753
4241,0.690700
4242,-0.718598
4243,-0.818419
4244,-0.498236
4245,-0.248261
4246,-0.493670
4247,-0.697799
4248,-1.077175
4249,-0.017588
4250,-0.447007
4251,0.558972
4252,1.402028
4253,2.509705
4254,0.374779
4255,-0.165630
4256,-1.377320
4257,-0.159460
4258,-2.513914
4259,1.128334
4260,1.382177
4261,-0.911929
4262,0.714697
4263,1.945745
4264,0.242129
4265,1.180516
4266,1.841456
4267,-0.768640
4268,-1.111945
4269,-1.377301
4270,0.532833
4271,0.075102
4272,-0.044742
4273,0.099055
4274,-1.003653
4275,-1.039949
4276,-0.767239
4277,-0.625962
4278,-0.656280
4279,-1.528600
4280,1.093715
4281,1.496780
4282,-1.238659
4283,0.260561
4284,-0.295607
4285,-0.365674
4286,-0.692834
4287,0.108951
4288,0.366870
4289,-0.157201
4290,1.615879
4291,1.223718
4292,-1.516893
4293,0.732438
4294,1.743569
4295,-0.151851
4296,-0.962037
4297,1.360824
4298,2.164655
4299,-1.458506
4300,-0.858618
4301,-0.839255
4302,1.492879
4303,0.423622
4304,-0.352168
4305,-0.984584
4306,0.030901
4307,1.096431
4308,1.168463
4309,-1.553488
4310,0.209031
4311,0.004865
4312,1.680384
4313,-1.222857
4314,-0.073762
4315,1.240332
4316,-1.346218
4317,-0.829124
4318,-0.385257
4319,0.161736
4320,-0.229474
4321,0.130550
4322,0.674661
4323,-1.059258
4324,-0.051441
4325,-0.986101
4326,-0.085478
4327,-1.403430
4328,0.000657
4329,-1.229050
4330,0.239979
4331,1.262699
4332,-1.875433
4333,-0.023989
4334,0.918916
4335,-0.510201
4336,0.888606
4337,-0.538686
4338,-1.772591
4339,-1.882585
4340,-1.366552
4341,-1.240245
4342,2.075107
4343,-0.229514
4344,-0.047913
4345,0.864793
4346,1.019465
4347,1.238144
4348,0.962990
4349,0.319485
4350,0.689462
4351,0.821071
4352,1.125253
4353,2.287037
4354,0.804143
4355,-0.168947
4356,-0.491078
4357,-0.247801
4358,-1.250464
4359,-0.896657
4360,1.074212
4361,-0.950823
4362,-1.344802
4363,-1.791135
4364,-1.872510
4365,-1.152664
4366,-1.126684
4367,1.665050
4368,0.806863
4369,0.946095
4370,1.123948
4371,0.007014
4372,0.770782
4373,0.098300
4374,-1.247174
4375,0.237792
4376,1.896526
4377,-0.663331
4378,-0.958330
4379,-1.153129
4380,-1.690388
4381,0.046185
4382,-1.428209
4383,-1.651177
4384,0.420159
4385,-1.174670
4386,0.798957
4387,0.961268
4388,1.184232
4389,0.602397
4390,-0.616019
4391,-2.037073
4392,-1.523766
4393,-1.197802
4394,0.353345
4395,0.680920
4396,-1.553473
4397,-0.919227
4398,-0.175220
4399,0.329622
4400,1.560153
4401,1.373776
4402,-0.265444
4403,0.343270
4404,0.727040
4405,1.232175
4406,0.815971
4407,0.367807
4408,0.038872
4409,-1.532873
4410,-1.202747
4411,0.216771
4412,-0.107410
4413,1.338244
4414,0.945851
4415,1.362290
4416,1.448543
4417,-1.125674
4418,0.621607
4419,1.516348
4420,-0.217011
4421,0.055446
4422,0.542066
4423,0.340450
4424,-1.218581
4425,-1.715962
4426,-1.893509
4427,-1.031539
4428,0.111268
4429,-0.251870
4430,-1.967894
4431,0.610091
4432,0.641560
4433,1.616385
4434,0.360076
4435,-1.183178
4436,-0.224851
4437,0.002892
4438,-0.602322
4439,0.121473
4440,0.205844
4441,0.078600
4442,0.186891
4443,0.243772
4444,0.204279
4445,-0.813020
4446,-2.209676
4447,-0.222844
4448,1.214912
4449,-0.608445
4450,0.601896
4451,-0.994420
4452,-0.571146
4453,0.853235
4454,1.115761
4455,1.410178
4456,-0.078287
4457,1.331204
4458,1.196385
4459,1.498669
4460,0.119616
4461,-1.706357
4462,-1.500984
4463,-0.434072
4464,1.795787
4465,-1.120181
4466,-1.360098
4467,-0.933489
4468,1.034160
4469,0.485417
4470,1.114009
4471,0.955550
4472,1.104504
4473,-1.339585
4474,-0.996979
4475,1.492346
4476,-2.297952
4477,0.542766
4478,1.511322
4479,-0.760930
4480,-1.497184
4481,-0.614617
4482,0.365077
4483,-0.551947
4484,0.208659
4485,0.927298
4486,0.027694
4487,-0.656428
4488,-0.760561
4489,-0.083157
4490,-1.065637
4491,0.509312
4492,0.895600
4493,0.058933
4494,2.191150
4495,1.281417
4496,2.179675
4497,0.682347
4498,-0.892427
4499,-0.595783
4500,0.697764
4501,2.060181
4502,-0.609762
4503,-1.846806
4504,-0.496268
4505,-0.315473
4506,1.372105
4507,1.107145
4508,0.144469
4509,-0.155980
4510,-0.834910
4511,-0.100438
4512,-0.997931
4513,-2.061341
4514,-0.041401
4515,-0.432568
4516,0.468809
4517,-0.902111
4518,-1.718239
4519,-0.443786
4520,1.006011
4521,0.657240
4522,-1.672063
4523,-0.027049
4524,-1.116250
4525,1.683058
4526,0.513917
4527,-0.230019
4528,-0.550926
4529,-0.708455
4530,-1.294945
4531,-0.246936
4532,-2.077086
4533,-0.981647
4534,-0.079074
4535,0.561137
4536,0.277139
4537,0.635494
4538,0.430003
4539,-0.317181
4540,-1.714124
4541,-1.449564
4542,-0.756971
4543,-1.587297
4544,-0.103272
4545,0.571801
4546,3.394463
4547,2.242363
4548,0.497219
4549,-1.405466
4550,-0.194990
4551,0.856114
4552,1.671257
4553,0.062354
4554,0.503821
4555,-1.298884
4556,-0.529232
4557,-1.002404
4558,-1.372568
4559,-2.393317
4560,-0.505512
4561,0.456082
4562,-1.124411
4563,0.624980
4564,0.069098
4565,0.995859
4566,-0.584143
4567,-2.173201
4568,1.054112
4569,0.571998
4570,0.451305
4571,1.202815
4572,0.290805
4573,0.481532
4574,-0.957075
4575,-0.208897
4576,-0.100349
4577,0.925020
4578,1.119556
4579,-0.048515
4580,0.871261
4581,1.396792
4582,0.133969
4583,0.007595
4584,-0.535008
4585,0.033669
4586,-0.624980
4587,-0.280971
4588,0.609704
4589,1.083659
4590,0.942778
4591,-0.004294
4592,0.725731
4593,-1.476852
4594,0.161906
4595,0.619112
4596,1.495632
4597,1.922324
4598,2.057735
4599,1.442028
4600,-0.738374
4601,-0.946082
4602,-0.911234
4603,-1.582430
4604,-0.735071
4605,0.515970
4606,-0.496060
4607,-0.631183
4608,-0.166071
4609,0.284337
4610,-0.077681
4611,1.392189
4612,1.372058
4613,0.302409
4614,1.195034
4615,-0.607844
4616,0.546620
4617,1.681247
4618,0.165504
4619,-0.811605
4620,1.493634
4621,0.728289
4622,-0.261435
4623,0.786351
4624,-0.666281
4625,-1.574593
4626,-0.990394
4627,0.355944
4628,0.636412
4629,1.436712
4630,-0.712945
4631,-1.035063
4632,0.052973
4633,0.944733
4634,0.650771
4635,-0.294263
4636,0.587990
4637,0.799563
4638,0.715849
4639,0.296259
4640,1.065892
4641,1.270053
4642,-0.222016
4643,0.358522
4644,0.639046
4645,1.364360
4646,-1.284035
4647,-1.540268
4648,0.546836
4649,0.044904
4650,-1.094373
4651,-0.388215
4652,1.682758
4653,1.538236
4654,-1.187834
4655,-2.073810
4656,-1.323794
4657,1.965325
4658,0.578550
4659,1.904188
4660,0.947357
4661,-0.572358
4662,-0.663087
4663,-1.348579
4664,-1.297568
4665,-0.346861
4666,-0.238901
4667,0.678051
4668,0.451168
4669,1.186612
4670,0.534431
4671,-0.594492
4672,-0.661622
4673,-3.016488
4674,-1.972446
4675,-1.158062
4676,-0.291354
4677,-1.513551
4678,-0.491484
4679,0.904340
4680,-0.559339
4681,0.196018
4682,-1.806430
4683,-0.624121
4684,0.501923
4685,1.625678
4686,-0.502794
4687,-0.902707
4688,1.047374
4689,0.189295
4690,0.358917
4691,-1.763785
4692,-0.860859
4693,-1.093020
4694,-0.399643
4695,-0.701264
4696,-0.239251
4697,-0.645724
4698,0.903262
4699,-0.666583
4700,-0.150910
4701,2.054728
4702,1.312052
4703,0.140443
4704,-0.156990
4705,-1.283968
4706,-2.327297
4707,-2.358200
4708,-0.033236
4709,0.801690
4710,-0.069921
4711,0.035432
4712,2.062999
4713,1.835722
4714,0.020294
4715,-0.647047
4716,0.731440
4717,-1.510809
4718,0.012770
4719,-0.272934
4720,-0.083525
4721,-0.535067
4722,-0.609484
4723,1.606629
4724,1.043987
4725,-0.566252
4726,-0.290435
4727,0.093815
4728,0.260188
4729,0.483025
4730,0.170948
4731,1.541718
4732,0.334369
4733,-0.098967
4734,-2.153215
4735,-0.700697
4736,-0.433027
4737,-0.606312
4738,2.485635
4739,1.122190
4740,1.490364
4741,-0.896401
4742,-0.265149
4743,0.189861
4744,-2.040478
4745,0.682952
4746,0.787165
4747,0.283655
4748,-0.377145
4749,-1.226569
4750,1.154139
4751,-0.311549
4752,-1.792382
4753,-0.509978
4754,-0.695322
4755,0.452932
4756,-1.137371
4757,-1.093267
4758,0.111912
4759,-1.918399
4760,-0.480670
4761,-0.049889
4762,-0.005991
4763,-0.118006
4764,0.090980
4765,0.415837
4766,-0.137971
4767,-1.173039
4768,-0.096550
4769,0.676640
4770,1.189139
4771,-0.773741
4772,0.414957
4773,0.355631
4774,0.006362
4775,-2.367601
4776,-0.772062
4777,0.817915
4778,0.687106
4779,0.394109
4780,-0.032586
4781,-0.975231
4782,1.257293
4783,0.443018
4784,-1.160727
4785,-0.591073
4786,-0.252720
4787,-1.472783
4788,0.525662
4789,-1.073005
4790,0.111675
4791,-0.005121
4792,0.392081
4793,0.946999
4794,0.410326
4795,-0.216720
4796,-1.169515
4797,0.742964
4798,0.309858
4799,0.524100
4800,-0.425528
4801,-1.015497
4802,-1.280831
4803,-1.118943
4804,0.139253
4805,-0.297838
4806,1.459597
4807,-0.324706
4808,0.285372
4809,-0.091336
4810,1.772114
4811,-0.513089
4812,0.174937
4813,0.713250
4814,-0.001815
4815,-0.793831
4816,-2.685009
4817,0.427959
4818,0.117501
4819,-0.191793
4820,0.184295
4821,0.493741
4822,0.519302
4823,-1.311440
4824,-0.539725
4825,-0.496380
4826,0.198458
4827,-1.003529
4828,0.705495
4829,0.227494
4830,-0.782906
4831,0.023830
4832,-0.557384
4833,0.283127
4834,0.812026
4835,-0.015904
4836,-0.370136
4837,0.686535
4838,-1.113297
4839,0.862603
4840,0.144255
4841,0.221107
4842,0.305148
4843,-0.564432
4844,1.060309
4845,0.538613
4846,-0.527932
4847,0.101442
4848,-0.235301
4849,0.285687
4850,1.851898
4851,0.339195
4852,-1.672600
4853,-0.142172
4854,0.973445
4855,-0.062746
4856,0.901808
4857,0.005008
4858,-0.498226
4859,0.885641
4860,0.732560
4861,2.581921
4862,-0.043841
4863,0.098915
4864,-0.037182
4865,0.045566
4866,-0.170217
4867,1.382640
4868,0.714166
4869,-0.206429
4870,0.537998
4871,-0.253780
4872,-0.941360
4873,0.477710
4874,-2.371250
4875,-1.654739
4876,0.127826
4877,-0.606041
4878,-2.209352
4879,0.025962
4880,-0.045030
4881,0.476922
4882,0.549317
4883,2.486077
4884,1.476789
4885,0.684221
4886,0.211331
4887,0.211126
4888,0.944619
4889,0.820194
4890,-0.893774
4891,0.532758
4892,-1.017757
4893,-0.834694
4894,1.437148
4895,-1.479426
4896,-1.168107
4897,-0.697550
4898,-0.785046
4899,-0.683124
4900,0.797106
4901,0.301466
4902,-0.978591
4903,0.496026
4904,0.537861
4905,0.229641
4906,0.171473
4907,-1.177226
4908,-1.832289
4909,-0.442883
4910,-0.975460
4911,0.378165
4912,0.058550
4913,-1.105310
4914,-0.666516
4915,-2.281224
4916,-0.000891
4917,-0.645853
4918,-2.927713
4919,-0.137720
4920,-0.451882
4921,-1.457328
4922,-0.231673
4923,-0.148296
4924,-0.205243
4925,-0.042305
4926,1.553498
4927,-0.530933
4928,-0.885246
4929,0.218682
4930,1.159627
4931,1.354650
4932,0.820305
4933,0.258680
4934,0.016269
4935,-0.922214
4936,-0.989301
4937,0.647021
4938,0.786438
4939,0.998002
4940,0.795792
4941,0.705900
4942,2.030248
4943,1.289759
4944,-0.219271
4945,0.607414
4946,0.318332
4947,-0.429528
4948,-1.394098
4949,-0.710884
4950,-1.236559
4951,0.637105
4952,1.942169
4953,0.946053
4954,0.640498
4955,-1.356766
4956,-1.628700
4957,-1.197872
4958,-0.726113
4959,-1.263694
4960,-1.386060
4961,-0.109650
4962,-0.359499
4963,-0.071713
4964,1.150392
4965,-0.496997
4966,0.655853
4967,-2.022836
4968,-0.336616
4969,-0.469454
4970,1.003413
4971,-1.335180
4972,-0.780179
4973,0.462404
4974,-1.560600
4975,-1.667562
4976,-0.601352
4977,-0.097670
4978,1.997311
4979,2.572256
4980,1.356726
4981,0.911671
4982,-0.448431
4983,-0.407519
4984,-1.765244
4985,0.962321
4986,0.143069
4987,0.727133
4988,-0.905785
4989,0.639058
4990,1.609819
4991,0.396157
4992,0.354468
4993,1.269836
4994,-0.441572
4995,0.245170
4996,-0.361921
4997,0.716226
4998,1.187985
4999,0.853436
5000,-1.313299
5001,-0.805621
5002,-0.372302
5003,-1.391346
5004,-1.974143
5005,-2.136255
5006,-1.142853
5007,-0.253442
5008,0.118297
5009,-0.511133
5010,-0.838940
5011,-0.678484
5012,-1.868575
5013,0.046153
5014,-0.194620
5015,0.736710
5016,-0.736328
5017,-1.143336
5018,-0.808105
5019,1.344028
5020,-0.571261
5021,0.479447
5022,1.390270
5023,0.515599
5024,0.049619
5025,0.234135
5026,-0.270359
5027,-0.716275
5028,-0.694047
5029,0.946605
5030,0.394547
5031,-1.656535
5032,-0.584977
5033,-2.158003
5034,-1.638462
5035,1.655653
5036,0.619725
5037,-0.534320
5038,0.089404
5039,-0.121937
5040,0.038814
5041,-0.297115
5042,-0.376892
5043,-0.554778
5044,-0.521185
5045,-0.257408
5046,0.482711
5047,0.368748
5048,-0.544464
5049,-1.134378
5050,-0.508450
5051,-0.237149
5052,-1.147141
5053,0.604412
5054,0.875356
5055,0.873062
5056,0.234319
5057,-0.620191
5058,-0.847153
5059,-2.322741
5060,-2.152611
5061,-1.478291
5062,-0.731725
5063,0.349352
5064,1.995035
5065,1.396481
5066,-0.865209
5067,-0.909855
5068,-2.212443
5069,-1.157586
5070,-1.061680
5071,0.631665
5072,-0.091927
5073,-0.991280
5074,-0.157618
5075,-0.846411
5076,-0.833639
5077,-0.554089
5078,-0.249957
5079,-0.641179
5080,-1.410128
5081,-0.010357
5082,0.814754
5083,-1.029690
5084,0.160111
5085,1.295786
5086,-2.470835
5087,-0.585591
5088,-1.237411
5089,-0.453346
5090,0.750880
5091,-0.363581
5092,-0.437977
5093,1.567390
5094,1.084325
5095,0.090703
5096,-0.366178
5097,-0.695973
5098,0.150557
5099,0.851248
5100,0.028139
5101,-1.834440
5102,0.052737
5103,-2.236933
5104,-0.073662
5105,-1.365036
5106,-0.140308
5107,-0.669968
5108,1.028770
5109,-0.305114
5110,1.197054
5111,2.074434
5112,0.262499
5113,0.918616
5114,-1.715544
5115,-0.429403
5116,0.677158
5117,-0.304422
5118,-0.499600
5119,-0.267900
5120,1.369445
5121,1.340848
5122,0.781569
5123,1.033622
5124,0.376687
5125,-0.789457
5126,0.483253
5127,-0.314628
5128,1.099298
5129,-1.166745
5130,-0.984266
5131,0.870266
5132,-0.937225
5133,-0.080732
5134,-0.607324
5135,-0.487192
5136,0.854945
5137,1.891278
5138,1.471255
5139,0.509585
5140,0.941089
5141,1.939798
5142,1.137644
5143,0.074768
5144,-1.279131
5145,-0.949904
5146,0.095419
5147,0.198511
5148,-0.392464
5149,-0.525331
5150,-0.177343
5151,-0.355462
5152,0.080949
5153,0.101794
5154,-1.194826
5155,-0.098165
5156,-0.337723
5157,-0.410088
5158,-1.133394
5159,-0.523794
5160,1.475584
5161,0.301852
5162,1.830969
5163,1.135739
5164,0.248366
5165,0.722581
5166,2.104158
5167,-1.901971
5168,-0.536733
5169,0.720850
5170,-1.444564
5171,-0.149272
5172,-1.570176
5173,-1.069214
5174,0.622619
5175,-1.279407
5176,-1.241216
5177,-0.429381
5178,-1.087200
5179,-1.401485
5180,1.603214
5181,1.546051
5182,1.614426
5183,0.494514
5184,-0.212874
5185,-0.610246
5186,1.488188
5187,1.234919
5188,1.262913
5189,-0.771747
5190,1.303057
5191,0.650601
5192,0.488366
5193,0.923210
5194,-0.674102
5195,-0.275733
5196,-0.105201
5197,0.773803
5198,0.417642
5199,-0.108204
5200,0.400145
5201,-0.070762
5202,-0.846628
5203,0.635293
5204,0.034400
5205,-1.660353
5206,-0.425525
5207,1.099922
5208,1.130607
5209,1.632134
5210,0.177952
5211,-1.374471
5212,-0.269172
5213,0.211469
5214,1.359491
5215,-0.998950
5216,-2.629760
5217,-3.220637
5218,-0.155465
5219,-0.803481
5220,-0.043937
5221,-1.097918
5222,0.047426
5223,0.121922
5224,0.637225
5225,0.511559
5226,-1.676564
5227,-1.096784
5228,0.292273
5229,-0.301962
5230,-0.393501
5231,-0.263290
5232,0.618357
5233,0.879915
5234,-0.244359
5235,0.616871
5236,0.021026
5237,1.573615
5238,1.997089
5239,-1.516370
5240,-0.073160
5241,0.166923
5242,0.043163
5243,0.034441
5244,1.137438
5245,-0.289953
5246,1.032149
5247,1.085544
5248,0.222734
5249,1.503407
5250,-0.088529
5251,0.444528
5252,1.008153
5253,1.994296
5254,-1.262016
5255,-1.248645
5256,-1.052271
5257,-2.433446
5258,-1.281489
5259,0.470379
5260,-1.122484
5261,0.269583
5262,-0.172026
5263,1.146066
5264,1.029046
5265,-0.486539
5266,-0.476061
5267,-1.421335
5268,-0.672611
5269,0.876206
5270,-0.467234
5271,-1.038721
5272,-0.817842
5273,0.096143
5274,-0.111627
5275,0.669984
5276,1.383303
5277,0.813351
5278,0.105674
5279,-1.245050
5280,1.218863
5281,0.457122
5282,0.496164
5283,0.703023
5284,-0.655081
5285,-0.060110
5286,-0.742078
5287,-1.243655
5288,0.762442
5289,0.268645
5290,-0.672075
5291,0.730767
5292,-1.953387
5293,0.700794
5294,-2.413557
5295,-2.109869
5296,-1.163579
5297,-0.311156
5298,-1.542234
5299,-0.376977
5300,0.698660
5301,2.034001
5302,1.210166
5303,1.703572
5304,2.843828
5305,0.137119
5306,0.383917
5307,0.295492
5308,-0.292967
5309,-0.267042
5310,-0.275569
5311,-1.344115
5312,-1.796216
5313,-1.106900
5314,-1.677394
5315,1.121921
5316,0.268338
5317,-0.989879
5318,1.296949
5319,-0.176465
5320,-1.031901
5321,-1.268997
5322,0.904244
5323,-0.851688
5324,-0.695911
5325,-0.351905
5326,-1.985462
5327,-0.120199
5328,0.493094
5329,2.014175
5330,1.438033
5331,0.662136
5332,-1.265010
5333,0.846987
5334,0.472135
5335,0.128293
5336,0.832583
5337,0.859375
5338,0.466862
5339,0.491790
5340,-1.095331
5341,-0.822176
5342,-1.565088
5343,-0.875735
5344,0.065877
5345,0.884295
5346,-0.556606
5347,0.494424
5348,-1.222980
5349,-0.175199
5350,-0.891502
5351,-0.616007
5352,1.436489
5353,-0.744589
5354,-0.811705
5355,-0.535454
5356,0.654654
5357,-0.663567
5358,-0.253743
5359,0.477960
5360,0.296538
5361,0.473097
5362,-0.893512
5363,0.679760
5364,0.996049
5365,1.230586
5366,0.275980
5367,0.476293
5368,0.708754
5369,0.690563
5370,0.127376
5371,0.744347
5372,-0.404372
5373,0.611913
5374,1.363545
5375,0.471277
5376,0.801471
5377,1.238902
5378,1.646488
5379,-0.105148
5380,-0.132389
5381,-1.049564
5382,0.867848
5383,-0.873702
5384,0.327198
5385,1.081078
5386,1.458627
5387,-0.768139
5388,-0.335544
5389,-0.106761
5390,0.437053
5391,2.848229
5392,1.258708
5393,-0.074724
5394,-0.291914
5395,-0.310632
5396,0.370215
5397,0.686651
5398,0.007699
5399,-0.330414
5400,-0.306815
5401,0.050895
5402,-0.883290
5403,1.067744
5404,0.534786
5405,-0.406541
5406,-0.322760
5407,0.324467
5408,0.123941
5409,-1.244999
5410,0.798973
5411,1.140246
5412,0.393997
5413,0.456119
5414,-1.095144
5415,1.582460
5416,0.599989
5417,-1.425060
5418,1.104688
5419,0.386249
5420,-0.510834
5421,0.029216
5422,1.755368
5423,-0.107847
5424,0.702309
5425,1.030340
5426,-0.931012
5427,-0.070230
5428,-0.562263
5429,0.668279
5430,2.046430
5431,0.648213
5432,-0.415798
5433,0.101648
5434,-0.244061
5435,0.787215
5436,-0.196844
5437,-0.881526
5438,-0.029986
5439,0.687150
5440,2.407745
5441,0.587865
5442,0.149118
5443,1.033217
5444,1.187747
5445,0.364572
5446,0.216281
5447,1.046340
5448,0.961850
5449,0.670447
5450,0.303238
5451,0.698324
5452,1.534031
5453,1.288832
5454,0.117248
5455,1.980140
5456,0.222402
5457,-1.140412
5458,-0.197157
5459,-0.251855
5460,-0.014074
5461,-1.328648
5462,-0.692405
5463,-1.076106
5464,-1.617801
5465,-1.606437
5466,0.991766
5467,-0.255906
5468,-1.533085
5469,-1.250267
5470,0.534549
5471,1.053041
5472,0.327772
5473,0.317019
5474,-0.114441
5475,-1.435854
5476,0.187599
5477,-0.218297
5478,1.027833
5479,1.700489
5480,0.534085
5481,-0.429757
5482,-0.423957
5483,0.668572
5484,1.173991
5485,0.508111
5486,1.393619
5487,-0.192911
5488,1.090101
5489,0.723758
5490,-0.286379
5491,-0.187988
5492,-0.873197
5493,0.055637
5494,-0.278934
5495,-0.983880
5496,-0.358249
5497,0.826703
5498,-0.162409
5499,0.179392
5500,-0.187537
5501,-1.573486
5502,0.814394
5503,1.307779
5504,-0.752656
5505,-1.084025
5506,-1.170160
5507,-0.463452
5508,-1.452719
5509,0.622143
5510,-1.194899
5511,-1.651922
5512,0.643830
5513,-0.642297
5514,-0.041562
5515,-0.391555
5516,0.906405
5517,-0.629137
5518,0.617539
5519,0.217638
5520,-1.649407
5521,2.087724
5522,-1.050899
5523,0.371939
5524,1.142294
5525,1.080698
5526,-0.784973
5527,-0.648540
5528,-1.430073
5529,-1.252207
5530,0.776768
5531,0.489133
5532,-0.510478
5533,-1.111049
5534,-0.633585
5535,-0.901298
5536,-0.254060
5537,-1.194342
5538,-0.410170
5539,0.021281
5540,-0.383734
5541,0.600813
5542,0.063281
5543,-0.317969
5544,-0.090361
5545,0.416711
5546,1.368851
5547,-0.471635
5548,0.225212
5549,1.113964
5550,1.111258
5551,0.265845
5552,-0.209410
5553,-0.788491
5554,-1.311912
5555,-0.432264
5556,0.404111
5557,0.907194
5558,-1.000494
5559,-0.394197
5560,0.406865
5561,0.978789
5562,0.741337
5563,0.180928
5564,-1.347118
5565,1.180507
5566,-0.168381
5567,0.564552
5568,0.976134
5569,-0.279886
5570,-0.068370
5571,1.475712
5572,0.590420
5573,0.601319
5574,-1.575753
5575,-1.146288
5576,0.701225
5577,0.260805
5578,1.324514
5579,-0.182524
5580,-1.859567
5581,-0.519231
5582,0.042623
5583,0.483394
5584,0.674857
5585,0.493554
5586,0.130459
5587,1.529786
5588,1.030850
5589,0.319398
5590,-0.999205
5591,0.963133
5592,0.690864
5593,-2.057830
5594,-0.354671
5595,-1.468187
5596,1.793066
5597,-1.155242
5598,-0.885807
5599,-0.140886
5600,-0.974284
5601,0.029178
5602,-0.339212
5603,-1.244061
5604,0.993496
5605,0.308265
5606,0.936644
5607,-1.940381
5608,-2.597196
5609,-1.036843
5610,-1.038474
5611,0.048440
5612,0.006610
5613,-0.613856
5614,-0.185918
5615,-0.974044
5616,0.347108
5617,2.234637
5618,-0.264929
5619,0.815999
5620,-0.189511
5621,0.721192
5622,-0.062176
5623,1.535460
5624,0.018061
5625,0.922755
5626,1.850891
5627,0.367573
5628,-0.378763
5629,1.333352
5630,0.660019
5631,-1.028545
5632,-1.048802
5633,-1.051389
5634,-1.285458
5635,-1.350623
5636,-1.464116
5637,0.246173
5638,0.604876
5639,1.257822
5640,-0.459952
5641,-0.683183
5642,-0.269341
5643,-0.181433
5644,-1.834830
5645,0.120050
5646,-0.359894
5647,0.163224
5648,0.514185
5649,-1.653593
5650,-1.414927
5651,0.929856
5652,-1.206681
5653,-1.298581
5654,1.001046
5655,-0.946072
5656,0.295828
5657,0.757791
5658,-0.503189
5659,0.204669
5660,0.648559
5661,0.950082
5662,-0.645411
5663,-1.786493
5664,0.730878
5665,0.550875
5666,0.790590
5667,1.194353
5668,0.862767
5669,-1.053697
5670,-0.154801
5671,0.277582
5672,-0.031564
5673,-0.743313
5674,-3.152892
5675,-0.948126
5676,1.065271
5677,0.174167
5678,0.171689
5679,-0.163507
5680,-0.681398
5681,-0.318527
5682,1.454498
5683,-0.814134
5684,0.069359
5685,-0.217770
5686,1.023218
5687,1.021364
5688,-1.090732
5689,0.410096
5690,1.066246
5691,-1.212303
5692,0.503805
5693,1.338626
5694,1.523772
5695,1.840071
5696,2.151878
5697,-0.428138
5698,2.074874
5699,1.212432
5700,-0.031549
5701,0.783327
5702,1.354524
5703,0.975746
5704,-0.071899
5705,-1.243714
5706,-1.491142
5707,-0.563008
5708,-0.599923
5709,-0.631753
5710,0.151848
5711,-0.542346
5712,-2.042823
5713,0.977784
5714,-0.459203
5715,0.742157
5716,0.863341
5717,1.003072
5718,-0.234726
5719,-0.086925
5720,-0.468371
5721,0.062884
5722,-1.118415
5723,-0.508767
5724,-0.027872
5725,0.793110
5726,0.734192
5727,1.529726
5728,1.845761
5729,1.015285
5730,1.103686
5731,-0.185458
5732,-0.313784
5733,0.308119
5734,-0.026134
5735,0.004777
5736,0.215301
5737,-0.036663
5738,1.588762
5739,-0.963294
5740,-1.162649
5741,-2.580387
5742,0.925626
5743,0.175762
5744,-0.366244
5745,0.816493
5746,-1.152390
5747,1.078166
5748,-1.384028
5749,0.979028
5750,-1.168050
5751,0.279533
5752,1.290007
5753,0.343057
5754,1.143959
5755,-0.100097
5756,0.433298
5757,1.996853
5758,0.355722
5759,-1.168401
5760,-0.399395
5761,1.006705
5762,-1.579185
5763,-0.555805
5764,-0.707090
5765,-1.379762
5766,0.377425
5767,0.479848
5768,0.865209
5769,0.079003
5770,-0.619336
5771,0.636272
5772,0.365093
5773,0.173460
5774,-1.130176
5775,0.911241
5776,-0.531748
5777,-0.178238
5778,0.001051
5779,-0.308981
5780,-0.796415
5781,-0.576359
5782,0.073234
5783,1.567985
5784,-0.686873
5785,-0.067775
5786,-0.659317
5787,-1.575683
5788,-0.770128
5789,0.862926
5790,1.276127
5791,-0.064084
5792,0.904224
5793,-0.257783
5794,1.599921
5795,1.631520
5796,0.217831
5797,0.222338
5798,0.096551
5799,-0.584291
5800,0.308946
5801,0.493815
5802,0.116413
5803,-1.188937
5804,-0.085710
5805,1.778732
5806,-0.486378
5807,0.678313
5808,1.475791
5809,1.421572
5810,-0.961147
5811,1.617124
5812,-0.271736
5813,0.496804
5814,-0.141673
5815,1.748954
5816,0.545836
5817,-0.798789
5818,0.035457
5819,-0.878038
5820,-0.695291
5821,-1.412097
5822,0.418043
5823,0.735612
5824,-0.332259
5825,0.235614
5826,0.484337
5827,-0.781046
5828,-1.629572
5829,-2.066444
5830,-0.005034
5831,-0.216093
5832,-0.331513
5833,0.701468
5834,-0.202370
5835,-0.364535
5836,-2.234213
5837,-1.696097
5838,-1.455996
5839,-1.914087
5840,-0.379910
5841,0.466524
5842,0.395408
5843,-2.629311
5844,-0.198007
5845,-1.236031
5846,-0.325070
5847,-0.159647
5848,-0.228338
5849,-0.712501
5850,0.409943
5851,0.544038
5852,0.641242
5853,0.323190
5854,-0.966703
5855,-1.320598
5856,1.074828
5857,1.632193
5858,0.670492
5859,-0.883779
5860,0.368103
5861,-0.666967
5862,1.415297
5863,-0.733315
5864,0.566847
5865,0.488694
5866,-1.244363
5867,1.297313
5868,-1.112587
5869,-2.720537
5870,0.150927
5871,0.107373
5872,-0.462796
5873,1.078508
5874,-0.776010
5875,-1.425432
5876,-0.317210
5877,-0.667383
5878,-0.365448
5879,0.486717
5880,-1.031219
5881,-0.077799
5882,0.257135
5883,0.181372
5884,-0.953939
5885,1.075000
5886,0.102197
5887,0.209239
5888,1.097553
5889,0.101731
5890,-0.872045
5891,-0.366741
5892,-0.184442
5893,-1.122639
5894,-2.541592
5895,-0.021536
5896,1.684964
5897,0.458600
5898,-0.678046
5899,-1.243629
5900,0.119229
5901,-0.206009
5902,-0.675291
5903,1.510386
5904,-1.790525
5905,0.296960
5906,-0.099871
5907,-0.476540
5908,-1.095271
5909,0.253029
5910,-0.600889
5911,1.221587
5912,2.089524
5913,-0.587199
5914,-0.358504
5915,-0.768495
5916,1.373564
5917,2.815184
5918,1.672262
5919,-1.218804
5920,-0.493015
5921,0.567507
5922,-1.056232
5923,1.067311
5924,0.976454
5925,-1.281474
5926,-0.214302
5927,1.077213
5928,-0.505058
5929,-0.912509
5930,0.591788
5931,0.244196
5932,-0.397100
5933,0.323916
5934,-0.408102
5935,-1.349600
5936,0.057048
5937,-1.019500
5938,-1.272887
5939,-0.978184
5940,-0.805857
5941,-0.566686
5942,0.189084
5943,-0.127490
5944,-0.951368
5945,-2.705142
5946,-1.465787
5947,-0.908744
5948,-0.023977
5949,0.844211
5950,-1.012223
5951,0.281787
5952,1.098815
5953,2.165603
5954,2.763381
5955,0.363186
5956,-1.413060
5957,-2.766657
5958,-0.544870
5959,-0.757771
5960,-1.333324
5961,-0.091937
5962,1.065324
5963,0.564435
5964,0.548269
5965,1.297692
5966,-0.027172
5967,1.035194
5968,2.076321
5969,0.617167
5970,-0.168775
5971,-0.590748
5972,-2.267438
5973,-1.129093
5974,0.850270
5975,1.315034
5976,0.809381
5977,1.001255
5978,-0.694111
5979,-1.387675
5980,-0.178231
5981,-0.847454
5982,-0.484716
5983,0.022083
5984,1.432206
5985,0.244883
5986,1.020464
5987,0.836695
5988,0.479397
5989,0.631554
5990,0.179776
5991,-0.898719
5992,-0.036114
5993,-0.396330
5994,-0.531253
5995,0.228658
5996,0.839403
5997,-0.247709
5998,0.021180
5999,1.203228
6000,1.367548
6001,-0.172637
6002,1.765814
6003,0.021610
6004,0.326144
6005,0.001740
6006,-0.678419
6007,-0.502012
6008,-0.331472
6009,-0.248572
6010,0.433685
6011,-0.240757
6012,1.401426
6013,0.103213
6014,0.915434
6015,1.374680
6016,2.596215
6017,0.083308
6018,1.375961
6019,0.583246
6020,-0.837439
6021,0.358738
6022,-1.552367
6023,-0.351851
6024,0.804346
6025,-0.893303
6026,1.351973
6027,-1.212681
6028,-1.042751
6029,-0.378786
6030,1.643714
6031,1.869334
6032,-0.418760
6033,0.382494
6034,0.199440
6035,-0.479544
6036,-0.211848
6037,1.045603
6038,1.423019
6039,-0.310889
6040,-1.437555
6041,-2.124525
6042,-0.897593
6043,0.787690
6044,0.451697
6045,0.385160
6046,0.896894
6047,-0.282347
6048,0.779128
6049,-0.026911
6050,-1.756103
6051,-1.292907
6052,-0.479572
6053,0.610973
6054,0.144838
6055,1.050265
6056,-1.063480
6057,-0.587671
6058,-1.784497
6059,-1.340178
6060,-0.633914
6061,0.758685
6062,-0.955342
6063,-1.608471
6064,0.368821
6065,1.343574
6066,-1.182414
6067,0.575898
6068,-0.460907
6069,0.387472
6070,0.139399
6071,2.574174
6072,0.860627
6073,0.031314
6074,-0.056051
6075,-0.972259
6076,-0.380251
6077,0.665810
6078,-1.585671
6079,-0.695790
6080,1.794945
6081,0.564052
6082,-0.134929
6083,-0.471212
6084,-0.678142
6085,0.556779
6086,0.193467
6087,0.402981
6088,-0.162270
6089,-0.805370
6090,-1.196752
6091,-0.512589
6092,-1.811239
6093,-1.041911
6094,-1.004916
6095,0.471820
6096,-0.418053
6097,-1.012928
6098,-0.481744
6099,-0.247042
6100,-0.667108
6101,0.533162
6102,1.040337
6103,1.025258
6104,-0.151333
6105,0.128183
6106,-0.334288
6107,0.255823
6108,0.387153
6109,-2.118021
6110,-0.288657
6111,0.916415
6112,0.356510
6113,1.695483
6114,1.715471
6115,-0.572680
6116,-0.992583
6117,-0.480244
6118,-0.340041
6119,-0.797166
6120,0.301458
6121,-0.829189
6122,-2.287487
6123,-2.257309
6124,-0.470773
6125,0.485061
6126,-0.738495
6127,-0.767200
6128,0.350170
6129,-0.765337
6130,-1.360235
6131,-1.368048
6132,0.722990
6133,1.005026
6134,1.619936
6135,1.408651
6136,-0.219156
6137,0.515403
6138,1.007337
6139,-0.791904
6140,1.776810
6141,1.096223
6142,0.599257
6143,-2.983386
6144,-2.017386
6145,0.458249
6146,-0.909127
6147,0.255229
6148,-0.858678
6149,-0.701667
6150,0.596954
6151,1.720636
6152,0.525982
6153,-1.775838
6154,-0.414493
6155,1.237008
6156,0.472646
6157,-0.833210
6158,-1.353912
6159,1.546647
6160,0.082427
6161,-0.660404
6162,0.172262
6163,-0.043319
6164,1.033266
6165,0.424639
6166,2.187281
6167,0.093874
6168,0.391954
6169,0.957239
6170,0.480970
6171,-1.359353
6172,0.030545
6173,-2.025901
6174,-0.209210
6175,-0.126344
6176,1.633531
6177,0.351714
6178,-0.659414
6179,-1.896572
6180,0.999483
6181,0.422985
6182,1.619326
6183,-0.369121
6184,-0.552901
6185,0.603469
6186,0.553007
6187,-0.089972
6188,-1.210494
6189,0.388011
6190,-0.871210
6191,-0.547216
6192,-1.444498
6193,0.279141
6194,-0.382277
6195,-0.851159
6196,0.089001
6197,0.720524
6198,0.727631
6199,0.615749
6200,1.245392
6201,1.335873
6202,0.870905
6203,-0.150380
6204,-0.232184
6205,1.096580
6206,0.293909
6207,-0.453564
6208,0.440727
6209,-0.523803
6210,1.132867
6211,-1.088543
6212,-0.053944
6213,-0.418948
6214,-0.315863
6215,-0.594837
6216,-0.909393
6217,-1.888605
6218,0.438438
6219,0.160500
6220,-0.842395
6221,-0.019506
6222,-2.375882
6223,0.044877
6224,0.868151
6225,-1.100791
6226,-1.449848
6227,0.943847
6228,-0.086535
6229,-0.746052
6230,-0.628612
6231,-0.611302
6232,0.666770
6233,0.662840
6234,0.552538
6235,-0.345397
6236,0.605350
6237,0.721843
6238,-0.768830
6239,-0.932143
6240,-0.228121
6241,1.429612
6242,0.205488
6243,-0.212716
6244,-0.996297
6245,-0.237528
6246,-0.164225
6247,-1.069792
6248,0.615962
6249,0.470703
6250,-2.592670
6251,-2.824700
6252,-1.325596
6253,0.469427
6254,-0.562453
6255,0.483001
6256,-1.638187
6257,-0.083775
6258,-0.440000
6259,-1.181013
6260,0.671973
6261,-0.014098
6262,1.037825
6263,1.153304
6264,2.256111
6265,0.888767
6266,0.936226
6267,0.118185
6268,-1.912902
6269,0.114796
6270,1.127611
6271,0.166266
6272,0.812601
6273,-0.080300
6274,0.816574
6275,1.582629
6276,1.796030
6277,0.952071
6278,-0.186945
