# fname = f000620.csv
#  num_bckg events = 26
#  num_sig events = 2
# 0: class: 0, dur: 349 start: 1, stop = 349
# 1: class: 0, dur: 372 start: 350, stop = 721
# 2: class: 0, dur: 53 start: 722, stop = 774
# 3: class: 0, dur: 116 start: 775, stop = 890
# 4: class: 0, dur: 163 start: 891, stop = 1053
# 5: class: 0, dur: 415 start: 1054, stop = 1468
# 6: class: 0, dur: 187 start: 1469, stop = 1655
# 7: class: 0, dur: 143 start: 1656, stop = 1798
# 8: class: 0, dur: 485 start: 1799, stop = 2283
# 9: class: 0, dur: 13 start: 2284, stop = 2296
# 10: class: 0, dur: 454 start: 2297, stop = 2750
# 11: class: 0, dur: 76 start: 2751, stop = 2826
# 12: class: 0, dur: 185 start: 2827, stop = 3011
# 13: class: 3, dur: 147 start: 3012, stop = 3158
# 14: class: 1, dur: 176 start: 3159, stop = 3334
# 15: class: 0, dur: 116 start: 3335, stop = 3450
# 16: class: 0, dur: 379 start: 3451, stop = 3829
# 17: class: 0, dur: 454 start: 3830, stop = 4283
# 18: class: 0, dur: 377 start: 4284, stop = 4660
# 19: class: 0, dur: 461 start: 4661, stop = 5121
# 20: class: 0, dur: 483 start: 5122, stop = 5604
# 21: class: 0, dur: 28 start: 5605, stop = 5632
# 22: class: 0, dur: 498 start: 5633, stop = 6130
# 23: class: 0, dur: 461 start: 6131, stop = 6591
# 24: class: 0, dur: 237 start: 6592, stop = 6828
# 25: class: 0, dur: 14 start: 6829, stop = 6842
# 26: class: 0, dur: 65 start: 6843, stop = 6907
# 27: class: 0, dur: 209 start: 6908, stop = 7116
#------------
1,0.437082
2,-0.273201
3,1.246343
4,1.577493
5,0.855666
6,1.031938
7,0.672976
8,-0.450939
9,-0.472374
10,1.259809
11,1.301708
12,-1.016001
13,1.256648
14,0.100113
15,0.337689
16,-0.772018
17,-0.499408
18,1.106325
19,1.776103
20,0.755250
21,-0.501364
22,-1.678325
23,0.273858
24,-0.850204
25,0.428588
26,1.274418
27,1.557370
28,1.711303
29,1.934259
30,0.215948
31,-1.006256
32,-2.848622
33,0.581355
34,-1.027524
35,-0.176399
36,-0.744416
37,0.132517
38,-0.139851
39,-1.536461
40,0.990335
41,0.650054
42,0.415644
43,-2.076740
44,0.243623
45,0.123703
46,0.217961
47,1.212835
48,-1.164489
49,-1.029790
50,1.504689
51,1.528684
52,1.219643
53,1.166985
54,0.711258
55,-0.416069
56,-1.779809
57,-1.261893
58,-0.366316
59,0.608311
60,-1.740124
61,-1.109527
62,-0.926332
63,-0.131832
64,-0.379045
65,0.227476
66,2.605948
67,0.358831
68,0.699779
69,1.321907
70,1.823540
71,1.651271
72,1.650450
73,1.605857
74,1.520683
75,0.848971
76,0.422409
77,0.118798
78,-0.665670
79,0.735859
80,-0.658315
81,-0.293035
82,0.620180
83,-1.848822
84,-0.201136
85,-1.427958
86,-1.671953
87,0.730681
88,-0.833092
89,-1.198480
90,-0.620868
91,0.454489
92,-2.453181
93,1.381114
94,0.186690
95,1.597202
96,1.864636
97,2.104929
98,1.034351
99,-0.596458
100,0.740022
101,0.058455
102,-0.150288
103,0.732053
104,-0.280155
105,2.293610
106,1.753783
107,0.340684
108,0.222784
109,0.317061
110,-1.283877
111,0.025002
112,-0.586576
113,0.614681
114,-0.030999
115,1.356272
116,0.054479
117,-0.868873
118,0.883053
119,0.200371
120,1.009064
121,-1.324595
122,-1.113196
123,1.688131
124,-0.152734
125,-0.000126
126,-1.612802
127,-0.098549
128,-0.863124
129,1.010429
130,0.459479
131,2.015093
132,2.935112
133,0.577818
134,0.492714
135,0.696185
136,-0.262046
137,-0.003768
138,-0.617158
139,0.068087
140,-0.628730
141,-0.654305
142,-0.954551
143,-1.652926
144,-0.976050
145,-1.149903
146,0.394928
147,-1.470677
148,0.705136
149,-0.197321
150,0.964382
151,0.004298
152,0.539820
153,-0.948426
154,-1.114902
155,-0.875786
156,0.587573
157,-2.087692
158,-0.531002
159,0.416070
160,1.143146
161,1.500591
162,1.009193
163,0.516179
164,0.859018
165,0.869973
166,-0.187647
167,0.390103
168,-0.243462
169,0.675229
170,0.178385
171,1.508671
172,0.649846
173,0.391172
174,0.822599
175,-0.462071
176,-0.286498
177,-1.600544
178,-0.514780
179,1.238691
180,0.458506
181,0.421599
182,0.127592
183,0.302440
184,-0.881673
185,1.049485
186,-2.028999
187,0.317585
188,-0.436643
189,-0.646512
190,-1.571059
191,0.757907
192,0.271523
193,-0.593588
194,-0.227036
195,-1.764032
196,-0.934168
197,0.662252
198,1.421633
199,0.845869
200,0.796744
201,-0.711620
202,-1.309562
203,0.084862
204,-1.856981
205,0.950121
206,-1.369348
207,0.444464
208,0.641173
209,-1.167484
210,0.350472
211,-0.954072
212,0.131626
213,0.021440
214,0.153341
215,0.015461
216,-0.901153
217,0.240477
218,-0.182637
219,0.148211
220,-1.989078
221,-0.147294
222,-0.484853
223,-0.519641
224,-0.599109
225,-0.962268
226,-1.345579
227,-1.030477
228,-1.811805
229,-0.107412
230,1.827539
231,1.179801
232,0.156910
233,-1.431457
234,1.092989
235,0.764322
236,1.135590
237,0.985700
238,1.931168
239,-0.323446
240,0.805854
241,-0.031372
242,0.756791
243,-2.091895
244,0.102596
245,-0.341401
246,0.342185
247,0.942273
248,-0.443429
249,-2.338114
250,-0.796710
251,1.450236
252,0.684310
253,1.707844
254,0.161209
255,0.184833
256,-1.697401
257,0.176658
258,0.064702
259,0.129269
260,2.145128
261,1.475667
262,1.456989
263,1.178470
264,-0.483065
265,0.232603
266,0.067113
267,-0.003799
268,-0.333629
269,-0.690442
270,0.392698
271,-0.749920
272,2.690181
273,0.879999
274,0.849087
275,0.969385
276,-0.777550
277,0.780904
278,-0.818126
279,0.454045
280,-0.017058
281,1.084691
282,-0.137326
283,1.053331
284,0.120544
285,0.575899
286,1.835287
287,1.044413
288,-0.543791
289,-0.834301
290,1.062656
291,0.437149
292,0.996490
293,-0.162298
294,-1.415319
295,0.737100
296,0.267104
297,-0.159623
298,-0.871975
299,-0.096065
300,-1.000860
301,0.089245
302,-0.644514
303,-1.014654
304,-0.381775
305,-0.333166
306,-0.440557
307,-0.121101
308,-0.503334
309,0.038255
310,0.469287
311,1.416418
312,0.554436
313,-0.220955
314,1.924934
315,1.554136
316,0.574611
317,0.924164
318,0.315702
319,0.247077
320,-1.180425
321,-0.773863
322,0.387078
323,-0.533513
324,1.999285
325,-0.127070
326,0.163362
327,0.746452
328,0.523979
329,0.735470
330,-0.047054
331,-0.482635
332,-0.279080
333,-0.975480
334,-2.083649
335,0.181792
336,-0.802228
337,0.645379
338,1.624904
339,0.647864
340,0.485981
341,-0.203955
342,1.193856
343,-0.318869
344,0.381672
345,-0.298059
346,-0.397115
347,0.095752
348,0.412359
349,-1.820525
350,0.089256
351,0.056151
352,0.762690
353,-0.941104
354,-0.094880
355,-0.902789
356,0.415172
357,1.639826
358,-0.485767
359,-0.779891
360,-1.813145
361,0.533019
362,0.266287
363,-0.031542
364,-0.848377
365,-1.099040
366,0.844677
367,0.362055
368,0.056552
369,1.207167
370,1.821140
371,2.094810
372,1.643727
373,0.704148
374,-1.282467
375,0.132698
376,-0.189937
377,-1.578990
378,0.329192
379,-0.316527
380,0.104073
381,-0.763717
382,-0.814744
383,-1.316834
384,0.155118
385,-1.531466
386,1.112465
387,1.034979
388,2.337148
389,3.968131
390,-2.200332
391,-1.525672
392,0.177935
393,-0.844402
394,0.283376
395,-0.822130
396,0.578800
397,0.265680
398,-0.722583
399,1.221361
400,1.246409
401,0.675017
402,-0.359955
403,-0.306600
404,-0.270564
405,1.510351
406,1.366277
407,0.764080
408,0.625654
409,-0.905124
410,-0.073810
411,-0.320602
412,0.442097
413,0.457112
414,2.142379
415,-0.518159
416,-0.431379
417,-0.940504
418,0.174505
419,-1.315208
420,1.209611
421,0.562640
422,-0.709296
423,0.842869
424,0.015729
425,1.807179
426,1.276949
427,-0.766500
428,-1.302284
429,1.307005
430,0.604559
431,0.775450
432,0.238145
433,1.072920
434,-1.425334
435,-0.031323
436,-1.287317
437,0.642394
438,0.349005
439,0.900653
440,0.060425
441,0.745936
442,0.305139
443,1.367349
444,0.412566
445,-1.132548
446,-0.664334
447,0.976266
448,2.434615
449,-0.196267
450,0.708860
451,-1.999582
452,1.422532
453,0.750776
454,-0.830037
455,-0.241050
456,-1.152217
457,-0.352422
458,-0.693283
459,0.482680
460,-0.556416
461,-0.661493
462,0.403785
463,-0.014880
464,-1.365260
465,0.087666
466,-0.159659
467,0.040654
468,-0.881945
469,-1.106002
470,-0.951309
471,1.362193
472,-0.301455
473,-0.946636
474,-1.532046
475,1.569101
476,-0.043778
477,0.045569
478,-0.137220
479,-0.674266
480,-1.922544
481,-0.036508
482,-0.631148
483,1.507314
484,0.068171
485,0.531898
486,-0.940861
487,0.529177
488,-0.352743
489,-0.567303
490,0.824080
491,0.864302
492,-0.226816
493,1.171075
494,0.826631
495,2.425547
496,1.244736
497,0.647418
498,0.694458
499,-1.036300
500,-1.047549
501,0.776800
502,-1.200922
503,-0.029530
504,0.410719
505,0.914569
506,-0.698301
507,-1.134778
508,0.408142
509,2.190156
510,1.466344
511,2.839983
512,-1.616339
513,-0.104183
514,2.268851
515,-1.023672
516,-0.280594
517,0.347330
518,-0.583931
519,0.383880
520,0.102551
521,0.312344
522,1.124796
523,-0.553804
524,1.621725
525,0.772382
526,-0.817496
527,-0.377219
528,-0.730038
529,0.818268
530,0.706696
531,0.130123
532,0.032012
533,0.460101
534,1.678674
535,-0.205807
536,0.740328
537,-0.579734
538,-0.181052
539,-1.037195
540,-1.288809
541,0.689904
542,-1.117539
543,0.128969
544,-0.690439
545,0.393898
546,-2.781163
547,-0.643203
548,-0.188573
549,-0.938585
550,-0.814684
551,-0.455630
552,-1.832823
553,-0.805612
554,-1.293787
555,1.189831
556,0.378934
557,0.807576
558,-0.323989
559,-1.413038
560,0.876253
561,0.840388
562,-0.717463
563,0.092346
564,0.219619
565,0.024875
566,0.077417
567,0.035848
568,1.314727
569,0.429151
570,-0.516234
571,1.607141
572,0.566249
573,-0.084447
574,0.930908
575,-0.577308
576,-0.918897
577,-0.344632
578,-0.139809
579,1.290269
580,-0.204501
581,1.313452
582,-0.527023
583,0.252623
584,0.641963
585,-0.258396
586,-0.902304
587,0.366145
588,-0.486355
589,-0.844590
590,-0.829125
591,0.704164
592,-0.912018
593,0.516551
594,2.161742
595,-1.663581
596,0.014892
597,2.823102
598,0.710193
599,-0.163973
600,-2.214706
601,0.247436
602,-0.016240
603,-0.077374
604,-0.007534
605,1.186228
606,0.131078
607,-1.312795
608,0.102029
609,0.116547
610,-0.238124
611,-0.213359
612,0.077229
613,-1.479729
614,0.083149
615,-0.212867
616,-1.589330
617,-0.003915
618,-0.696202
619,0.419822
620,-1.505289
621,-1.569248
622,0.209606
623,0.339190
624,-1.020928
625,0.553268
626,0.873258
627,0.099222
628,-0.363637
629,1.932229
630,-1.063355
631,-0.078094
632,-1.004313
633,-0.241045
634,-1.926188
635,-1.256773
636,-0.481842
637,0.343971
638,0.108039
639,2.791802
640,-1.533677
641,-0.328562
642,-1.125620
643,0.193910
644,0.748912
645,-1.491663
646,0.027996
647,-1.215311
648,-0.904639
649,-0.435464
650,-0.618514
651,0.972732
652,-1.531573
653,-0.259121
654,0.884827
655,-0.214392
656,1.557160
657,-0.386457
658,-0.060094
659,-1.103511
660,0.136958
661,1.197328
662,1.028198
663,0.927913
664,-0.396678
665,-0.641642
666,-0.122020
667,1.150618
668,-0.166240
669,-0.681631
670,0.996879
671,-0.769381
672,-0.811376
673,0.118564
674,0.209840
675,0.400120
676,-0.247878
677,0.592663
678,0.754748
679,1.116508
680,1.551580
681,0.101605
682,-0.497621
683,0.788339
684,-0.717771
685,-0.037829
686,-0.056586
687,-0.386754
688,-0.933203
689,0.302271
690,-0.857948
691,1.448227
692,-1.719507
693,1.544361
694,0.779041
695,1.051310
696,1.216415
697,-0.886358
698,1.048539
699,1.255583
700,-0.319906
701,-0.687999
702,0.086944
703,-1.286612
704,0.228380
705,-1.018754
706,-0.899207
707,-0.389222
708,-0.881478
709,-0.756207
710,0.343581
711,-0.725154
712,0.762826
713,-2.399941
714,0.366577
715,-0.139436
716,-0.057273
717,2.036750
718,1.477874
719,2.242904
720,-0.749343
721,-1.335897
722,1.413561
723,1.692825
724,2.634486
725,0.696215
726,-2.965304
727,-0.793934
728,0.777021
729,0.463118
730,0.094769
731,0.395876
732,1.095694
733,0.744860
734,0.857499
735,0.227451
736,0.416738
737,-1.185400
738,-0.795231
739,0.774276
740,0.170043
741,0.684709
742,0.194131
743,-0.431995
744,-0.604434
745,0.800743
746,0.617750
747,-0.100014
748,-0.004398
749,0.324549
750,0.685834
751,0.210831
752,-2.368153
753,0.089286
754,0.100193
755,-1.998720
756,-0.672574
757,0.183712
758,2.925090
759,0.775406
760,-0.181752
761,-0.326534
762,-0.751588
763,-0.761456
764,0.591286
765,0.367913
766,0.907527
767,-0.023383
768,-0.454868
769,1.644351
770,0.642438
771,-0.989565
772,-1.551530
773,-0.400263
774,1.590524
775,-0.339712
776,0.884989
777,-1.304049
778,0.572944
779,-1.295179
780,-1.094146
781,-1.708832
782,0.762828
783,1.250971
784,0.351002
785,0.009262
786,-1.235072
787,-1.290093
788,-0.610990
789,-1.277780
790,0.321159
791,-1.184541
792,-0.226173
793,-1.470359
794,0.298330
795,-0.645776
796,-1.730934
797,0.240675
798,1.092537
799,-2.553883
800,-0.500917
801,0.324829
802,0.960243
803,0.627145
804,0.152493
805,-1.934129
806,-2.752164
807,1.255631
808,0.867710
809,0.652914
810,1.208124
811,0.636893
812,-0.967458
813,1.372545
814,-2.026390
815,-0.528572
816,-0.100553
817,-0.709176
818,0.964725
819,-1.790151
820,-1.523886
821,2.433428
822,0.579320
823,-0.029702
824,-1.242867
825,-0.841761
826,-0.960835
827,-0.038629
828,0.287655
829,-2.059385
830,-0.706039
831,1.164641
832,1.315666
833,-1.248288
834,-0.333893
835,-1.216545
836,2.197830
837,-0.147964
838,0.953659
839,0.354749
840,0.544295
841,0.273964
842,-0.240909
843,0.732881
844,-0.497894
845,-0.292817
846,-2.439401
847,0.046204
848,1.890732
849,-0.462142
850,-0.246271
851,-1.319710
852,-1.533802
853,-0.270189
854,-0.932208
855,-0.253057
856,-1.341915
857,0.426089
858,1.749634
859,0.055437
860,0.014974
861,-0.384973
862,0.209869
863,1.113365
864,-2.753551
865,0.090613
866,-0.099365
867,-0.747760
868,0.352143
869,1.397097
870,2.057819
871,2.072415
872,0.526057
873,0.204672
874,0.432034
875,1.815638
876,2.499389
877,0.569149
878,-0.175413
879,0.856258
880,0.796913
881,2.353032
882,1.276297
883,-1.209966
884,-0.235924
885,-1.104631
886,0.161050
887,-0.351718
888,0.570645
889,0.652495
890,-0.118918
891,-0.860664
892,-1.978394
893,-0.704800
894,0.741978
895,1.364214
896,-0.228273
897,-1.035875
898,-0.847842
899,-1.384534
900,-0.622517
901,0.305327
902,-1.514338
903,-0.857309
904,2.746092
905,0.228283
906,1.745880
907,1.204281
908,-0.602523
909,0.233171
910,-1.420760
911,0.968684
912,-0.262712
913,1.199412
914,1.272112
915,1.835864
916,1.163212
917,-0.159629
918,0.825331
919,0.660811
920,1.275686
921,1.191300
922,0.381332
923,-2.026863
924,0.541807
925,-0.490876
926,0.202342
927,-0.918743
928,0.739703
929,0.850112
930,-2.163114
931,-1.371993
932,-0.641981
933,-1.056901
934,-1.181238
935,1.503504
936,-0.634703
937,0.206367
938,0.300584
939,0.197469
940,0.823509
941,0.072679
942,0.500310
943,0.612706
944,0.084946
945,0.663003
946,-0.587763
947,-0.108241
948,0.501832
949,0.833218
950,-1.056990
951,-1.077141
952,-1.184815
953,0.963122
954,0.063747
955,-2.188043
956,-1.971527
957,0.195693
958,0.411903
959,-0.589731
960,1.361029
961,1.331804
962,0.833269
963,0.016735
964,0.401189
965,0.012488
966,0.087611
967,-0.948022
968,-0.021525
969,-0.642417
970,-0.000757
971,0.151543
972,-0.687481
973,-0.646910
974,-1.255238
975,0.630450
976,-0.347530
977,-0.205063
978,-1.116138
979,-1.472271
980,0.571617
981,-1.042824
982,-0.892768
983,0.000012
984,-0.643431
985,-0.575213
986,-2.165777
987,0.603892
988,0.556762
989,0.027686
990,-1.367541
991,-0.744342
992,1.028895
993,-1.533885
994,-1.955906
995,-1.085826
996,0.201589
997,0.678347
998,0.234870
999,0.209842
1000,1.280595
1001,2.369148
1002,2.052474
1003,-0.207317
1004,0.776976
1005,0.621539
1006,-2.572610
1007,-1.372257
1008,-0.914983
1009,-1.577043
1010,-0.277473
1011,-0.606879
1012,-2.269812
1013,-0.941086
1014,0.011579
1015,0.660901
1016,-0.607986
1017,-2.700594
1018,-1.567777
1019,-0.329603
1020,-0.026804
1021,0.205524
1022,-1.348016
1023,-0.539247
1024,0.751370
1025,0.828741
1026,-0.349555
1027,-0.410801
1028,0.710718
1029,-0.765283
1030,-0.465026
1031,0.534016
1032,0.703567
1033,0.607997
1034,1.019803
1035,-1.609407
1036,0.603884
1037,1.414638
1038,-0.226742
1039,1.452142
1040,0.180175
1041,-0.272109
1042,-0.934368
1043,2.857000
1044,-0.410457
1045,0.481154
1046,0.437269
1047,0.771417
1048,-0.424047
1049,0.105467
1050,-1.235041
1051,-0.047381
1052,0.103271
1053,-0.467368
1054,0.985473
1055,0.457294
1056,-0.187184
1057,-0.118699
1058,-0.281880
1059,1.474759
1060,0.588265
1061,-0.259664
1062,-0.193408
1063,-0.284405
1064,-1.482122
1065,0.545363
1066,1.039475
1067,0.758320
1068,1.211969
1069,0.466516
1070,1.619982
1071,-0.371296
1072,0.814172
1073,0.132800
1074,-0.860754
1075,1.432056
1076,-0.330898
1077,-0.331026
1078,-1.361459
1079,-0.826016
1080,0.252421
1081,1.007049
1082,0.234057
1083,-1.500037
1084,-2.279061
1085,-0.708760
1086,-1.064502
1087,-1.192897
1088,-0.087428
1089,1.367879
1090,1.222792
1091,-0.151322
1092,-1.157960
1093,-1.405528
1094,0.790310
1095,0.802055
1096,0.593941
1097,-0.591127
1098,-0.223795
1099,1.465111
1100,-0.034910
1101,-0.492388
1102,1.442869
1103,-1.876443
1104,-0.901399
1105,0.145431
1106,0.924415
1107,0.202757
1108,0.838102
1109,1.755798
1110,-0.676561
1111,-0.512303
1112,0.764325
1113,0.196946
1114,-0.931909
1115,-0.288285
1116,-0.904877
1117,0.575688
1118,1.057978
1119,-1.571613
1120,0.467970
1121,0.373026
1122,0.761439
1123,-0.439245
1124,0.187209
1125,0.865370
1126,1.824007
1127,-0.131176
1128,1.844313
1129,1.683231
1130,-1.386426
1131,-1.653216
1132,0.758219
1133,0.762444
1134,-0.327903
1135,-0.578837
1136,-0.105451
1137,1.225656
1138,0.912132
1139,2.231777
1140,0.554712
1141,0.889098
1142,-0.210636
1143,-1.201196
1144,0.958536
1145,-0.138979
1146,-0.254548
1147,0.979574
1148,-0.388494
1149,0.706288
1150,0.607468
1151,0.876007
1152,-0.641276
1153,-0.606551
1154,-0.137311
1155,1.410487
1156,-0.208954
1157,-0.523101
1158,0.282518
1159,-0.281941
1160,-0.434659
1161,1.061972
1162,0.438967
1163,0.857400
1164,0.287531
1165,-1.807814
1166,-1.675081
1167,-1.218590
1168,1.915974
1169,-0.216827
1170,0.959257
1171,-1.516090
1172,0.292263
1173,-0.328793
1174,-0.648025
1175,-0.776319
1176,0.285536
1177,0.637591
1178,1.663030
1179,-0.129768
1180,-0.040029
1181,1.248516
1182,0.311118
1183,-1.322307
1184,1.596087
1185,-1.403516
1186,-0.462527
1187,0.692276
1188,1.525300
1189,-0.218896
1190,-0.600979
1191,0.101273
1192,-1.443298
1193,-0.734798
1194,-0.861606
1195,-1.011714
1196,-0.621405
1197,1.408432
1198,0.544512
1199,-0.284853
1200,-0.945882
1201,0.510157
1202,0.637498
1203,-1.283705
1204,-0.848600
1205,0.366769
1206,0.497195
1207,-0.979550
1208,0.666097
1209,0.467416
1210,-1.974502
1211,0.345274
1212,0.483466
1213,0.504213
1214,1.572456
1215,0.786338
1216,-0.886821
1217,0.893439
1218,0.502570
1219,0.542275
1220,-0.147831
1221,-0.852379
1222,0.289419
1223,1.651314
1224,0.639184
1225,1.127279
1226,1.651743
1227,0.371148
1228,0.957623
1229,-0.784478
1230,-0.132708
1231,0.404911
1232,0.051740
1233,0.729584
1234,1.059373
1235,-1.452505
1236,-0.823534
1237,0.067152
1238,0.701830
1239,2.102946
1240,1.098469
1241,0.254737
1242,1.093460
1243,2.047538
1244,-0.770536
1245,-1.519737
1246,0.000051
1247,-0.756616
1248,0.677470
1249,-0.853966
1250,-1.937223
1251,-0.461217
1252,0.075777
1253,-1.711948
1254,-0.617822
1255,0.836932
1256,1.199853
1257,0.524549
1258,0.590087
1259,0.717953
1260,1.883565
1261,-1.444180
1262,-2.621955
1263,0.509981
1264,-0.500256
1265,-0.679071
1266,0.122681
1267,0.761883
1268,0.136220
1269,1.864234
1270,0.571886
1271,0.776979
1272,1.287002
1273,2.323155
1274,-0.173164
1275,0.368802
1276,1.027950
1277,1.559191
1278,0.095394
1279,0.697249
1280,-0.224115
1281,-0.295926
1282,1.298287
1283,0.195914
1284,1.376862
1285,0.114645
1286,-0.432208
1287,0.834310
1288,-1.686694
1289,-0.442878
1290,0.009826
1291,0.684385
1292,1.232636
1293,0.171556
1294,-0.363854
1295,2.413829
1296,0.988191
1297,-1.176208
1298,0.918626
1299,0.488788
1300,-0.466548
1301,-0.055895
1302,-1.337699
1303,0.493226
1304,0.938463
1305,-2.262224
1306,-3.509529
1307,0.356042
1308,-0.245743
1309,0.411981
1310,-0.368835
1311,-1.031978
1312,0.443150
1313,0.565984
1314,0.033944
1315,0.415875
1316,2.166203
1317,1.014706
1318,-0.553802
1319,-0.591581
1320,0.042869
1321,1.042752
1322,-0.745708
1323,-2.103489
1324,-0.458638
1325,-0.657394
1326,1.498703
1327,-1.534460
1328,0.699294
1329,0.197536
1330,0.711993
1331,1.752691
1332,1.350986
1333,0.026552
1334,2.130306
1335,0.202891
1336,0.692458
1337,-0.884576
1338,0.795017
1339,1.055533
1340,0.043694
1341,-0.833649
1342,-0.701156
1343,-0.121432
1344,0.460576
1345,0.716378
1346,-0.059556
1347,-0.322388
1348,0.957500
1349,0.248486
1350,0.307536
1351,0.007649
1352,1.940827
1353,0.595038
1354,1.757646
1355,1.381372
1356,0.439980
1357,0.208666
1358,-0.984535
1359,0.277183
1360,1.240306
1361,0.003365
1362,0.181117
1363,1.213945
1364,-0.921151
1365,0.197821
1366,0.652856
1367,1.166244
1368,0.226007
1369,-0.224836
1370,-0.274995
1371,2.255430
1372,0.948608
1373,0.297795
1374,0.235072
1375,0.316473
1376,-1.073002
1377,0.313268
1378,-0.920350
1379,1.020104
1380,-0.323049
1381,-0.235231
1382,-0.621586
1383,-0.310162
1384,0.723831
1385,0.532186
1386,-0.885879
1387,0.939419
1388,0.616321
1389,-1.517198
1390,-1.031452
1391,0.590236
1392,-0.828802
1393,-0.208226
1394,1.451134
1395,-0.210649
1396,-0.686029
1397,-1.884168
1398,0.291506
1399,0.086895
1400,0.898389
1401,-0.181140
1402,0.832471
1403,-1.017117
1404,1.397953
1405,1.990595
1406,0.580375
1407,0.833566
1408,0.536401
1409,0.162609
1410,0.184313
1411,-0.131051
1412,-0.441920
1413,-2.329429
1414,-0.001224
1415,-0.976512
1416,0.601708
1417,0.541535
1418,-0.617210
1419,-0.954931
1420,-0.830608
1421,0.385347
1422,0.082158
1423,0.566518
1424,0.038522
1425,0.181021
1426,-1.358917
1427,-1.970580
1428,0.005030
1429,0.104280
1430,0.221332
1431,0.596218
1432,0.351130
1433,-0.615039
1434,0.853292
1435,0.976867
1436,0.007837
1437,0.914682
1438,1.095723
1439,-0.276158
1440,-0.518358
1441,-0.231617
1442,-0.348098
1443,-1.191112
1444,-1.241859
1445,-1.126243
1446,-1.178313
1447,-0.488801
1448,-1.077133
1449,-0.544446
1450,-0.712866
1451,-0.180573
1452,-0.840747
1453,0.239148
1454,-0.897922
1455,-1.598456
1456,0.194480
1457,1.711048
1458,0.602622
1459,0.035389
1460,-0.336744
1461,-0.384092
1462,-0.364308
1463,-0.160074
1464,0.605507
1465,1.113744
1466,0.570605
1467,0.084103
1468,-0.529865
1469,-1.122249
1470,0.525737
1471,-0.985539
1472,1.486080
1473,0.651074
1474,0.232696
1475,-0.334295
1476,1.857629
1477,0.902127
1478,-0.136196
1479,0.207575
1480,-1.496860
1481,1.469512
1482,0.783010
1483,0.457208
1484,-1.693930
1485,1.678335
1486,0.480294
1487,0.923506
1488,1.681620
1489,0.945772
1490,1.179025
1491,1.096927
1492,0.853349
1493,-0.613019
1494,1.404876
1495,0.106402
1496,-0.461793
1497,-1.972912
1498,-0.517028
1499,1.301624
1500,2.464035
1501,1.469993
1502,-0.157194
1503,-0.270589
1504,-0.473337
1505,-1.304917
1506,-0.664921
1507,0.434855
1508,-1.462727
1509,-0.984992
1510,-1.173029
1511,-1.139622
1512,-0.532332
1513,2.172169
1514,-0.789171
1515,-0.266967
1516,-3.601473
1517,1.148251
1518,0.177766
1519,-0.097539
1520,1.203579
1521,0.479203
1522,-0.759073
1523,-0.988557
1524,-1.163299
1525,0.309031
1526,0.787922
1527,-0.332787
1528,-0.457492
1529,-1.498984
1530,-0.020986
1531,0.541175
1532,-0.701192
1533,0.201981
1534,-0.423390
1535,-0.090869
1536,1.007392
1537,-0.085225
1538,-0.090365
1539,-0.453303
1540,0.951533
1541,1.382296
1542,2.208996
1543,-0.172130
1544,-0.371014
1545,-0.591508
1546,-1.480476
1547,-1.549011
1548,0.867286
1549,-0.502628
1550,-0.713690
1551,-0.272443
1552,-1.469048
1553,-1.765561
1554,-0.354327
1555,-2.379609
1556,-0.447781
1557,0.902551
1558,-1.328404
1559,0.076566
1560,0.161165
1561,0.024847
1562,-1.886144
1563,-2.976103
1564,-2.610198
1565,-0.989852
1566,0.876641
1567,0.754484
1568,1.026674
1569,0.666713
1570,1.298331
1571,-0.708791
1572,0.058326
1573,2.949693
1574,0.473249
1575,1.140290
1576,-0.284679
1577,-0.237075
1578,-1.704813
1579,-0.365263
1580,-1.895744
1581,0.155969
1582,1.018733
1583,0.225774
1584,-1.008311
1585,0.894387
1586,-0.007139
1587,0.171520
1588,-0.781485
1589,0.150871
1590,0.776043
1591,0.294026
1592,-0.023669
1593,-0.582926
1594,1.257183
1595,-0.615961
1596,0.023520
1597,-0.097565
1598,-0.233262
1599,-0.729480
1600,0.976913
1601,0.189425
1602,-0.184718
1603,0.117464
1604,0.540380
1605,1.002704
1606,0.613384
1607,0.130527
1608,-0.122904
1609,1.175904
1610,0.614917
1611,-1.528486
1612,0.353069
1613,-0.277708
1614,0.534320
1615,0.339965
1616,-0.374981
1617,-0.655671
1618,0.416506
1619,1.394065
1620,-0.379669
1621,0.151208
1622,0.327323
1623,0.864177
1624,0.899836
1625,0.335653
1626,-1.020780
1627,1.649397
1628,-0.214761
1629,0.381152
1630,0.588854
1631,1.435086
1632,1.010682
1633,-0.629511
1634,-0.926374
1635,-0.664304
1636,-0.545082
1637,0.985438
1638,0.246276
1639,0.652884
1640,-2.096152
1641,-1.473254
1642,-1.299074
1643,-0.134300
1644,0.177936
1645,-0.776122
1646,1.008250
1647,0.376593
1648,0.795582
1649,1.514616
1650,-0.199506
1651,0.599800
1652,0.435200
1653,-0.729037
1654,-1.204742
1655,-2.720767
1656,-0.055048
1657,0.094276
1658,-0.187469
1659,0.515323
1660,1.259973
1661,0.474672
1662,-0.130783
1663,1.356481
1664,-1.233629
1665,0.835515
1666,0.294928
1667,-0.140412
1668,-0.691458
1669,-0.301901
1670,-0.726004
1671,-0.608733
1672,-0.035837
1673,1.165935
1674,-0.708772
1675,-0.293315
1676,0.853224
1677,0.419067
1678,-1.314138
1679,-1.930481
1680,0.631734
1681,1.087224
1682,1.234807
1683,2.485307
1684,-0.145568
1685,0.983240
1686,0.794952
1687,-1.441535
1688,0.001263
1689,0.345359
1690,-1.225772
1691,-0.928564
1692,-0.176280
1693,0.409483
1694,1.126213
1695,0.269242
1696,-1.247487
1697,0.251419
1698,0.653138
1699,1.008906
1700,0.570321
1701,0.232769
1702,1.349139
1703,-0.208277
1704,0.506014
1705,-0.083630
1706,-1.560931
1707,-0.661325
1708,-0.799508
1709,-1.599375
1710,-0.646957
1711,-0.380332
1712,-1.437910
1713,1.404555
1714,0.906845
1715,1.030229
1716,-0.340801
1717,0.790744
1718,1.936293
1719,0.160855
1720,-0.310676
1721,-0.099817
1722,-0.530009
1723,0.041735
1724,-1.676737
1725,-2.373136
1726,0.181082
1727,0.490035
1728,0.018251
1729,-1.179776
1730,-0.001802
1731,-0.900415
1732,-0.036668
1733,-0.618444
1734,0.139480
1735,0.242525
1736,0.231759
1737,-0.572403
1738,-0.090590
1739,-1.485539
1740,-2.132694
1741,-0.892943
1742,-0.542020
1743,1.685023
1744,-0.597980
1745,1.890776
1746,1.544319
1747,0.073388
1748,1.742729
1749,-0.547312
1750,-1.286680
1751,-0.574438
1752,0.127630
1753,0.474325
1754,-1.057077
1755,-0.906245
1756,0.816852
1757,-1.092091
1758,0.310609
1759,-0.007289
1760,-1.122435
1761,-0.577815
1762,-0.486622
1763,-0.711421
1764,-0.913279
1765,-0.386946
1766,-2.855464
1767,-2.016010
1768,-0.653668
1769,-0.385474
1770,1.525165
1771,-1.224588
1772,0.378319
1773,0.240563
1774,-0.049669
1775,0.156611
1776,-0.524635
1777,-1.215445
1778,-1.102621
1779,-0.444182
1780,-0.164807
1781,1.113033
1782,1.899527
1783,0.116115
1784,-2.278445
1785,-0.403395
1786,0.928269
1787,-0.269492
1788,0.018550
1789,-0.649741
1790,0.071002
1791,-0.421971
1792,0.492111
1793,-0.315732
1794,-1.120532
1795,0.825505
1796,0.726993
1797,-1.198404
1798,1.201492
1799,0.923143
1800,0.083401
1801,0.700723
1802,0.164209
1803,-1.681104
1804,0.343587
1805,-0.576578
1806,0.281365
1807,-0.339051
1808,-0.144405
1809,-0.327235
1810,0.690180
1811,0.758917
1812,-0.699797
1813,-0.023228
1814,-0.343495
1815,0.043886
1816,-0.111851
1817,0.736191
1818,0.465948
1819,0.579011
1820,-1.008035
1821,0.064945
1822,-0.610334
1823,-3.443087
1824,-1.653067
1825,0.674688
1826,-0.388876
1827,1.226699
1828,0.528279
1829,0.154888
1830,0.341563
1831,-0.739868
1832,0.455736
1833,-0.100441
1834,-0.928087
1835,-0.624328
1836,-1.277690
1837,1.651151
1838,0.333078
1839,0.668477
1840,0.186821
1841,0.338501
1842,2.310179
1843,0.515425
1844,2.337436
1845,0.572574
1846,1.816607
1847,-0.636206
1848,0.419955
1849,0.452738
1850,-1.252088
1851,0.075879
1852,0.030690
1853,-0.893648
1854,-0.190501
1855,0.662148
1856,1.335290
1857,0.399333
1858,-0.541409
1859,-2.734064
1860,-0.177715
1861,0.670017
1862,1.405218
1863,-1.647215
1864,0.364469
1865,0.878110
1866,-0.084849
1867,-0.263991
1868,0.821643
1869,0.443537
1870,0.846991
1871,2.277127
1872,1.027300
1873,2.098502
1874,0.646925
1875,-0.114795
1876,1.025873
1877,0.526862
1878,-3.014495
1879,-0.194393
1880,0.956397
1881,0.097751
1882,-1.538212
1883,-0.393868
1884,-0.717857
1885,3.109258
1886,0.455042
1887,-0.379564
1888,0.789169
1889,0.374149
1890,-1.830552
1891,0.845003
1892,0.831985
1893,1.255300
1894,-0.062598
1895,0.438389
1896,-0.026640
1897,-2.371162
1898,-0.986118
1899,-0.894772
1900,1.367212
1901,0.438261
1902,-1.853136
1903,-0.334130
1904,-1.212188
1905,0.408582
1906,0.112110
1907,-0.067134
1908,-0.807863
1909,0.916704
1910,-0.727921
1911,-0.053993
1912,0.439259
1913,-0.174505
1914,-0.676221
1915,0.646931
1916,1.151929
1917,-1.572188
1918,-0.628788
1919,-0.086805
1920,1.362127
1921,0.531175
1922,-0.482855
1923,-0.661862
1924,-0.150398
1925,-1.828488
1926,-0.137379
1927,-0.692334
1928,-0.008275
1929,-0.602569
1930,-0.537947
1931,0.068480
1932,-0.068825
1933,1.333376
1934,-0.582698
1935,0.736408
1936,1.050407
1937,0.208788
1938,0.326647
1939,-0.234098
1940,0.642773
1941,0.403783
1942,0.393688
1943,-0.432428
1944,0.135610
1945,0.449269
1946,-0.117017
1947,0.900651
1948,0.362018
1949,1.017402
1950,-0.043156
1951,0.918804
1952,0.320019
1953,1.303625
1954,0.310433
1955,-0.040960
1956,0.186578
1957,-0.301604
1958,-0.046501
1959,-2.038805
1960,1.051336
1961,1.111247
1962,1.355098
1963,1.549896
1964,1.137578
1965,0.283682
1966,-1.739351
1967,-0.704783
1968,-1.656113
1969,0.124077
1970,1.940301
1971,-0.654719
1972,-0.304125
1973,-0.904061
1974,0.414051
1975,1.219650
1976,-1.046109
1977,-0.524889
1978,2.735942
1979,1.526367
1980,-1.231990
1981,-0.296942
1982,-0.129847
1983,-1.388895
1984,0.573900
1985,0.257187
1986,-0.502630
1987,0.646496
1988,0.637530
1989,-0.207084
1990,1.100338
1991,0.382017
1992,-0.088956
1993,-1.215718
1994,-0.307213
1995,0.091020
1996,-0.493624
1997,0.334439
1998,1.075786
1999,-0.234301
2000,0.425724
2001,-1.239935
2002,-1.666203
2003,-0.383399
2004,-0.026602
2005,0.296966
2006,0.600865
2007,-0.132597
2008,0.091275
2009,0.698069
2010,-1.370658
2011,-1.978336
2012,-2.034692
2013,-1.824525
2014,1.108275
2015,1.938671
2016,-1.349207
2017,0.477922
2018,0.607584
2019,0.477112
2020,1.208213
2021,-0.119231
2022,0.554788
2023,1.395783
2024,-2.033903
2025,0.861574
2026,-0.131915
2027,-0.316833
2028,-0.486887
2029,-0.352317
2030,-1.123394
2031,0.685934
2032,1.700875
2033,0.659499
2034,1.145512
2035,0.199789
2036,-1.202449
2037,-0.937926
2038,-0.595612
2039,0.198819
2040,0.754458
2041,0.158959
2042,-0.810088
2043,0.721984
2044,0.580322
2045,1.415609
2046,1.535535
2047,-0.522112
2048,0.147238
2049,-0.802100
2050,-0.206801
2051,-0.888208
2052,-0.917634
2053,-0.871947
2054,1.375268
2055,2.472544
2056,0.937881
2057,2.526499
2058,2.551152
2059,-0.002384
2060,-0.457079
2061,-0.038839
2062,-2.814717
2063,-0.917340
2064,-0.740430
2065,0.802453
2066,-0.616401
2067,0.239525
2068,-0.393919
2069,-0.522065
2070,-1.108998
2071,1.801733
2072,-3.025849
2073,-0.338899
2074,0.882437
2075,-1.108594
2076,-0.323735
2077,1.119531
2078,0.292967
2079,0.128298
2080,1.030424
2081,-0.692403
2082,-1.977946
2083,0.394424
2084,1.221414
2085,0.559621
2086,2.136607
2087,0.122182
2088,-0.106088
2089,1.473528
2090,-1.205572
2091,-1.091028
2092,-0.518328
2093,0.236810
2094,0.920323
2095,0.058443
2096,-0.072192
2097,-0.362328
2098,0.184837
2099,-0.139645
2100,-0.459255
2101,-0.762283
2102,-1.220852
2103,-0.456278
2104,1.326666
2105,1.806337
2106,-0.497503
2107,1.035675
2108,0.107884
2109,-0.189295
2110,-2.966297
2111,-1.151512
2112,-2.076390
2113,-0.490077
2114,-0.077305
2115,0.011208
2116,-0.726068
2117,-2.016106
2118,-1.559240
2119,0.093562
2120,0.704460
2121,-0.168039
2122,0.965488
2123,-0.357023
2124,0.903868
2125,-0.324444
2126,-0.138745
2127,-0.214289
2128,0.836965
2129,-0.582414
2130,-0.783415
2131,1.390230
2132,0.646404
2133,-0.896838
2134,-0.133966
2135,-1.423645
2136,-0.770032
2137,0.278161
2138,-2.614039
2139,-0.682859
2140,0.455673
2141,-0.937186
2142,0.823063
2143,-1.307990
2144,-0.415597
2145,0.151823
2146,1.347310
2147,-0.774518
2148,-1.590327
2149,-0.485018
2150,0.126296
2151,-0.776448
2152,-0.179548
2153,-0.456444
2154,-0.628858
2155,1.107016
2156,0.237617
2157,1.654966
2158,0.968036
2159,-0.584506
2160,-1.030006
2161,-0.363789
2162,-1.280227
2163,0.084108
2164,-1.405957
2165,-1.249913
2166,1.088206
2167,-0.539990
2168,0.196862
2169,0.280108
2170,1.417001
2171,-0.119882
2172,0.173324
2173,-0.800748
2174,0.276343
2175,0.107197
2176,-0.355442
2177,-0.457356
2178,1.308092
2179,-0.256025
2180,1.482371
2181,0.349035
2182,-0.170121
2183,-0.446360
2184,-0.531392
2185,-0.118028
2186,1.691811
2187,0.566125
2188,-0.202713
2189,-1.260221
2190,1.647343
2191,1.375135
2192,0.838410
2193,-1.102768
2194,1.149486
2195,1.429097
2196,1.458801
2197,0.377366
2198,1.256563
2199,1.886527
2200,0.562297
2201,-0.346635
2202,-0.790334
2203,0.195855
2204,0.319627
2205,1.573278
2206,0.940047
2207,0.507302
2208,0.586758
2209,-0.518802
2210,-1.431015
2211,-1.105294
2212,-0.067970
2213,-0.933029
2214,-0.593025
2215,-1.024174
2216,0.464100
2217,-0.017570
2218,1.087573
2219,0.641450
2220,1.109113
2221,1.036863
2222,-0.607586
2223,0.192548
2224,-1.140551
2225,-0.914127
2226,-0.001185
2227,0.172739
2228,-0.986033
2229,-0.800074
2230,-0.272881
2231,0.241721
2232,0.204323
2233,-0.854991
2234,-0.066929
2235,0.970342
2236,0.780086
2237,0.755355
2238,-0.242237
2239,-1.239336
2240,-0.474698
2241,-0.732880
2242,-0.391694
2243,-0.148273
2244,0.411931
2245,-0.250659
2246,-0.406313
2247,-0.742411
2248,-1.586714
2249,-0.092232
2250,0.237639
2251,-1.619273
2252,-0.282633
2253,-0.757318
2254,-0.662468
2255,0.565724
2256,0.511448
2257,0.264959
2258,-0.122665
2259,-0.352922
2260,-1.283642
2261,0.691036
2262,0.948923
2263,0.398330
2264,0.302998
2265,0.015367
2266,-2.233196
2267,0.265935
2268,0.114703
2269,0.003727
2270,0.012531
2271,-0.611467
2272,1.764676
2273,2.043469
2274,-0.291796
2275,0.430046
2276,-1.754066
2277,-0.970798
2278,-0.337981
2279,0.084037
2280,0.738044
2281,-0.506283
2282,-0.828254
2283,0.061324
2284,-0.604484
2285,0.661708
2286,-0.645904
2287,-0.006093
2288,-0.356345
2289,-0.043036
2290,-1.163901
2291,-1.552852
2292,0.154416
2293,-0.096762
2294,0.248469
2295,1.712399
2296,0.242284
2297,-0.966610
2298,0.381211
2299,1.344495
2300,0.067208
2301,-0.885715
2302,-0.235867
2303,-0.294467
2304,0.486531
2305,0.688897
2306,-0.779090
2307,-0.279282
2308,3.405630
2309,1.680383
2310,-1.145953
2311,-2.045495
2312,-1.290977
2313,-0.134388
2314,0.778559
2315,-0.848975
2316,0.158225
2317,1.624565
2318,-0.604312
2319,-0.704224
2320,-0.508221
2321,-0.913309
2322,0.647083
2323,0.516310
2324,0.568289
2325,-0.074301
2326,-1.843901
2327,-0.220075
2328,-0.647211
2329,-2.148991
2330,0.091102
2331,-2.131822
2332,-0.443776
2333,1.585506
2334,-0.833031
2335,-1.637910
2336,-3.171048
2337,-0.271293
2338,0.422368
2339,-2.215936
2340,-1.029702
2341,1.934418
2342,1.476343
2343,-0.142461
2344,-0.882446
2345,1.075623
2346,0.831836
2347,-0.831063
2348,-1.252926
2349,-1.381529
2350,-0.711155
2351,-0.289545
2352,-1.591098
2353,-2.101761
2354,-1.628846
2355,-0.016620
2356,0.869904
2357,0.955287
2358,0.568153
2359,0.524254
2360,0.404209
2361,-0.924794
2362,-1.049250
2363,-2.439461
2364,0.811164
2365,-0.037321
2366,-0.010909
2367,1.531868
2368,0.167629
2369,1.082228
2370,1.962958
2371,1.541786
2372,-0.592829
2373,-0.043553
2374,-0.414868
2375,1.490853
2376,-1.140532
2377,-0.452467
2378,0.690439
2379,1.042080
2380,0.453948
2381,-0.420978
2382,0.396073
2383,1.054078
2384,0.631893
2385,-0.221355
2386,-0.928690
2387,-1.608186
2388,-1.150830
2389,-0.461163
2390,-0.237611
2391,-2.668349
2392,-0.567072
2393,-0.668161
2394,-0.332621
2395,-0.910809
2396,-0.923431
2397,-0.817829
2398,0.044472
2399,0.648214
2400,-0.111035
2401,0.217207
2402,-0.671713
2403,-1.199833
2404,0.054331
2405,-2.037332
2406,-0.927651
2407,0.670271
2408,0.112186
2409,-0.735371
2410,-0.234861
2411,-0.263073
2412,-0.032625
2413,-0.555520
2414,-1.377277
2415,-0.678182
2416,1.812990
2417,0.091254
2418,-2.309176
2419,-1.395706
2420,-0.284958
2421,-0.465523
2422,0.413593
2423,-1.052377
2424,-1.830513
2425,0.315308
2426,-0.564819
2427,-0.594684
2428,-1.979080
2429,0.276460
2430,-0.558434
2431,-1.423882
2432,1.123705
2433,-1.267043
2434,0.516510
2435,1.594078
2436,1.742515
2437,1.592412
2438,-0.473495
2439,1.034342
2440,0.198783
2441,0.077643
2442,0.372469
2443,-0.621362
2444,0.726869
2445,-0.164062
2446,0.491516
2447,-1.201081
2448,-1.772006
2449,-0.789250
2450,0.220993
2451,-0.243797
2452,-0.123466
2453,0.450713
2454,0.122882
2455,-0.341020
2456,-1.251716
2457,-1.818402
2458,-0.891020
2459,0.839172
2460,1.140394
2461,-1.718184
2462,0.263230
2463,-0.255422
2464,0.390628
2465,0.363098
2466,-0.870003
2467,-1.742213
2468,0.593415
2469,0.001318
2470,0.066988
2471,1.988059
2472,-0.269284
2473,-0.141877
2474,-1.260176
2475,-0.863130
2476,-0.886925
2477,-0.762967
2478,-0.558004
2479,0.567459
2480,-1.181822
2481,-0.020626
2482,1.570677
2483,1.400964
2484,-0.496474
2485,0.480870
2486,-1.693583
2487,-1.515030
2488,1.145603
2489,1.132077
2490,0.036487
2491,-0.470623
2492,-1.105167
2493,-0.208085
2494,-0.055069
2495,-0.440947
2496,-1.600875
2497,0.026343
2498,0.563816
2499,0.832401
2500,-0.373203
2501,-1.274630
2502,0.612777
2503,0.444866
2504,-0.867022
2505,-0.661599
2506,1.288675
2507,-0.339070
2508,-1.089766
2509,-0.250221
2510,0.344552
2511,-1.975870
2512,0.382037
2513,0.726277
2514,0.070304
2515,-0.169838
2516,-0.006440
2517,0.223996
2518,-0.590299
2519,-1.439722
2520,0.280168
2521,-0.268299
2522,-0.601921
2523,-0.062058
2524,0.418560
2525,1.044377
2526,-0.914713
2527,0.836496
2528,-1.429996
2529,0.138527
2530,0.599160
2531,0.310078
2532,0.663029
2533,-2.955546
2534,0.315086
2535,1.079331
2536,-0.479361
2537,0.051739
2538,2.322952
2539,0.958839
2540,1.668310
2541,1.666364
2542,1.331220
2543,1.489320
2544,-1.135067
2545,1.007449
2546,1.019871
2547,0.816489
2548,-0.053131
2549,-1.431529
2550,0.108710
2551,1.305638
2552,-0.148757
2553,2.115270
2554,2.166884
2555,-0.425651
2556,1.008510
2557,-0.838830
2558,0.518442
2559,-1.109374
2560,-0.463097
2561,0.141059
2562,-0.603034
2563,-1.090302
2564,-0.990884
2565,-1.420008
2566,-0.329582
2567,0.131313
2568,0.125618
2569,-0.027470
2570,0.946000
2571,-0.996649
2572,0.440904
2573,-0.978221
2574,0.294941
2575,0.071749
2576,0.066529
2577,-1.978350
2578,-1.487767
2579,-2.069199
2580,-1.157599
2581,0.028449
2582,1.109678
2583,0.684806
2584,0.960415
2585,0.329879
2586,0.699673
2587,1.277611
2588,0.841047
2589,-0.070966
2590,-0.682173
2591,-0.801187
2592,1.838918
2593,0.940367
2594,-0.836848
2595,-0.412853
2596,-0.358003
2597,1.778104
2598,-0.523480
2599,-1.114292
2600,-1.286578
2601,0.268542
2602,0.369033
2603,1.385746
2604,0.341829
2605,1.143969
2606,0.825733
2607,0.314870
2608,-0.794038
2609,0.269401
2610,0.247588
2611,0.841764
2612,-1.060022
2613,0.023687
2614,1.176035
2615,-1.334075
2616,1.139927
2617,0.899609
2618,0.633237
2619,-2.381065
2620,-1.377951
2621,0.282362
2622,1.006165
2623,-1.641028
2624,-0.947605
2625,-0.609203
2626,0.167559
2627,1.822280
2628,1.757608
2629,0.871876
2630,0.028368
2631,-1.399352
2632,-0.971663
2633,-2.067670
2634,-2.637338
2635,-2.324111
2636,-1.145189
2637,-1.489812
2638,0.123219
2639,0.730127
2640,1.446300
2641,-0.363514
2642,-0.193180
2643,0.853437
2644,0.889821
2645,2.751686
2646,1.529704
2647,-0.041726
2648,0.973795
2649,-0.139952
2650,-0.220816
2651,0.074149
2652,-0.611623
2653,-1.151047
2654,0.714489
2655,-0.526246
2656,-0.939235
2657,-0.351417
2658,0.066213
2659,-2.181368
2660,-0.510884
2661,0.864282
2662,-0.283995
2663,-1.564319
2664,-2.288071
2665,0.889809
2666,0.119123
2667,-0.496040
2668,-1.113064
2669,-0.161300
2670,3.943423
2671,-1.141623
2672,-0.133570
2673,0.859081
2674,-0.362942
2675,0.659999
2676,-0.585511
2677,-2.109995
2678,-1.745858
2679,-0.288558
2680,0.524175
2681,1.160183
2682,1.847494
2683,-1.097871
2684,-0.862077
2685,0.020907
2686,-0.954900
2687,-0.358710
2688,-0.921079
2689,0.761418
2690,0.238577
2691,-0.535725
2692,-0.287187
2693,0.499689
2694,0.110527
2695,1.910588
2696,1.163451
2697,0.636413
2698,0.511877
2699,-1.647947
2700,-0.625736
2701,-0.748390
2702,0.318439
2703,2.022010
2704,1.385383
2705,-0.141106
2706,0.641198
2707,0.804670
2708,0.532764
2709,1.393831
2710,1.597948
2711,-0.643438
2712,-0.497920
2713,-0.698879
2714,-1.169265
2715,0.907472
2716,1.133419
2717,0.311014
2718,1.261955
2719,-0.029259
2720,0.412709
2721,-0.349119
2722,-1.849185
2723,-0.373490
2724,1.341900
2725,-0.655859
2726,-0.126508
2727,-0.517884
2728,-0.764490
2729,0.131284
2730,1.236538
2731,0.628461
2732,0.053416
2733,0.986199
2734,0.017572
2735,-0.582431
2736,0.235260
2737,-0.136728
2738,0.351303
2739,-0.559245
2740,0.318730
2741,-0.965162
2742,0.280181
2743,0.777188
2744,-1.443820
2745,-2.416479
2746,-1.028489
2747,-0.494466
2748,0.133066
2749,-1.575439
2750,-1.986711
2751,-0.452698
2752,1.083143
2753,0.792166
2754,-0.452667
2755,-1.383732
2756,-1.601957
2757,-0.106030
2758,-0.621884
2759,1.271584
2760,1.033458
2761,0.212722
2762,-0.366504
2763,-1.197909
2764,-1.238631
2765,-2.883849
2766,-0.512945
2767,-0.882748
2768,-1.314734
2769,0.548326
2770,0.096336
2771,1.361836
2772,0.156199
2773,-0.090660
2774,0.958273
2775,-0.411258
2776,1.638388
2777,2.102464
2778,0.448675
2779,1.957756
2780,-1.079345
2781,-1.437121
2782,-1.188557
2783,0.416703
2784,0.745556
2785,0.863920
2786,0.925930
2787,0.666751
2788,-0.539601
2789,1.227235
2790,-1.450911
2791,-1.643361
2792,-1.976105
2793,-0.075935
2794,-0.446909
2795,2.285691
2796,-0.634302
2797,-1.834326
2798,-0.466742
2799,0.846169
2800,0.399036
2801,-0.351270
2802,0.398781
2803,-0.453107
2804,0.796586
2805,0.749257
2806,1.161459
2807,1.371169
2808,-0.049664
2809,-0.436790
2810,0.598181
2811,-0.806943
2812,-1.474465
2813,-0.704699
2814,-0.454008
2815,-1.272201
2816,0.332635
2817,-0.125932
2818,0.178749
2819,-1.394120
2820,1.119628
2821,-1.205245
2822,-1.066354
2823,-1.986983
2824,-1.315781
2825,-0.791464
2826,-0.231267
2827,-1.106756
2828,-2.045049
2829,-0.379065
2830,1.079920
2831,0.320769
2832,0.652201
2833,-0.587740
2834,0.823208
2835,-1.664470
2836,0.264036
2837,0.025551
2838,-1.265810
2839,-0.311505
2840,-1.923579
2841,-1.209433
2842,-0.000851
2843,2.080751
2844,1.034589
2845,0.586811
2846,-0.078554
2847,-0.698565
2848,0.536679
2849,-1.857008
2850,0.830611
2851,0.527802
2852,-1.242183
2853,-1.795673
2854,-0.744104
2855,-0.436830
2856,1.350802
2857,0.624387
2858,2.172017
2859,0.058591
2860,0.362690
2861,-0.761736
2862,0.194606
2863,0.214247
2864,0.578886
2865,1.298285
2866,1.692059
2867,0.205519
2868,-0.416454
2869,0.571501
2870,1.287550
2871,0.261478
2872,-0.650236
2873,-0.315370
2874,-0.593158
2875,-1.085712
2876,-0.866431
2877,-0.125179
2878,1.986985
2879,0.604675
2880,0.207359
2881,0.727848
2882,-0.181552
2883,0.118290
2884,-0.772045
2885,-0.681234
2886,-1.072568
2887,0.282138
2888,0.930782
2889,0.875661
2890,0.015973
2891,1.761823
2892,-0.290798
2893,-1.230774
2894,-0.253733
2895,0.436215
2896,-1.429183
2897,-0.557625
2898,-0.774013
2899,-0.260123
2900,0.533148
2901,-0.719916
2902,1.202562
2903,0.129889
2904,-0.276132
2905,-0.829555
2906,-1.365610
2907,0.193428
2908,0.024130
2909,1.164870
2910,0.164434
2911,-0.121631
2912,0.103773
2913,-0.711745
2914,0.491999
2915,-0.628491
2916,-0.122103
2917,1.495912
2918,-0.331221
2919,0.067013
2920,0.702425
2921,0.667284
2922,0.578807
2923,-0.753696
2924,-1.642058
2925,-1.507094
2926,1.001772
2927,-1.336100
2928,0.687202
2929,-0.806410
2930,1.219921
2931,-1.577393
2932,-2.255058
2933,0.968816
2934,-0.139908
2935,-0.820317
2936,1.725271
2937,0.691944
2938,-0.454427
2939,0.430999
2940,-0.739233
2941,0.239769
2942,-0.609961
2943,0.736319
2944,0.489583
2945,0.756668
2946,0.248316
2947,-0.969984
2948,1.737952
2949,1.647072
2950,-0.749835
2951,0.329621
2952,-0.391291
2953,-0.358730
2954,-0.057545
2955,-0.860127
2956,-0.606917
2957,0.178417
2958,-1.693085
2959,-1.533862
2960,-0.285866
2961,1.393823
2962,0.078142
2963,-1.363823
2964,0.456463
2965,1.867797
2966,2.056224
2967,0.363241
2968,-0.617531
2969,-1.530042
2970,-0.257617
2971,0.561636
2972,-0.376218
2973,0.317775
2974,-0.137044
2975,-1.903550
2976,-0.858231
2977,-1.328264
2978,-1.335039
2979,-0.694828
2980,0.644431
2981,-0.040044
2982,1.465162
2983,1.115570
2984,0.753204
2985,-0.908423
2986,-0.893895
2987,0.054567
2988,0.601497
2989,-0.291696
2990,0.636646
2991,1.677121
2992,0.340669
2993,-0.102998
2994,-0.855687
2995,0.045711
2996,1.570434
2997,-1.177122
2998,-0.220210
2999,1.325737
3000,0.267566
3001,-1.436203
3002,0.336037
3003,-0.549626
3004,0.631365
3005,0.799422
3006,0.416062
3007,0.843325
3008,-1.119372
3009,1.938978
3010,0.856979
3011,0.255050
3012,11.655631
3013,18.457435
3014,19.336669
3015,20.517878
3016,18.369442
3017,17.661771
3018,16.050438
3019,15.919073
3020,19.983626
3021,19.768607
3022,15.541379
3023,17.349572
3024,16.676402
3025,17.780342
3026,15.240128
3027,19.268202
3028,16.917761
3029,13.740836
3030,13.858604
3031,15.878555
3032,14.914936
3033,14.108992
3034,17.637403
3035,19.203846
3036,21.107266
3037,22.440917
3038,19.126343
3039,20.321097
3040,17.882066
3041,18.127761
3042,18.563852
3043,15.955808
3044,19.896114
3045,16.369212
3046,17.068861
3047,16.049950
3048,17.779820
3049,14.716480
3050,18.314841
3051,17.377219
3052,16.902306
3053,15.019444
3054,16.536357
3055,14.264971
3056,16.720925
3057,19.813334
3058,18.711548
3059,14.652887
3060,19.682343
3061,16.634399
3062,18.811535
3063,18.177003
3064,17.030894
3065,18.474940
3066,15.168560
3067,17.734052
3068,17.139432
3069,17.385227
3070,17.545740
3071,19.358020
3072,16.316570
3073,13.308539
3074,19.591516
3075,17.852377
3076,15.727739
3077,17.160729
3078,20.086480
3079,16.742715
3080,17.354113
3081,22.399857
3082,18.459154
3083,17.837310
3084,15.379436
3085,13.510829
3086,12.236690
3087,15.590538
3088,15.731631
3089,16.989577
3090,17.756587
3091,15.929521
3092,18.128267
3093,14.500201
3094,17.816586
3095,15.776913
3096,19.319382
3097,19.790910
3098,17.821022
3099,17.042816
3100,17.383119
3101,18.575957
3102,18.257966
3103,16.191912
3104,14.783254
3105,16.773359
3106,16.474482
3107,14.838806
3108,18.377397
3109,15.800595
3110,15.817550
3111,18.502823
3112,14.668876
3113,14.449027
3114,13.987378
3115,15.526517
3116,15.750577
3117,14.824822
3118,14.876272
3119,14.683646
3120,13.759167
3121,14.600933
3122,18.883658
3123,19.790334
3124,16.689425
3125,18.271690
3126,14.838161
3127,15.242411
3128,17.555124
3129,12.986218
3130,15.368243
3131,19.421398
3132,20.037031
3133,20.746639
3134,20.584511
3135,18.322751
3136,15.990677
3137,17.629098
3138,17.882897
3139,21.444669
3140,18.109578
3141,16.670833
3142,19.041739
3143,19.940135
3144,17.790453
3145,18.916668
3146,15.790017
3147,20.954645
3148,20.691726
3149,17.213001
3150,15.835643
3151,18.054786
3152,16.718506
3153,19.093020
3154,16.770974
3155,20.487293
3156,17.986215
3157,17.072362
3158,17.381167
3159,19.932407
3160,18.310769
3161,15.310387
3162,18.849558
3163,20.279452
3164,18.699038
3165,18.712046
3166,20.638033
3167,18.688018
3168,19.334521
3169,20.827697
3170,17.387716
3171,22.630259
3172,18.049645
3173,20.681214
3174,15.970579
3175,17.159334
3176,18.847544
3177,17.709675
3178,18.378838
3179,19.340105
3180,18.951241
3181,19.262873
3182,16.813064
3183,19.666684
3184,20.445505
3185,21.212920
3186,17.710005
3187,17.410241
3188,16.700463
3189,17.712976
3190,17.053566
3191,19.465761
3192,17.671709
3193,19.863781
3194,21.337244
3195,20.740166
3196,17.255225
3197,18.905836
3198,17.600151
3199,18.442580
3200,19.573020
3201,20.686467
3202,15.351216
3203,17.422362
3204,17.398797
3205,16.934004
3206,22.203795
3207,16.289331
3208,19.425182
3209,17.559211
3210,21.989060
3211,17.706049
3212,18.710776
3213,21.146805
3214,19.184001
3215,19.295149
3216,19.282720
3217,17.985483
3218,16.505501
3219,17.260806
3220,20.044139
3221,20.468380
3222,16.035917
3223,16.407586
3224,20.606339
3225,18.702298
3226,19.520307
3227,16.912243
3228,20.593793
3229,22.315795
3230,19.347683
3231,16.281603
3232,21.680627
3233,20.093677
3234,19.492346
3235,18.358986
3236,21.420135
3237,21.175243
3238,15.893474
3239,20.011903
3240,20.317410
3241,21.375060
3242,19.255921
3243,20.415351
3244,21.237821
3245,16.628427
3246,19.370690
3247,17.728905
3248,20.600583
3249,21.860830
3250,16.701587
3251,20.096313
3252,22.421134
3253,15.879298
3254,17.583302
3255,13.557339
3256,18.429557
3257,18.432842
3258,17.129063
3259,20.989630
3260,18.201384
3261,14.243096
3262,20.497183
3263,17.698272
3264,16.902187
3265,17.401076
3266,18.159243
3267,17.559876
3268,16.552266
3269,20.572200
3270,21.639559
3271,19.667078
3272,18.674540
3273,23.335732
3274,20.301489
3275,16.857524
3276,19.227335
3277,14.896944
3278,19.869687
3279,18.752578
3280,20.861702
3281,21.151107
3282,17.445915
3283,15.868336
3284,16.732067
3285,20.388688
3286,20.090990
3287,18.587668
3288,17.812701
3289,17.397715
3290,19.207686
3291,18.848536
3292,17.221964
3293,17.642498
3294,20.235715
3295,16.524193
3296,20.426754
3297,21.181687
3298,17.951118
3299,18.436883
3300,14.883259
3301,18.110177
3302,18.685086
3303,18.606761
3304,17.353740
3305,16.539086
3306,20.008077
3307,20.272337
3308,15.371016
3309,17.117577
3310,17.303631
3311,18.285811
3312,19.751446
3313,20.119859
3314,20.949297
3315,15.739695
3316,15.229173
3317,19.177569
3318,17.658820
3319,19.528218
3320,21.503642
3321,24.155721
3322,19.826600
3323,18.620487
3324,16.324627
3325,18.473466
3326,16.097305
3327,21.145761
3328,17.806486
3329,16.460058
3330,19.542104
3331,20.152324
3332,19.406818
3333,16.863045
3334,18.383641
3335,4.357815
3336,1.401743
3337,-0.483616
3338,0.089049
3339,-0.369624
3340,-0.115979
3341,-0.376227
3342,-0.616890
3343,0.260206
3344,0.051068
3345,-0.390966
3346,-0.552798
3347,-0.512321
3348,0.314580
3349,-1.396582
3350,0.445086
3351,-0.724142
3352,-0.955110
3353,0.387879
3354,1.608221
3355,-0.084402
3356,-1.619782
3357,-0.245955
3358,-1.598717
3359,1.804707
3360,-0.182133
3361,0.855137
3362,0.952095
3363,0.101812
3364,1.733719
3365,1.593984
3366,0.011543
3367,0.186130
3368,2.571103
3369,-1.049634
3370,1.142711
3371,-3.111260
3372,-0.541403
3373,-1.271116
3374,-0.801261
3375,1.143811
3376,0.732305
3377,-1.663989
3378,0.539923
3379,-0.029120
3380,0.325637
3381,-0.245877
3382,1.092400
3383,-0.140782
3384,0.949057
3385,-0.102604
3386,-1.377864
3387,0.252210
3388,-0.988708
3389,-1.804553
3390,-0.455102
3391,0.379254
3392,-0.410666
3393,-0.046770
3394,-0.669970
3395,-0.832724
3396,-0.475973
3397,0.177029
3398,0.543425
3399,-0.691371
3400,1.272714
3401,-1.429414
3402,0.401141
3403,-0.792142
3404,-0.355952
3405,0.030382
3406,-0.731731
3407,0.278485
3408,0.166669
3409,-0.327187
3410,1.461866
3411,0.153655
3412,-0.387226
3413,-0.754879
3414,-0.121068
3415,-0.473947
3416,0.814894
3417,-0.441690
3418,-1.786004
3419,0.473474
3420,-0.062053
3421,1.931589
3422,0.257742
3423,-1.686073
3424,0.050008
3425,1.589690
3426,1.206465
3427,-0.322441
3428,0.683154
3429,0.584230
3430,0.324866
3431,0.424651
3432,-0.455125
3433,-0.270647
3434,0.819206
3435,-1.056427
3436,-0.110927
3437,-0.393061
3438,-0.635678
3439,0.333937
3440,1.923586
3441,0.696710
3442,-1.439671
3443,-0.193327
3444,-1.086755
3445,-1.484590
3446,-0.110367
3447,-0.348496
3448,-0.351965
3449,-0.714991
3450,-1.546831
3451,-0.915396
3452,0.860454
3453,-1.144347
3454,-1.590736
3455,0.217828
3456,0.050926
3457,0.730844
3458,0.740582
3459,-0.882230
3460,-0.765736
3461,0.044913
3462,0.985059
3463,-0.496094
3464,-0.789984
3465,-1.709463
3466,0.305864
3467,1.590877
3468,0.809000
3469,0.369344
3470,-0.489876
3471,-0.989370
3472,0.835827
3473,0.979448
3474,0.383152
3475,0.312746
3476,-0.432335
3477,1.457847
3478,-0.985531
3479,-0.285547
3480,-0.053887
3481,2.254110
3482,0.824941
3483,0.127342
3484,1.519194
3485,0.739173
3486,-1.770848
3487,-1.615212
3488,0.548820
3489,-0.027493
3490,1.763894
3491,-0.186721
3492,-1.037136
3493,0.078523
3494,0.433326
3495,0.898011
3496,2.013046
3497,1.856251
3498,1.627123
3499,0.367610
3500,0.548100
3501,1.737869
3502,2.251636
3503,-0.476753
3504,1.006595
3505,-0.376448
3506,-0.549408
3507,0.071619
3508,-0.658484
3509,-0.783486
3510,1.241314
3511,-0.702378
3512,0.678870
3513,-1.413686
3514,0.016075
3515,-0.317458
3516,0.455684
3517,0.158993
3518,0.958328
3519,-1.602284
3520,-0.978175
3521,0.407924
3522,1.072093
3523,0.761146
3524,1.254768
3525,0.873051
3526,0.154856
3527,0.617657
3528,-0.226993
3529,0.205009
3530,-0.935538
3531,-0.814839
3532,-1.124214
3533,0.004594
3534,-1.672253
3535,-1.005473
3536,0.102733
3537,-0.752423
3538,1.257379
3539,0.911247
3540,1.390486
3541,1.259925
3542,0.798944
3543,-0.386649
3544,-0.034725
3545,-0.772158
3546,-1.753102
3547,-1.004083
3548,0.723666
3549,-1.009468
3550,-1.320827
3551,-1.028179
3552,-0.811820
3553,-0.867723
3554,0.081927
3555,-2.975214
3556,-0.846959
3557,-1.301539
3558,0.737479
3559,-0.954058
3560,-2.270104
3561,-0.623649
3562,-0.338576
3563,-0.455872
3564,0.078497
3565,-0.692659
3566,-1.596920
3567,1.044478
3568,-0.980623
3569,0.427915
3570,-0.597902
3571,-0.445448
3572,-0.695926
3573,0.645328
3574,0.554599
3575,-1.882017
3576,-0.893227
3577,-1.794151
3578,1.729668
3579,1.573741
3580,0.267329
3581,1.144037
3582,0.157540
3583,1.180716
3584,0.136022
3585,1.764959
3586,1.872239
3587,-0.405706
3588,0.496309
3589,-1.967319
3590,-1.305652
3591,0.521350
3592,0.021113
3593,2.100513
3594,1.295582
3595,0.210579
3596,0.420671
3597,0.701187
3598,2.089758
3599,1.576145
3600,0.052137
3601,-1.541907
3602,-0.099344
3603,-3.308158
3604,-0.277057
3605,0.852790
3606,0.223845
3607,0.097884
3608,1.072584
3609,0.671641
3610,-0.460010
3611,1.133693
3612,-1.628475
3613,0.812638
3614,0.403518
3615,0.346431
3616,-1.111028
3617,-1.826273
3618,0.991253
3619,1.060027
3620,0.134945
3621,-1.183059
3622,-0.163355
3623,0.838462
3624,-0.416854
3625,-0.572244
3626,-0.482730
3627,-0.408837
3628,-0.662807
3629,0.769541
3630,-0.344723
3631,-1.725361
3632,1.475358
3633,1.485775
3634,1.758375
3635,0.597668
3636,0.252347
3637,0.396204
3638,0.282343
3639,0.307857
3640,0.905866
3641,0.116410
3642,0.994189
3643,0.552473
3644,0.900941
3645,-0.080534
3646,0.173828
3647,0.780617
3648,2.791589
3649,-0.229240
3650,-0.708260
3651,-0.172071
3652,-0.026198
3653,-0.599046
3654,0.322293
3655,1.508032
3656,0.901698
3657,-1.207691
3658,0.913435
3659,-0.471483
3660,0.419421
3661,1.442825
3662,0.328245
3663,-0.516271
3664,-0.977486
3665,0.877231
3666,0.282729
3667,-0.777340
3668,-1.287671
3669,0.131648
3670,-1.048301
3671,-0.859134
3672,-0.903873
3673,1.179862
3674,-0.163099
3675,0.469057
3676,1.094390
3677,0.756331
3678,0.437305
3679,-1.266717
3680,1.980700
3681,-0.721529
3682,-0.229373
3683,0.341771
3684,0.197411
3685,-0.849910
3686,-0.180821
3687,-1.508003
3688,-2.147828
3689,-0.671439
3690,0.214738
3691,1.062139
3692,0.791397
3693,1.138894
3694,-0.817942
3695,-0.378799
3696,0.581450
3697,-0.593978
3698,-0.114459
3699,0.440800
3700,-0.338493
3701,-0.049683
3702,-0.106910
3703,1.843839
3704,0.367600
3705,1.696479
3706,1.566038
3707,1.450350
3708,0.841104
3709,-0.966986
3710,-0.092550
3711,-0.964043
3712,-1.838024
3713,0.463519
3714,-1.045052
3715,-0.203186
3716,-0.405190
3717,-0.919831
3718,-0.287070
3719,0.987914
3720,-1.064544
3721,0.436743
3722,0.003619
3723,-1.188642
3724,0.249567
3725,-1.385145
3726,-1.186860
3727,-1.600116
3728,0.103637
3729,-0.420796
3730,2.402243
3731,1.527835
3732,-0.317017
3733,0.255723
3734,0.512269
3735,0.142797
3736,0.615161
3737,0.867639
3738,0.693966
3739,0.571927
3740,-0.582493
3741,-1.735592
3742,-1.110339
3743,-0.656411
3744,-0.178127
3745,0.210181
3746,-2.388974
3747,-0.187427
3748,0.700828
3749,-1.093965
3750,0.726724
3751,-1.476603
3752,-0.651996
3753,0.169385
3754,1.211846
3755,0.269122
3756,0.675352
3757,-0.647661
3758,0.508648
3759,-0.411327
3760,0.846420
3761,0.126547
3762,0.462610
3763,-0.588807
3764,-1.155376
3765,-1.870643
3766,-1.048241
3767,2.037521
3768,1.395549
3769,1.070393
3770,-0.597749
3771,-0.064826
3772,0.900201
3773,0.426114
3774,-1.675051
3775,0.639123
3776,-0.622075
3777,-0.693343
3778,0.150583
3779,-1.186815
3780,-1.809518
3781,-0.513395
3782,-0.672256
3783,-0.329000
3784,-0.216821
3785,1.294445
3786,-1.477996
3787,-2.177809
3788,0.251106
3789,-1.574691
3790,0.354787
3791,0.106930
3792,-0.673342
3793,-0.206043
3794,0.690597
3795,1.060964
3796,0.472409
3797,-0.515320
3798,-1.506314
3799,0.950539
3800,1.112117
3801,-0.167063
3802,0.113678
3803,-0.071400
3804,1.313214
3805,-1.236797
3806,-0.366624
3807,-0.366925
3808,0.469181
3809,-0.907262
3810,0.850229
3811,-0.419881
3812,-0.004584
3813,-0.155481
3814,-0.174662
3815,-0.982130
3816,-0.536528
3817,1.130153
3818,-1.436299
3819,-0.231933
3820,-1.996407
3821,-1.320095
3822,-0.814491
3823,0.594825
3824,0.230153
3825,-0.089826
3826,1.253435
3827,1.933289
3828,0.429717
3829,0.488976
3830,2.258752
3831,1.682604
3832,-0.675727
3833,1.662255
3834,1.998012
3835,1.258477
3836,-0.092572
3837,-0.610514
3838,-0.567074
3839,-0.625303
3840,-0.018341
3841,-1.318951
3842,0.533731
3843,0.308127
3844,-1.043274
3845,-1.025812
3846,-1.209731
3847,1.746514
3848,0.297292
3849,-2.332746
3850,0.222042
3851,0.338903
3852,-0.651392
3853,-2.390173
3854,0.063783
3855,-0.202384
3856,1.706696
3857,1.063624
3858,-1.329201
3859,0.551534
3860,-0.160857
3861,0.105168
3862,0.535794
3863,-0.204033
3864,-0.464313
3865,-0.920146
3866,0.199697
3867,-0.177390
3868,0.624793
3869,2.268435
3870,-1.064486
3871,1.366351
3872,0.969127
3873,0.280356
3874,0.460835
3875,-1.753077
3876,0.111636
3877,1.294437
3878,1.104880
3879,0.167480
3880,1.111527
3881,0.569394
3882,1.067192
3883,1.375434
3884,0.555065
3885,1.447830
3886,1.725684
3887,0.146624
3888,0.792657
3889,-0.252377
3890,0.151719
3891,0.918904
3892,-0.621905
3893,-0.120389
3894,0.936743
3895,0.233740
3896,-1.312302
3897,0.362515
3898,-0.389666
3899,-1.559616
3900,-1.121253
3901,-1.314182
3902,0.257903
3903,0.296080
3904,0.205298
3905,0.169166
3906,0.322781
3907,0.534197
3908,-0.050817
3909,1.186878
3910,1.451942
3911,0.793566
3912,0.391303
3913,0.743267
3914,0.035990
3915,-0.673421
3916,-1.690400
3917,-0.441804
3918,-0.950449
3919,-0.935420
3920,0.700319
3921,-0.337067
3922,-1.731882
3923,-1.480970
3924,-0.915103
3925,-0.014330
3926,-0.107360
3927,1.059873
3928,1.854526
3929,-0.168248
3930,0.488752
3931,-0.967408
3932,-1.881504
3933,-1.737751
3934,-1.627062
3935,-1.333965
3936,-1.081456
3937,1.082166
3938,-1.376786
3939,-0.861707
3940,-1.974161
3941,-0.903077
3942,1.506239
3943,0.716493
3944,-0.280494
3945,-0.226622
3946,0.715294
3947,-1.346665
3948,-0.392155
3949,-0.083701
3950,0.514669
3951,-1.667809
3952,-0.537863
3953,-1.285850
3954,0.549440
3955,0.287510
3956,-2.380553
3957,2.337526
3958,0.705912
3959,0.066620
3960,0.132665
3961,-0.147469
3962,1.789694
3963,0.673346
3964,1.962710
3965,1.346823
3966,1.309193
3967,0.231769
3968,-1.151002
3969,-1.074107
3970,-1.593941
3971,-1.209188
3972,0.274632
3973,-1.239128
3974,-0.589002
3975,1.136415
3976,-0.203590
3977,-0.552379
3978,-0.176769
3979,-0.738107
3980,0.459735
3981,-0.091323
3982,1.739866
3983,1.616695
3984,0.994754
3985,0.047706
3986,-0.429064
3987,-0.884494
3988,-1.073109
3989,-0.362053
3990,-0.959158
3991,-1.422618
3992,-1.367012
3993,0.064900
3994,0.156096
3995,-0.539460
3996,-0.892993
3997,-0.737169
3998,-1.744772
3999,-1.244505
4000,-0.849593
4001,-0.850801
4002,-1.327483
4003,-0.475427
4004,0.755232
4005,0.984815
4006,0.951820
4007,0.584141
4008,-1.214344
4009,-0.349446
4010,0.407288
4011,-1.055421
4012,0.782705
4013,-0.233340
4014,1.473736
4015,-0.072457
4016,1.253672
4017,-0.593771
4018,-0.928978
4019,-1.364528
4020,0.028943
4021,-0.128054
4022,0.503648
4023,-1.131483
4024,0.130774
4025,-1.142030
4026,-1.462862
4027,-0.550422
4028,-0.515419
4029,-1.521709
4030,-0.621436
4031,0.406489
4032,-2.118657
4033,-1.563185
4034,-0.494366
4035,-0.788488
4036,-0.420957
4037,0.657783
4038,-1.994631
4039,-2.378474
4040,-0.689040
4041,-0.493266
4042,1.386532
4043,1.736241
4044,-0.371494
4045,-2.229856
4046,-1.127903
4047,1.696413
4048,-1.637449
4049,0.327145
4050,-2.574895
4051,-0.790797
4052,-0.694785
4053,-2.773871
4054,-1.635186
4055,-2.466278
4056,-1.647681
4057,1.200239
4058,0.644484
4059,-1.696088
4060,-1.155877
4061,0.184318
4062,1.059634
4063,0.544760
4064,-0.949010
4065,0.191093
4066,-1.000858
4067,0.035708
4068,-0.616208
4069,-0.684202
4070,-1.108622
4071,-0.010404
4072,0.611049
4073,0.638370
4074,0.760149
4075,-0.288424
4076,-0.134876
4077,0.923527
4078,0.109779
4079,0.135140
4080,-1.466559
4081,0.405705
4082,0.270027
4083,0.208479
4084,0.943948
4085,-1.937775
4086,-0.114811
4087,-0.499018
4088,1.527492
4089,1.510030
4090,1.405293
4091,-0.120194
4092,1.211776
4093,-1.267621
4094,0.785713
4095,-0.181636
4096,-0.718800
4097,-0.256892
4098,-0.601961
4099,-1.394918
4100,0.407889
4101,-0.845152
4102,-0.978958
4103,-0.428667
4104,-0.381440
4105,-1.104232
4106,0.835276
4107,0.360057
4108,1.030211
4109,0.276598
4110,1.295524
4111,0.207642
4112,-1.094930
4113,-0.621939
4114,0.275849
4115,1.120402
4116,0.067523
4117,-0.800003
4118,1.932314
4119,0.251507
4120,-0.044315
4121,-0.271028
4122,0.387447
4123,0.382335
4124,1.968901
4125,-0.189604
4126,-1.194646
4127,-0.086266
4128,-1.405056
4129,-0.757600
4130,-0.314002
4131,-0.464566
4132,-0.416454
4133,0.359887
4134,-0.790815
4135,-0.382027
4136,-0.520966
4137,0.094389
4138,0.020880
4139,0.527470
4140,-2.260678
4141,-1.781585
4142,1.221709
4143,0.576355
4144,-0.346429
4145,-0.589069
4146,-1.573689
4147,0.249168
4148,-1.465856
4149,0.040440
4150,-0.153117
4151,-0.356525
4152,-0.713454
4153,-1.430297
4154,-0.335615
4155,-0.520820
4156,-0.769748
4157,0.752498
4158,0.666016
4159,0.842142
4160,-0.193590
4161,-0.915945
4162,-0.175728
4163,-0.856467
4164,-0.132676
4165,0.188557
4166,-0.397984
4167,-1.586008
4168,-1.514959
4169,-0.189537
4170,0.552589
4171,0.676361
4172,-0.181664
4173,-0.002894
4174,-0.622657
4175,0.343624
4176,-2.618612
4177,-1.024453
4178,0.640519
4179,1.415935
4180,2.137168
4181,2.007841
4182,-0.042538
4183,0.708980
4184,0.119585
4185,0.740189
4186,-0.574613
4187,1.259261
4188,0.008216
4189,-0.275910
4190,-1.273360
4191,-0.978439
4192,1.441240
4193,1.183029
4194,-0.542680
4195,0.500782
4196,-0.145641
4197,0.295838
4198,-0.373653
4199,-0.380997
4200,-1.389274
4201,-0.093821
4202,1.169894
4203,0.058443
4204,-1.006923
4205,-1.036744
4206,-0.868855
4207,-0.143989
4208,0.669404
4209,-0.079495
4210,-1.144295
4211,0.782775
4212,0.618558
4213,-1.337563
4214,-2.318358
4215,0.159335
4216,0.071199
4217,-0.366398
4218,1.609452
4219,1.108866
4220,-0.142470
4221,-0.153038
4222,-0.770538
4223,0.614940
4224,0.664572
4225,1.484408
4226,0.539400
4227,0.110993
4228,0.341997
4229,0.211223
4230,0.860765
4231,0.922720
4232,0.491332
4233,0.857631
4234,0.737986
4235,-0.878713
4236,1.323051
4237,0.576274
4238,-0.043121
4239,-0.904491
4240,-1.239499
4241,-1.898241
4242,-0.144846
4243,-1.502240
4244,-2.786862
4245,-1.509993
4246,-1.377806
4247,-0.707674
4248,-0.058691
4249,-0.115940
4250,1.454902
4251,-1.056101
4252,-1.131447
4253,-1.188120
4254,-0.443260
4255,-0.677605
4256,-1.111160
4257,-0.158588
4258,0.412525
4259,0.321085
4260,-0.339835
4261,0.823088
4262,-1.103399
4263,1.353899
4264,0.559724
4265,-1.117547
4266,-1.625447
4267,1.420556
4268,1.531305
4269,1.636099
4270,-0.050235
4271,0.058326
4272,-2.297373
4273,-0.993767
4274,0.131045
4275,-2.060869
4276,0.504544
4277,0.061842
4278,-0.123508
4279,0.055809
4280,-0.904185
4281,-0.071825
4282,-0.214162
4283,0.737094
4284,-0.594488
4285,1.335713
4286,0.189324
4287,1.097757
4288,-0.671586
4289,1.122006
4290,0.665545
4291,0.106669
4292,0.909876
4293,-0.727382
4294,1.890287
4295,-0.127792
4296,-0.358553
4297,1.556612
4298,1.041476
4299,-0.506854
4300,-0.457284
4301,0.507479
4302,0.619166
4303,-0.413768
4304,-2.040533
4305,-3.139808
4306,-0.926535
4307,-0.747934
4308,-0.430684
4309,-1.047657
4310,0.190737
4311,0.854651
4312,-0.163756
4313,1.590430
4314,-0.448924
4315,-1.460758
4316,1.001272
4317,-0.112106
4318,-0.265470
4319,0.038419
4320,1.040356
4321,1.597024
4322,0.851595
4323,-1.519646
4324,-0.217390
4325,1.193596
4326,0.109875
4327,-0.210189
4328,-0.194308
4329,0.008156
4330,-0.256935
4331,2.026845
4332,0.373152
4333,0.166058
4334,0.449984
4335,0.257049
4336,-0.206830
4337,-0.284690
4338,-0.461226
4339,-0.911388
4340,0.489211
4341,0.419587
4342,0.717006
4343,-0.690337
4344,0.001026
4345,1.558557
4346,-0.649615
4347,-0.750337
4348,0.099368
4349,-0.694177
4350,-0.788481
4351,0.905431
4352,0.197281
4353,1.044878
4354,0.332502
4355,0.296587
4356,-0.370460
4357,0.256776
4358,-0.838217
4359,1.387241
4360,1.848036
4361,1.208005
4362,0.738926
4363,-1.160450
4364,-0.828928
4365,-1.290333
4366,0.237020
4367,1.522811
4368,0.184645
4369,0.160540
4370,0.890263
4371,-0.999672
4372,-1.462809
4373,0.759566
4374,0.705519
4375,1.174692
4376,0.155369
4377,1.037849
4378,1.653774
4379,-0.071923
4380,2.048829
4381,0.318323
4382,0.762331
4383,0.103224
4384,0.655309
4385,0.186807
4386,-1.497158
4387,0.335662
4388,-0.753904
4389,0.131764
4390,-1.159527
4391,-0.107447
4392,1.183418
4393,1.677106
4394,0.534721
4395,-0.326569
4396,1.959500
4397,1.525987
4398,1.694450
4399,-1.406777
4400,1.071916
4401,2.714655
4402,2.451895
4403,1.466269
4404,0.148208
4405,0.117787
4406,1.471145
4407,2.311157
4408,0.889660
4409,1.727955
4410,0.887056
4411,0.225863
4412,-0.884251
4413,0.119787
4414,-0.197329
4415,-0.081015
4416,0.312092
4417,-0.606763
4418,-0.841348
4419,-0.128826
4420,-1.316676
4421,-0.747046
4422,0.679342
4423,0.374464
4424,-0.191458
4425,-1.979637
4426,-1.636361
4427,1.436851
4428,0.231523
4429,-0.636017
4430,-0.451678
4431,0.081737
4432,-0.642268
4433,-0.227115
4434,-0.194684
4435,-0.274793
4436,0.910846
4437,-0.796511
4438,-0.076761
4439,-0.907086
4440,-2.805358
4441,-1.651014
4442,-0.078284
4443,-0.601765
4444,0.164669
4445,0.409645
4446,-0.524436
4447,1.237907
4448,1.182794
4449,1.180980
4450,0.233598
4451,-1.997005
4452,0.796642
4453,0.758700
4454,1.619743
4455,1.807964
4456,-0.334973
4457,-1.186824
4458,-0.763028
4459,-0.522433
4460,-0.200358
4461,0.933091
4462,1.883414
4463,0.426646
4464,1.529826
4465,0.033591
4466,1.362785
4467,-1.419528
4468,-1.673551
4469,0.466841
4470,-0.795871
4471,-0.780215
4472,-2.250765
4473,0.712684
4474,-0.800491
4475,0.467168
4476,0.790636
4477,0.682150
4478,0.965823
4479,0.905848
4480,0.383712
4481,-0.815743
4482,-0.383690
4483,0.559556
4484,1.032143
4485,0.231294
4486,0.324813
4487,-1.210803
4488,-1.893131
4489,0.498526
4490,0.316365
4491,1.223365
4492,0.652981
4493,-0.367742
4494,0.077477
4495,-0.763468
4496,-2.274263
4497,-1.252503
4498,0.757000
4499,0.349750
4500,-0.303068
4501,2.355951
4502,0.050708
4503,-1.119585
4504,1.813903
4505,1.674357
4506,0.328871
4507,-0.787253
4508,-0.911511
4509,-0.217295
4510,-1.326867
4511,-0.312777
4512,0.012363
4513,0.281281
4514,1.041004
4515,1.045823
4516,-0.316068
4517,-0.884184
4518,-0.295677
4519,0.580148
4520,-0.187963
4521,-0.393082
4522,-0.282583
4523,-0.896877
4524,1.844602
4525,1.131153
4526,-0.365413
4527,-0.473746
4528,-0.873501
4529,-0.664547
4530,0.557879
4531,-0.509437
4532,0.457374
4533,2.010874
4534,-0.268966
4535,0.069643
4536,-0.077041
4537,0.352892
4538,-1.404733
4539,0.683208
4540,1.056135
4541,1.092970
4542,-0.647857
4543,-1.714044
4544,-1.591733
4545,0.511307
4546,0.922299
4547,-1.041654
4548,-1.441644
4549,0.471567
4550,2.236189
4551,-1.234811
4552,-1.594464
4553,-0.908315
4554,-0.280115
4555,-0.462850
4556,-1.326226
4557,-1.249493
4558,-0.537166
4559,-1.883762
4560,-0.114631
4561,-0.176623
4562,0.558412
4563,-0.183631
4564,0.398280
4565,0.339423
4566,-0.047602
4567,-0.238988
4568,1.203543
4569,2.004182
4570,2.702066
4571,0.836650
4572,-0.084900
4573,-0.386342
4574,1.354561
4575,0.595666
4576,0.358745
4577,-1.140315
4578,-1.158380
4579,1.056068
4580,-0.087627
4581,1.829850
4582,0.690963
4583,0.137457
4584,1.011027
4585,-0.110538
4586,0.267601
4587,0.959190
4588,0.635432
4589,-0.121727
4590,-0.730747
4591,-1.644098
4592,-2.685739
4593,-0.813259
4594,0.489197
4595,-1.048797
4596,-0.565484
4597,0.721798
4598,0.345196
4599,-0.927564
4600,-0.544185
4601,-0.625776
4602,-0.504964
4603,0.111419
4604,0.455508
4605,0.929241
4606,0.002498
4607,2.845710
4608,1.577459
4609,0.235589
4610,0.829957
4611,-0.850923
4612,-0.272201
4613,-0.647752
4614,0.471631
4615,1.256699
4616,1.912951
4617,0.602837
4618,1.191505
4619,1.693263
4620,-0.211957
4621,0.860929
4622,1.751763
4623,-0.347700
4624,-0.109310
4625,0.184873
4626,0.189104
4627,-0.778761
4628,-0.151513
4629,1.267779
4630,0.179927
4631,2.374670
4632,0.389080
4633,-0.976330
4634,0.651374
4635,0.085692
4636,-1.132228
4637,0.925710
4638,-0.181068
4639,0.641346
4640,0.559188
4641,0.399586
4642,0.197041
4643,0.661234
4644,-0.193496
4645,0.563749
4646,-1.302100
4647,-1.733110
4648,-0.347850
4649,1.748169
4650,-0.017263
4651,0.099097
4652,-1.046050
4653,-1.079435
4654,0.511026
4655,-0.192373
4656,-0.578520
4657,-0.848048
4658,-1.154673
4659,-0.504146
4660,-1.162190
4661,-0.147745
4662,1.419599
4663,-0.345496
4664,0.294534
4665,-0.039243
4666,-0.637371
4667,-1.604373
4668,0.701083
4669,-0.381941
4670,-0.618663
4671,0.118368
4672,-0.566117
4673,-1.022175
4674,1.807991
4675,1.362543
4676,0.732109
4677,-0.622168
4678,-1.663149
4679,-0.074276
4680,2.824771
4681,0.857274
4682,1.614266
4683,0.923273
4684,0.543726
4685,-0.151675
4686,-0.073923
4687,-1.377155
4688,-0.488388
4689,0.477949
4690,-0.611543
4691,0.131626
4692,-0.899573
4693,0.322128
4694,0.118893
4695,0.564002
4696,0.577893
4697,0.127914
4698,-1.078349
4699,-0.025059
4700,-0.042170
4701,0.489242
4702,-1.058316
4703,-0.861629
4704,-0.705590
4705,0.851415
4706,0.249300
4707,1.182870
4708,0.120079
4709,0.649170
4710,-0.082094
4711,0.482188
4712,0.640677
4713,-0.090892
4714,-0.632645
4715,-0.421749
4716,1.957305
4717,-0.225141
4718,-0.056439
4719,-0.445769
4720,-1.232250
4721,-0.881930
4722,-3.039916
4723,-0.529505
4724,-0.655552
4725,-0.248197
4726,-0.981618
4727,-1.490660
4728,-1.780871
4729,-0.321008
4730,-0.157076
4731,-0.126159
4732,-1.134888
4733,1.126032
4734,-1.196036
4735,-0.417525
4736,1.264923
4737,0.345343
4738,0.037512
4739,-1.281307
4740,-0.198293
4741,-1.556796
4742,0.797570
4743,-1.598990
4744,-1.066071
4745,0.620998
4746,1.473354
4747,1.135421
4748,1.573113
4749,1.591663
4750,0.114610
4751,0.854485
4752,0.796602
4753,-0.323303
4754,-1.792600
4755,-0.001707
4756,-0.778347
4757,-1.117874
4758,-2.349014
4759,0.858049
4760,0.804461
4761,0.527017
4762,-0.705079
4763,1.456149
4764,1.449038
4765,1.681040
4766,0.991664
4767,0.842966
4768,0.563347
4769,0.830030
4770,1.766850
4771,-1.268704
4772,1.109741
4773,-1.122665
4774,0.771360
4775,-0.042383
4776,-0.528475
4777,-0.069746
4778,-1.700115
4779,-0.704535
4780,-1.216199
4781,-0.496097
4782,1.078130
4783,0.371402
4784,0.218952
4785,-0.076168
4786,-0.460823
4787,-0.731414
4788,-1.828932
4789,-1.330162
4790,0.445621
4791,1.063350
4792,0.096129
4793,0.709771
4794,-0.313515
4795,-0.016789
4796,-0.217140
4797,-0.735725
4798,0.086356
4799,0.337624
4800,0.445183
4801,1.859122
4802,-1.040883
4803,-0.442530
4804,1.253946
4805,0.433425
4806,-1.128675
4807,0.012016
4808,-0.808837
4809,-1.491537
4810,-0.302153
4811,0.565524
4812,-0.321315
4813,1.586720
4814,0.070383
4815,-0.632112
4816,-1.370163
4817,-1.367412
4818,2.400214
4819,0.235013
4820,1.378459
4821,-0.338265
4822,0.242885
4823,1.038511
4824,0.058456
4825,1.048062
4826,-0.718184
4827,-1.580606
4828,-2.334923
4829,-1.604846
4830,0.773816
4831,1.749623
4832,0.520421
4833,-0.913069
4834,1.545397
4835,-0.039462
4836,-0.388799
4837,0.035749
4838,-0.203303
4839,0.644947
4840,0.813561
4841,-0.622752
4842,-1.156573
4843,0.030421
4844,0.306372
4845,1.265102
4846,0.635043
4847,0.724352
4848,1.002176
4849,-0.625433
4850,-1.036567
4851,-0.475180
4852,0.097212
4853,-0.189441
4854,-0.520652
4855,-0.189252
4856,1.367684
4857,2.147042
4858,0.591437
4859,0.673727
4860,0.566466
4861,0.128083
4862,-0.339283
4863,-1.449971
4864,-0.381160
4865,0.628103
4866,-0.634675
4867,-0.193247
4868,-1.052703
4869,-2.109210
4870,-1.368788
4871,-0.594309
4872,-0.170378
4873,0.657502
4874,1.726759
4875,-1.915828
4876,-1.772017
4877,-0.575162
4878,0.278715
4879,1.200078
4880,0.247404
4881,-1.299372
4882,0.826737
4883,-0.494515
4884,0.436311
4885,1.139347
4886,-0.105794
4887,-0.420469
4888,0.970860
4889,0.097970
4890,0.988132
4891,-0.420440
4892,-0.589894
4893,-1.223191
4894,-0.681414
4895,-0.244015
4896,0.549930
4897,0.335191
4898,-0.311194
4899,0.269074
4900,-0.707711
4901,1.147230
4902,0.700189
4903,0.343329
4904,-0.372985
4905,-1.456681
4906,-0.010553
4907,0.491431
4908,-0.499738
4909,-0.812398
4910,-0.592217
4911,0.613794
4912,-1.513624
4913,-2.168793
4914,-1.945864
4915,-0.009134
4916,-1.274647
4917,1.313244
4918,0.309404
4919,-1.650217
4920,0.471709
4921,-0.433784
4922,-0.968145
4923,-0.130100
4924,-0.759314
4925,0.778696
4926,-0.154928
4927,-0.466017
4928,0.949067
4929,-0.693327
4930,-0.775802
4931,-2.014878
4932,0.689379
4933,0.565869
4934,-0.894143
4935,-0.982142
4936,0.979919
4937,0.087475
4938,-1.208441
4939,-1.385697
4940,-1.938633
4941,-0.562338
4942,0.175084
4943,-1.641189
4944,0.136182
4945,0.885861
4946,1.083055
4947,-0.660782
4948,-1.412962
4949,-0.441605
4950,0.514703
4951,-0.973812
4952,-0.124063
4953,-1.178069
4954,-0.437606
4955,0.422068
4956,-0.803196
4957,0.768491
4958,-0.099511
4959,-0.006135
4960,1.965723
4961,0.351155
4962,0.519601
4963,0.640824
4964,0.119858
4965,1.327976
4966,1.951116
4967,0.625973
4968,-1.237275
4969,0.387501
4970,-1.143541
4971,-0.935726
4972,-1.168761
4973,1.373207
4974,-0.238330
4975,0.079807
4976,-0.960200
4977,-1.663553
4978,-0.423646
4979,0.441351
4980,0.048598
4981,0.761921
4982,0.497765
4983,-0.077110
4984,-0.415597
4985,0.545446
4986,-1.365370
4987,-0.341784
4988,-1.806569
4989,-0.591308
4990,-0.020436
4991,0.332387
4992,1.411989
4993,-1.005639
4994,-0.702055
4995,-2.386119
4996,-0.775531
4997,0.186603
4998,-0.414724
4999,0.088240
5000,0.565171
5001,1.204655
5002,-1.931236
5003,-0.018092
5004,1.066837
5005,0.917055
5006,0.503559
5007,1.523662
5008,-0.498031
5009,1.282649
5010,1.530737
5011,0.185709
5012,-1.117496
5013,-1.684112
5014,0.175901
5015,-0.659720
5016,0.096542
5017,-1.140932
5018,-0.778947
5019,1.499066
5020,-1.005182
5021,-1.127694
5022,-0.360114
5023,1.347892
5024,-1.798116
5025,-1.302914
5026,0.610289
5027,-0.174588
5028,0.183997
5029,1.993944
5030,-0.716825
5031,0.568336
5032,0.284387
5033,0.440846
5034,-0.162654
5035,-0.749206
5036,-0.245233
5037,1.571081
5038,1.846936
5039,0.012703
5040,-0.385150
5041,0.204673
5042,1.705299
5043,1.705801
5044,-0.516598
5045,0.294532
5046,-0.161705
5047,0.531167
5048,-0.730388
5049,-0.687183
5050,1.300540
5051,-1.188599
5052,-0.702396
5053,-0.585837
5054,-0.310568
5055,0.204184
5056,0.880864
5057,0.461930
5058,1.586002
5059,-0.085506
5060,-1.177924
5061,-0.157148
5062,0.988713
5063,1.721091
5064,-1.096627
5065,0.360367
5066,3.638919
5067,0.443438
5068,-1.600590
5069,-0.807256
5070,-1.249851
5071,-0.134796
5072,-0.851099
5073,-0.241282
5074,0.306600
5075,0.730151
5076,-0.312117
5077,-0.194281
5078,0.342670
5079,-1.181827
5080,-0.433751
5081,-0.522986
5082,-0.595296
5083,-0.069219
5084,-0.677560
5085,0.858023
5086,0.330145
5087,1.601844
5088,0.503931
5089,1.522822
5090,0.981734
5091,-1.987818
5092,-0.472112
5093,-0.024311
5094,-0.648611
5095,-1.058925
5096,-1.717315
5097,-2.087733
5098,-0.461600
5099,0.314071
5100,-0.196615
5101,1.813089
5102,-0.003064
5103,-0.730866
5104,1.328231
5105,-0.311598
5106,-1.010151
5107,-0.695628
5108,-1.130372
5109,1.026199
5110,-0.367842
5111,0.133559
5112,-0.248032
5113,0.523386
5114,-0.212501
5115,1.446334
5116,0.941261
5117,0.162540
5118,0.057809
5119,-0.756803
5120,-2.412096
5121,-0.476087
5122,-1.431782
5123,0.107402
5124,0.386874
5125,-1.060321
5126,-1.080816
5127,-0.560881
5128,0.190903
5129,-0.710346
5130,-1.316544
5131,1.576341
5132,1.704377
5133,-0.324350
5134,1.215339
5135,-1.002398
5136,0.778355
5137,0.215255
5138,-1.513455
5139,0.008492
5140,0.355393
5141,0.137299
5142,0.598445
5143,-0.888393
5144,-0.556108
5145,-1.228444
5146,-0.898755
5147,-1.021107
5148,1.214930
5149,1.604849
5150,-1.133148
5151,-0.538772
5152,-1.816404
5153,-0.490693
5154,-0.310665
5155,1.068268
5156,1.261148
5157,2.010632
5158,1.950159
5159,0.363380
5160,-0.206325
5161,2.420143
5162,1.155997
5163,-0.360206
5164,-1.079058
5165,-0.074360
5166,-1.160082
5167,-0.731278
5168,0.022382
5169,-1.134829
5170,-2.893764
5171,-2.252459
5172,-1.801748
5173,0.523773
5174,0.699959
5175,-3.146320
5176,0.142100
5177,-0.536919
5178,-0.663394
5179,1.368355
5180,2.134930
5181,-0.003499
5182,0.110173
5183,0.459295
5184,2.638737
5185,-0.214308
5186,-0.247270
5187,-0.734329
5188,0.428468
5189,-0.089850
5190,-1.205366
5191,0.902937
5192,-0.562536
5193,0.165707
5194,-0.080413
5195,2.131843
5196,-0.213431
5197,0.810257
5198,-0.843836
5199,0.325848
5200,0.045614
5201,0.228898
5202,0.458690
5203,0.776752
5204,1.287322
5205,1.300234
5206,0.038462
5207,0.550615
5208,1.462334
5209,-0.209223
5210,-1.003546
5211,-1.616315
5212,-0.117335
5213,0.501266
5214,0.547606
5215,-0.164466
5216,0.845340
5217,0.444574
5218,-0.174911
5219,-0.458139
5220,-0.806357
5221,-0.038138
5222,1.695245
5223,0.889489
5224,-0.552488
5225,-0.994418
5226,-1.051622
5227,1.064510
5228,2.061685
5229,-1.119640
5230,0.362840
5231,0.548644
5232,1.680003
5233,0.171491
5234,0.728029
5235,0.481255
5236,-0.140435
5237,-0.021482
5238,-1.820841
5239,-1.641131
5240,0.080574
5241,1.679443
5242,-1.805888
5243,0.994254
5244,0.995690
5245,0.951423
5246,-0.616958
5247,0.086693
5248,-0.854179
5249,-0.810774
5250,0.645381
5251,1.915500
5252,0.234915
5253,1.546977
5254,-0.660053
5255,-0.692471
5256,0.946666
5257,-0.095688
5258,-0.377458
5259,-0.052279
5260,-0.612544
5261,-1.431950
5262,-1.324059
5263,0.762602
5264,-0.535446
5265,0.029350
5266,0.279310
5267,-0.989550
5268,0.782200
5269,1.095877
5270,0.774045
5271,1.102477
5272,-0.378103
5273,-1.984704
5274,-0.511805
5275,0.004685
5276,1.750759
5277,0.367439
5278,1.413997
5279,-0.384719
5280,-1.388034
5281,-1.490980
5282,0.721204
5283,-0.792152
5284,0.554476
5285,0.652236
5286,0.671810
5287,0.981943
5288,1.776563
5289,-0.130345
5290,1.055032
5291,-0.306427
5292,0.551173
5293,-1.728621
5294,0.249972
5295,0.639313
5296,1.560352
5297,0.044492
5298,1.444402
5299,-0.958196
5300,0.199794
5301,-0.344153
5302,-1.435969
5303,0.301329
5304,-0.273394
5305,0.888881
5306,1.551201
5307,0.280494
5308,1.448607
5309,-1.112423
5310,-2.342224
5311,0.458218
5312,1.188703
5313,0.004422
5314,-0.456791
5315,0.443666
5316,0.648612
5317,-1.096263
5318,1.102847
5319,1.916597
5320,-0.378255
5321,-0.134361
5322,1.071800
5323,-0.219289
5324,0.638041
5325,-1.353418
5326,-2.448879
5327,-0.790368
5328,1.117164
5329,1.309189
5330,-0.028463
5331,1.652361
5332,1.665787
5333,0.676079
5334,-0.321906
5335,-1.401278
5336,-1.880144
5337,0.369980
5338,-1.234589
5339,-0.233372
5340,0.704367
5341,0.734655
5342,0.612124
5343,0.327687
5344,1.238803
5345,-0.589412
5346,-0.816111
5347,0.828439
5348,-1.023287
5349,0.035347
5350,-0.419163
5351,-0.394514
5352,-1.729078
5353,-0.914357
5354,-0.065397
5355,-1.038034
5356,-0.335968
5357,0.565700
5358,-0.772294
5359,-1.936143
5360,-0.310562
5361,-1.214910
5362,-0.707625
5363,-0.043057
5364,0.300286
5365,0.103278
5366,-0.878429
5367,-0.941270
5368,-0.506004
5369,1.344220
5370,-1.053243
5371,-1.947629
5372,0.302911
5373,-0.369044
5374,-1.074640
5375,0.158648
5376,1.136994
5377,0.495033
5378,0.963569
5379,0.315575
5380,0.631409
5381,-0.346179
5382,-0.550923
5383,1.337630
5384,1.841316
5385,-0.105764
5386,1.035555
5387,-0.699984
5388,-0.490895
5389,-0.519771
5390,-1.149538
5391,-0.337042
5392,0.535734
5393,-0.652625
5394,-1.790280
5395,-1.576256
5396,0.880270
5397,0.336259
5398,0.162279
5399,-0.607778
5400,-0.781198
5401,1.760894
5402,-0.511189
5403,-0.509571
5404,-0.628090
5405,1.160539
5406,-0.818265
5407,-2.490805
5408,0.189280
5409,0.602389
5410,-0.082254
5411,0.839127
5412,-0.666891
5413,-0.591072
5414,1.153403
5415,-0.534064
5416,-1.174411
5417,-0.479967
5418,0.370930
5419,0.214859
5420,1.268526
5421,0.924473
5422,1.233591
5423,1.758393
5424,1.092799
5425,-0.776569
5426,1.496748
5427,1.169448
5428,-0.097292
5429,2.012900
5430,0.341573
5431,-0.243517
5432,0.243673
5433,-1.491798
5434,0.122594
5435,0.175244
5436,1.999402
5437,0.014775
5438,-0.121786
5439,-0.223127
5440,-0.064117
5441,0.389925
5442,-0.583726
5443,1.460990
5444,0.607438
5445,1.176645
5446,-0.423872
5447,1.441063
5448,0.531034
5449,0.547170
5450,0.332326
5451,0.326153
5452,0.439153
5453,0.125322
5454,-0.371249
5455,1.311857
5456,-0.685233
5457,0.797831
5458,0.621740
5459,0.544672
5460,0.240933
5461,0.228754
5462,-1.035284
5463,0.731905
5464,-0.150956
5465,1.048288
5466,1.587437
5467,0.206060
5468,-1.409917
5469,-0.185518
5470,0.341241
5471,-0.858308
5472,0.815023
5473,-0.759433
5474,0.464398
5475,0.674456
5476,1.084285
5477,0.709389
5478,0.228302
5479,-1.582259
5480,0.390193
5481,0.039699
5482,-0.287752
5483,-0.738937
5484,0.801439
5485,-0.579121
5486,-0.743567
5487,0.748782
5488,-0.789836
5489,-0.053577
5490,-0.427257
5491,-0.332758
5492,0.549585
5493,-0.418045
5494,-0.656841
5495,-1.987316
5496,-0.267470
5497,0.428548
5498,0.564971
5499,-0.499120
5500,0.036962
5501,-0.539201
5502,-0.770085
5503,-1.107585
5504,-0.420816
5505,-0.277937
5506,-0.837679
5507,0.919184
5508,0.110952
5509,0.651067
5510,-0.453110
5511,-0.016161
5512,0.054080
5513,0.152001
5514,0.503589
5515,0.765956
5516,-0.676554
5517,0.016182
5518,-0.155149
5519,-0.212562
5520,0.149136
5521,0.556745
5522,0.487933
5523,0.420577
5524,-0.440561
5525,-0.661953
5526,0.008026
5527,-0.234951
5528,-0.712541
5529,0.223926
5530,-0.977741
5531,-0.771377
5532,-1.953029
5533,-2.509077
5534,-1.505691
5535,-3.463324
5536,-2.475040
5537,-0.290116
5538,-0.963408
5539,0.898963
5540,0.357216
5541,2.348775
5542,2.605407
5543,0.743882
5544,0.698236
5545,0.609417
5546,1.555475
5547,1.174031
5548,0.942598
5549,0.301626
5550,-1.021577
5551,-1.270688
5552,1.544330
5553,0.800411
5554,1.406021
5555,0.966830
5556,0.357613
5557,1.130969
5558,-0.953210
5559,0.042662
5560,-0.451901
5561,1.341566
5562,-1.082710
5563,-0.878007
5564,0.712742
5565,2.256422
5566,-0.013069
5567,-1.781917
5568,-0.066984
5569,-1.401499
5570,-1.969410
5571,-0.629926
5572,-0.539735
5573,0.249141
5574,-1.791933
5575,-0.162910
5576,0.631616
5577,0.604783
5578,0.465037
5579,-0.795697
5580,0.190952
5581,-0.876889
5582,2.071718
5583,1.905710
5584,1.373398
5585,1.573224
5586,1.411460
5587,-0.354227
5588,1.330525
5589,1.689393
5590,-0.292636
5591,-0.754445
5592,0.118859
5593,-0.532475
5594,-2.848791
5595,-1.836610
5596,-0.902079
5597,-0.748932
5598,-0.149768
5599,-0.464813
5600,1.243920
5601,1.025409
5602,0.673609
5603,-0.622517
5604,0.588107
5605,0.900831
5606,1.840466
5607,-0.709152
5608,-1.036180
5609,-1.039226
5610,-0.260636
5611,0.236343
5612,0.804298
5613,0.621884
5614,-0.620352
5615,-0.697106
5616,1.187134
5617,0.143034
5618,0.952936
5619,1.342032
5620,1.749061
5621,0.282546
5622,-1.337384
5623,-1.871650
5624,-1.868642
5625,0.560261
5626,-0.779624
5627,0.652994
5628,-0.483187
5629,-0.200113
5630,-1.204180
5631,-0.492789
5632,0.293473
5633,-1.301441
5634,0.946275
5635,-0.063982
5636,-0.241605
5637,0.184314
5638,-1.197190
5639,0.420858
5640,-0.217074
5641,-0.533670
5642,-1.089943
5643,-1.374845
5644,-1.246865
5645,-0.158319
5646,0.120632
5647,0.127399
5648,-1.567942
5649,-3.010067
5650,-1.138472
5651,1.485305
5652,0.438804
5653,-0.455425
5654,0.149025
5655,-0.249446
5656,-0.011686
5657,1.370547
5658,1.377287
5659,-0.950079
5660,-0.126709
5661,-0.442907
5662,1.476242
5663,1.644318
5664,1.109880
5665,-0.493893
5666,-0.141416
5667,0.261653
5668,-0.880646
5669,-1.016177
5670,-1.358507
5671,0.473748
5672,1.240400
5673,-0.001291
5674,0.959924
5675,-1.797975
5676,0.237531
5677,-1.087309
5678,0.177488
5679,2.310966
5680,1.412426
5681,-1.334598
5682,-2.644522
5683,-1.000392
5684,0.853323
5685,1.589771
5686,0.721436
5687,0.434810
5688,-0.484762
5689,-0.230237
5690,1.707946
5691,1.169661
5692,1.176187
5693,-1.001166
5694,1.325812
5695,0.572252
5696,-0.248034
5697,0.494781
5698,0.220025
5699,1.448010
5700,0.990025
5701,1.057786
5702,-0.616190
5703,-2.214152
5704,-0.570781
5705,0.639468
5706,1.875660
5707,-0.993839
5708,0.240292
5709,0.706837
5710,0.216382
5711,-0.627042
5712,0.409445
5713,1.361954
5714,0.454654
5715,-0.742788
5716,-0.040557
5717,-0.607159
5718,0.453965
5719,-0.351359
5720,-1.104689
5721,-0.960080
5722,-0.028194
5723,0.963130
5724,1.631655
5725,0.065523
5726,0.451839
5727,-0.436517
5728,-1.142805
5729,-0.212376
5730,-1.188027
5731,-0.527348
5732,-2.258611
5733,-0.888235
5734,-1.587699
5735,-0.132275
5736,-0.701473
5737,-0.940656
5738,0.076482
5739,-1.369001
5740,-0.793819
5741,-0.155326
5742,-0.127182
5743,0.214887
5744,-0.811467
5745,0.623063
5746,-0.880923
5747,1.608014
5748,-1.010744
5749,-0.237126
5750,-0.410650
5751,0.337146
5752,-1.512759
5753,-0.245026
5754,0.774648
5755,0.650092
5756,0.400648
5757,0.839529
5758,1.067843
5759,-0.326076
5760,-0.611591
5761,0.154657
5762,-0.084807
5763,-0.221509
5764,0.810853
5765,0.666293
5766,0.775275
5767,1.165111
5768,0.172904
5769,0.838939
5770,-0.285225
5771,-0.320982
5772,0.772244
5773,-0.017837
5774,0.407888
5775,0.686360
5776,-0.917477
5777,-1.367754
5778,-0.008109
5779,0.050420
5780,-1.551779
5781,1.353106
5782,2.045609
5783,1.420473
5784,-0.347770
5785,-0.638348
5786,1.378359
5787,1.139496
5788,0.461294
5789,-0.110685
5790,2.356115
5791,0.017313
5792,0.613159
5793,-0.244505
5794,0.691665
5795,-1.811342
5796,1.934093
5797,0.944707
5798,-0.203715
5799,0.098649
5800,1.428291
5801,-0.818708
5802,-1.416502
5803,-0.833657
5804,0.579910
5805,0.301784
5806,-0.013236
5807,1.109398
5808,-0.540067
5809,0.273909
5810,1.728426
5811,0.310803
5812,-0.658644
5813,1.337298
5814,0.036695
5815,-0.566364
5816,-1.222459
5817,0.258873
5818,0.771205
5819,-0.001897
5820,1.060991
5821,0.353010
5822,-0.012087
5823,-0.858517
5824,0.582451
5825,1.091104
5826,1.101935
5827,-0.207442
5828,0.504253
5829,0.499647
5830,0.151402
5831,0.207051
5832,1.526176
5833,1.588932
5834,1.603739
5835,0.162781
5836,-1.025208
5837,1.386516
5838,0.289875
5839,-0.167734
5840,-0.668614
5841,-0.530635
5842,2.189606
5843,0.754138
5844,1.403710
5845,-1.366179
5846,0.090492
5847,-0.617381
5848,-1.768638
5849,1.654369
5850,1.133511
5851,0.421205
5852,0.260983
5853,0.088411
5854,-0.952595
5855,1.357081
5856,-1.001041
5857,0.429259
5858,0.879446
5859,1.833033
5860,0.713488
5861,-0.047625
5862,0.672484
5863,-0.273622
5864,0.877563
5865,0.130640
5866,-0.725746
5867,0.277297
5868,-0.388370
5869,1.139747
5870,2.109793
5871,0.358680
5872,1.189008
5873,1.947016
5874,-0.384023
5875,-1.394812
5876,-1.337603
5877,0.289988
5878,-1.301999
5879,-0.150117
5880,-1.581953
5881,1.218073
5882,0.857873
5883,-0.001742
5884,0.425354
5885,0.916222
5886,-0.368181
5887,-1.644739
5888,0.487438
5889,-1.937733
5890,-0.322874
5891,-1.461931
5892,-1.579937
5893,-0.707597
5894,0.235655
5895,-0.928606
5896,-0.694661
5897,-0.426356
5898,-0.666648
5899,-0.151226
5900,1.730356
5901,0.409921
5902,1.868655
5903,1.168265
5904,1.134784
5905,2.079700
5906,0.727098
5907,0.057845
5908,0.202826
5909,0.077196
5910,-0.263093
5911,-0.868011
5912,-2.868453
5913,-1.626178
5914,-1.475406
5915,-0.092171
5916,-1.317701
5917,0.924702
5918,2.026289
5919,-0.232692
5920,-1.000497
5921,-0.674699
5922,-1.149902
5923,0.091640
5924,-0.113045
5925,0.010586
5926,1.505843
5927,0.351599
5928,1.364767
5929,1.430543
5930,1.233346
5931,0.440736
5932,-0.382102
5933,0.751442
5934,-1.012389
5935,0.071984
5936,1.051079
5937,-0.699343
5938,-0.173145
5939,0.684785
5940,0.812561
5941,0.551476
5942,-0.682183
5943,0.277041
5944,1.080826
5945,0.001381
5946,-1.246387
5947,1.619101
5948,-1.064939
5949,-1.539680
5950,-0.961372
5951,1.863969
5952,0.192620
5953,0.136814
5954,0.278412
5955,-0.500893
5956,0.382538
5957,0.919234
5958,1.047015
5959,-0.696877
5960,-1.302102
5961,0.539889
5962,-1.006483
5963,-1.174525
5964,-0.724486
5965,1.188781
5966,2.077906
5967,1.815351
5968,-0.402951
5969,-0.143322
5970,-0.934310
5971,-0.274819
5972,1.126987
5973,-1.217453
5974,-0.273773
5975,-1.359429
5976,-1.319926
5977,1.529351
5978,-1.550385
5979,-0.575880
5980,-1.017462
5981,-0.036915
5982,0.153630
5983,1.199465
5984,-0.774055
5985,-1.901066
5986,-1.231806
5987,-0.665900
5988,-0.733576
5989,-0.932418
5990,-0.529461
5991,-0.390593
5992,2.356436
5993,0.227524
5994,0.695033
5995,0.083613
5996,1.107167
5997,0.222349
5998,0.162657
5999,1.114250
6000,1.246159
6001,0.309268
6002,0.227327
6003,0.160874
6004,-0.674296
6005,2.985622
6006,0.327525
6007,-3.080099
6008,-2.824373
6009,0.233571
6010,1.029148
6011,2.016411
6012,0.413480
6013,0.388042
6014,0.068241
6015,1.792860
6016,0.986296
6017,0.575270
6018,0.434546
6019,0.578516
6020,1.915082
6021,-0.460366
6022,-0.889562
6023,-0.094075
6024,-0.656445
6025,1.416961
6026,-0.189086
6027,-0.765401
6028,-1.393636
6029,0.692722
6030,1.160270
6031,1.826346
6032,0.614561
6033,0.750767
6034,0.659994
6035,0.273716
6036,0.375583
6037,-1.192270
6038,-0.832261
6039,-1.225140
6040,-1.572856
6041,1.132460
6042,-0.354482
6043,-0.680100
6044,-0.780001
6045,-0.105157
6046,-0.312777
6047,-0.273988
6048,-0.552014
6049,-1.669527
6050,-0.393558
6051,-0.466093
6052,-0.352820
6053,-0.694926
6054,0.316599
6055,0.107600
6056,1.204367
6057,1.015385
6058,1.794008
6059,0.796606
6060,-1.126709
6061,1.605598
6062,1.324205
6063,0.964039
6064,1.049044
6065,-0.691631
6066,1.552945
6067,0.982163
6068,-0.384089
6069,-0.830243
6070,-1.095442
6071,0.334387
6072,-0.764743
6073,1.457162
6074,-0.458895
6075,-0.885363
6076,0.738305
6077,-0.380377
6078,0.272593
6079,-0.388811
6080,-0.003667
6081,0.716555
6082,-0.282456
6083,0.299318
6084,-0.354107
6085,0.066164
6086,-0.983899
6087,1.149589
6088,0.658009
6089,1.879849
6090,2.461813
6091,1.586459
6092,0.339931
6093,-0.388161
6094,-0.966417
6095,-0.532027
6096,0.714579
6097,-0.902914
6098,-1.222029
6099,1.458012
6100,-0.852057
6101,2.525633
6102,-0.886940
6103,-1.394866
6104,-0.200875
6105,0.544380
6106,-0.873219
6107,-0.746632
6108,-1.143460
6109,-1.078040
6110,0.039499
6111,0.635915
6112,-0.065873
6113,2.037323
6114,-0.099964
6115,0.993865
6116,-0.596949
6117,-0.503789
6118,-1.605956
6119,0.626775
6120,3.174848
6121,0.290859
6122,1.015792
6123,-0.634350
6124,-1.401090
6125,-1.400955
6126,0.798169
6127,1.081962
6128,0.324306
6129,-0.793804
6130,-0.612683
6131,-2.383161
6132,-0.870196
6133,0.539171
6134,1.788734
6135,-0.157660
6136,0.879158
6137,0.150167
6138,0.119322
6139,-0.361537
6140,-0.349799
6141,-0.202237
6142,0.696212
6143,-1.698160
6144,-2.685396
6145,-0.093625
6146,0.178409
6147,-0.266758
6148,0.146853
6149,-0.320003
6150,1.014889
6151,0.662375
6152,-0.440734
6153,-1.802285
6154,-1.714015
6155,0.622935
6156,-1.925905
6157,1.521889
6158,0.269656
6159,0.670440
6160,-0.259194
6161,0.774706
6162,0.356471
6163,-0.145770
6164,1.381722
6165,0.893791
6166,-0.548929
6167,0.324794
6168,1.049327
6169,2.004933
6170,1.501164
6171,0.161502
6172,0.262404
6173,0.655874
6174,0.434854
6175,-0.524169
6176,-2.486526
6177,-2.143944
6178,0.663340
6179,0.794083
6180,3.330933
6181,2.083916
6182,0.267007
6183,0.131983
6184,-1.057726
6185,-1.877847
6186,-0.115701
6187,0.723665
6188,-2.406212
6189,-1.091808
6190,-1.324731
6191,-2.645783
6192,-0.731364
6193,-1.592495
6194,0.406660
6195,-0.625041
6196,2.095377
6197,-0.631573
6198,1.239417
6199,-1.627501
6200,0.535450
6201,0.317062
6202,-1.066552
6203,-1.304586
6204,0.079538
6205,0.307294
6206,-0.844300
6207,0.418320
6208,0.733096
6209,-0.124510
6210,0.199366
6211,-0.947533
6212,0.347197
6213,-0.945131
6214,-1.709057
6215,0.067806
6216,-0.384828
6217,1.701250
6218,-1.838888
6219,0.040632
6220,0.040504
6221,-0.185797
6222,1.606518
6223,0.991080
6224,-0.151936
6225,1.091952
6226,1.155986
6227,-0.166164
6228,0.629288
6229,1.127208
6230,-1.622408
6231,-0.954043
6232,-0.029622
6233,0.054130
6234,-0.891416
6235,-0.318890
6236,0.241782
6237,-1.478602
6238,-0.065840
6239,1.068625
6240,-0.726771
6241,0.190214
6242,0.981823
6243,-2.537113
6244,-1.472236
6245,-0.105254
6246,0.058332
6247,-0.297132
6248,1.768148
6249,-0.499314
6250,-1.606388
6251,0.486124
6252,-0.480760
6253,0.582191
6254,0.262989
6255,-0.348281
6256,1.023200
6257,0.747859
6258,0.336557
6259,-0.332325
6260,-0.969247
6261,-1.109997
6262,1.857740
6263,-0.590671
6264,-0.276951
6265,0.170409
6266,-0.649622
6267,0.260182
6268,0.652660
6269,0.715377
6270,0.858899
6271,-0.272766
6272,0.265812
6273,1.341326
6274,0.583320
6275,0.637349
6276,-0.316406
6277,-0.024811
6278,1.110384
6279,0.534919
6280,0.552111
6281,-0.955388
6282,-0.124905
6283,0.201477
6284,0.669993
6285,-0.354732
6286,-1.604364
6287,0.420025
6288,1.129555
6289,-0.641638
6290,-0.454546
6291,0.858075
6292,-1.026290
6293,0.152428
6294,-0.718592
6295,-1.015046
6296,0.114539
6297,-0.132765
6298,1.468705
6299,0.973398
6300,0.416171
6301,1.828806
6302,-1.118420
6303,-1.130839
6304,-1.056807
6305,0.023486
6306,-1.040523
6307,-0.138976
6308,-1.578224
6309,-0.667272
6310,0.583997
6311,-0.549454
6312,0.181017
6313,0.191179
6314,0.225923
6315,0.503225
6316,-0.414514
6317,0.326323
6318,-0.591250
6319,1.069198
6320,-0.011042
6321,0.155751
6322,-0.385754
6323,0.192779
6324,0.907432
6325,-0.063687
6326,0.089054
6327,1.498948
6328,1.418369
6329,1.553589
6330,1.031051
6331,0.066488
6332,0.498993
6333,-1.031195
6334,0.070876
6335,-0.535722
6336,0.259739
6337,-0.773941
6338,-0.253605
6339,-0.666031
6340,0.247407
6341,0.314719
6342,-1.237340
6343,-0.202209
6344,-0.245842
6345,-0.973193
6346,-0.508872
6347,-0.897948
6348,0.863535
6349,-0.596467
6350,-0.986319
6351,0.630211
6352,0.727076
6353,1.030266
6354,0.910125
6355,0.923025
6356,-0.806945
6357,-3.628449
6358,-1.560252
6359,0.901038
6360,-0.948240
6361,-1.743762
6362,0.125730
6363,-0.317944
6364,-1.251500
6365,-1.950563
6366,-0.272052
6367,0.137364
6368,0.182921
6369,0.859898
6370,-1.234941
6371,-1.645637
6372,-1.394013
6373,-0.062572
6374,-0.698460
6375,0.002255
6376,-0.612503
6377,-1.056055
6378,-1.591632
6379,-2.173566
6380,-0.424543
6381,-0.621313
6382,2.008552
6383,1.766233
6384,0.696139
6385,-1.371190
6386,1.234151
6387,-0.436023
6388,1.754224
6389,2.031709
6390,0.115380
6391,-1.746890
6392,2.155368
6393,1.426744
6394,-0.685512
6395,-0.273642
6396,-1.107136
6397,-0.384087
6398,-1.706250
6399,-0.588650
6400,-2.207806
6401,0.262433
6402,-0.096552
6403,2.167593
6404,0.081202
6405,0.003558
6406,-0.069649
6407,-0.234007
6408,-0.066598
6409,-0.166775
6410,-0.305485
6411,1.712367
6412,0.560607
6413,-2.924836
6414,-0.467592
6415,-1.380125
6416,-0.587412
6417,1.726749
6418,0.886669
6419,0.285042
6420,-0.222042
6421,0.881256
6422,-0.066804
6423,0.845720
6424,-2.794705
6425,-1.118841
6426,-1.956252
6427,-0.534773
6428,-1.941349
6429,-3.051124
6430,-2.714492
6431,0.497060
6432,0.019382
6433,-0.827424
6434,0.407763
6435,-0.005210
6436,-0.493605
6437,-0.896920
6438,-0.690380
6439,-0.830862
6440,-0.360489
6441,-1.111679
6442,-0.613926
6443,0.378747
6444,0.951154
6445,1.581137
6446,0.841207
6447,-0.656995
6448,0.166377
6449,-0.727435
6450,1.550297
6451,-1.007397
6452,0.831834
6453,0.957248
6454,-0.283256
6455,0.955373
6456,1.953778
6457,-0.078413
6458,0.254970
6459,-1.529522
6460,0.123655
6461,0.956589
6462,-0.367463
6463,0.112249
6464,0.091065
6465,-1.755667
6466,-0.292869
6467,-0.619378
6468,-0.661806
6469,-0.749056
6470,-1.159162
6471,-1.931888
6472,-2.351355
6473,0.600663
6474,-0.663854
6475,-0.933101
6476,0.979908
6477,1.477708
6478,0.202462
6479,0.331094
6480,0.739396
6481,0.419542
6482,0.860558
6483,0.567945
6484,1.643802
6485,-0.071107
6486,-1.523634
6487,-0.577289
6488,0.505642
6489,1.988147
6490,-2.202267
6491,-4.037053
6492,0.540522
6493,0.133753
6494,0.119016
6495,1.915894
6496,0.582737
6497,0.819228
6498,0.813234
6499,-0.398923
6500,-0.009515
6501,0.383765
6502,1.468855
6503,0.147714
6504,1.034891
6505,-0.045291
6506,1.085617
6507,-0.462199
6508,-1.378282
6509,-0.297615
6510,1.230986
6511,-1.065885
6512,2.296368
6513,2.693974
6514,2.280791
6515,1.126484
6516,-0.338717
6517,-0.475895
6518,0.231080
6519,0.511933
6520,0.084865
6521,-1.341502
6522,1.567283
6523,-0.541476
6524,-0.333645
6525,0.595238
6526,-0.138010
6527,0.215094
6528,-0.520718
6529,0.696477
6530,0.185860
6531,-0.515829
6532,0.524760
6533,0.021398
6534,0.041022
6535,0.619965
6536,0.237406
6537,-1.845434
6538,-1.392746
6539,-2.310507
6540,0.421410
6541,1.307451
6542,-0.239929
6543,0.780498
6544,0.780533
6545,0.886223
6546,1.409847
6547,0.906083
6548,0.943836
6549,-0.778261
6550,0.412845
6551,1.001105
6552,0.159357
6553,0.439955
6554,1.308865
6555,-0.562898
6556,0.974518
6557,1.534851
6558,0.926441
6559,0.024269
6560,1.147132
6561,-0.320971
6562,-2.320217
6563,-0.472350
6564,-1.020574
6565,-1.465177
6566,-0.214818
6567,-1.057969
6568,0.047389
6569,-1.037228
6570,-1.285947
6571,0.015995
6572,1.474229
6573,0.531599
6574,0.263119
6575,2.923172
6576,-0.878119
6577,0.806494
6578,0.564194
6579,0.905519
6580,0.908708
6581,-0.043489
6582,-2.285127
6583,-0.028939
6584,0.520953
6585,-1.182579
6586,0.379919
6587,0.303632
6588,0.253481
6589,-2.187096
6590,-1.023726
6591,-1.608239
6592,-0.020704
6593,-1.489861
6594,-1.527045
6595,1.495267
6596,1.401431
6597,1.074628
6598,1.049185
6599,0.157071
6600,0.182901
6601,-0.280813
6602,0.785508
6603,-0.735236
6604,-1.338888
6605,0.072106
6606,-0.265497
6607,-1.151637
6608,-0.130612
6609,1.401475
6610,1.049810
6611,1.096907
6612,1.670567
6613,1.016330
6614,-2.691804
6615,-1.517642
6616,-1.717463
6617,-0.512314
6618,0.932138
6619,-1.228278
6620,-0.516063
6621,-0.263956
6622,-0.698384
6623,-0.127726
6624,-1.107057
6625,1.940347
6626,-0.451063
6627,-0.708865
6628,-0.771571
6629,0.636262
6630,1.306286
6631,-0.329997
6632,-2.192088
6633,-2.166633
6634,-1.674280
6635,-0.336224
6636,-0.360694
6637,-1.060251
6638,-2.098462
6639,-0.228110
6640,0.291265
6641,-0.189742
6642,1.837468
6643,-0.356000
6644,0.467733
6645,1.061831
6646,-1.175044
6647,-0.524236
6648,0.522154
6649,-0.952433
6650,-1.142144
6651,-0.137204
6652,-0.509777
6653,-0.842148
6654,-1.406550
6655,0.878086
6656,1.024424
6657,1.148188
6658,-0.866890
6659,-2.100473
6660,0.151774
6661,0.746541
6662,0.665773
6663,-0.762006
6664,-0.545282
6665,-2.377730
6666,-3.473660
6667,0.796024
6668,-0.312697
6669,-1.089301
6670,-0.019541
6671,-0.834309
6672,0.172451
6673,-0.437960
6674,-0.794511
6675,-0.892060
6676,-0.873470
6677,-0.103545
6678,1.394472
6679,0.912459
6680,-0.413213
6681,-0.698679
6682,-2.020315
6683,0.336528
6684,0.767313
6685,0.399296
6686,1.981991
6687,1.350162
6688,0.407975
6689,0.535440
6690,0.592121
6691,0.085784
6692,-0.935129
6693,0.411128
6694,0.767794
6695,0.543992
6696,-0.439112
6697,0.100665
6698,0.255114
6699,-0.598727
6700,-1.064719
6701,-0.683886
6702,0.092731
6703,0.408281
6704,-1.119691
6705,-0.804556
6706,0.182534
6707,-0.593221
6708,-1.035151
6709,0.677100
6710,-0.447137
6711,0.561379
6712,-0.403756
6713,-0.886163
6714,-0.612585
6715,-0.512943
6716,-0.149378
6717,-1.112434
6718,0.619284
6719,-0.821381
6720,-0.161039
6721,-0.995453
6722,0.338679
6723,0.181035
6724,0.137973
6725,-0.049129
6726,0.761319
6727,1.618739
6728,0.555542
6729,-1.145364
6730,0.791217
6731,0.736386
6732,-0.000146
6733,-1.609628
6734,0.048642
6735,-0.650293
6736,-0.048063
6737,-0.389386
6738,-1.791241
6739,-1.453193
6740,1.202785
6741,0.503602
6742,-0.433191
6743,-0.734996
6744,-0.711987
6745,0.484763
6746,-0.167975
6747,-0.050727
6748,-0.885113
6749,-1.164618
6750,-0.310893
6751,-0.016063
6752,-0.144257
6753,0.566402
6754,-1.063478
6755,0.136505
6756,-0.692624
6757,0.493776
6758,1.040096
6759,0.281261
6760,-1.102311
6761,-0.779921
6762,-0.123537
6763,-0.496173
6764,0.300701
6765,-0.098221
6766,-2.023024
6767,-1.138971
6768,-1.610235
6769,-1.752260
6770,-0.773695
6771,-0.623430
6772,-0.628136
6773,-0.436948
6774,0.272539
6775,0.808363
6776,0.081613
6777,-0.784347
6778,1.424098
6779,1.075357
6780,-0.475113
6781,-0.894699
6782,-2.364427
6783,-1.528597
6784,-1.913349
6785,-0.828689
6786,-1.360060
6787,-0.672726
6788,0.054864
6789,-2.506733
6790,-1.423661
6791,-2.078345
6792,1.496422
6793,-0.905273
6794,-0.093346
6795,0.194455
6796,0.713869
6797,1.334694
6798,1.232019
6799,0.295994
6800,-1.299795
6801,-2.559092
6802,0.788887
6803,0.976864
6804,1.543073
6805,1.300509
6806,1.193592
6807,0.416728
6808,-0.792499
6809,-0.421948
6810,-0.678401
6811,0.271387
6812,0.558592
6813,0.030953
6814,1.256689
6815,0.796682
6816,-0.589620
6817,-0.699353
6818,0.879881
6819,-0.281025
6820,-1.249140
6821,-0.753405
6822,-0.974677
6823,1.051362
6824,1.361648
6825,-0.375996
6826,0.360597
6827,-0.554162
6828,-0.972893
6829,1.997846
6830,0.560365
6831,-0.502739
6832,-0.746264
6833,-0.458229
6834,0.012386
6835,0.647513
6836,-0.464591
6837,-0.499345
6838,1.399491
6839,0.569665
6840,-0.180620
6841,0.796038
6842,0.959934
6843,0.770924
6844,0.966412
6845,-0.726228
6846,0.268737
6847,0.930056
6848,0.654878
6849,0.324825
6850,-1.438181
6851,-0.775334
6852,-0.326284
6853,-0.438210
6854,0.183112
6855,0.144746
6856,0.872655
6857,0.057714
6858,0.466284
6859,0.445515
6860,-0.702808
6861,-1.417287
6862,1.213946
6863,0.087200
6864,0.154475
6865,-0.359448
6866,-0.066593
6867,-1.092992
6868,-1.560223
6869,-1.213765
6870,-0.561805
6871,0.761508
6872,-0.130189
6873,-1.532456
6874,0.206898
6875,0.853307
6876,0.607346
6877,0.054333
6878,0.667938
6879,3.262269
6880,2.235412
6881,1.782988
6882,0.935953
6883,1.325700
6884,1.976266
6885,1.002719
6886,-1.134611
6887,0.130474
6888,-1.162158
6889,0.151067
6890,-0.718004
6891,-1.779834
6892,-2.442913
6893,-0.207103
6894,0.827656
6895,0.915196
6896,-1.238794
6897,-1.312660
6898,-2.745025
6899,-0.268574
6900,-0.233569
6901,-0.992782
6902,0.397473
6903,-0.915876
6904,-0.437867
6905,-0.539151
6906,-1.406108
6907,-0.134553
6908,-0.587191
6909,-0.665820
6910,-0.475521
6911,-0.130540
6912,0.550055
6913,-0.838254
6914,-0.347099
6915,-0.174535
6916,0.170841
6917,-0.613001
6918,-1.940560
6919,-0.272577
6920,-0.208628
6921,-0.265177
6922,-1.269484
6923,-1.194899
6924,0.578237
6925,-1.215477
6926,0.654463
6927,1.684839
6928,-0.572628
6929,-2.263581
6930,-0.830156
6931,0.185521
6932,-1.020952
6933,0.050963
6934,-1.771028
6935,-0.645530
6936,-0.625593
6937,0.293892
6938,0.675471
6939,-1.129539
6940,0.070815
6941,1.543699
6942,-0.891277
6943,1.423690
6944,0.121963
6945,1.183710
6946,1.517740
6947,-0.511281
6948,-2.619521
6949,-1.029864
6950,1.953997
6951,1.916810
6952,-0.135412
6953,0.554615
6954,1.516768
6955,-0.230842
6956,-0.622411
6957,1.034137
6958,-0.318041
6959,0.177668
6960,1.127041
6961,0.365245
6962,-1.049456
6963,0.188633
6964,0.200558
6965,-1.078828
6966,0.074176
6967,-0.123641
6968,-0.699447
6969,-0.677583
6970,-0.325710
6971,-0.809674
6972,0.592542
6973,0.197762
6974,-0.673833
6975,0.835786
6976,1.140993
6977,0.081395
6978,0.397026
6979,0.911363
6980,-0.469328
6981,-0.352055
6982,-1.512354
6983,0.010987
6984,-1.627483
6985,-1.164888
6986,2.076843
6987,0.477380
6988,1.169801
6989,1.597436
6990,-0.460883
6991,0.148775
6992,-2.058504
6993,-1.898375
6994,-0.363346
6995,-0.350892
6996,1.091313
6997,0.967101
6998,-0.272099
6999,0.117884
7000,1.191673
7001,0.330750
7002,-0.153662
7003,1.183923
7004,0.542866
7005,-0.049719
7006,-0.824529
7007,0.464384
7008,0.214285
7009,-0.116901
7010,-0.599214
7011,-0.627647
7012,-0.716622
7013,-1.397424
7014,0.213525
7015,0.320114
7016,-1.211370
7017,-2.520825
7018,0.430077
7019,-0.329913
7020,0.309631
7021,1.395475
7022,-0.776623
7023,-1.216629
7024,0.009407
7025,-1.087260
7026,0.895578
7027,0.197669
7028,0.577025
7029,-0.740323
7030,0.557892
7031,-1.024381
7032,0.233352
7033,-0.624448
7034,-0.695734
7035,-1.040649
7036,-0.996668
7037,0.208226
7038,1.968183
7039,1.668832
7040,-0.034985
7041,-1.703090
7042,2.584218
7043,0.367471
7044,-1.196745
7045,-1.830271
7046,1.365419
7047,0.924939
7048,1.116261
7049,0.034945
7050,0.512361
7051,0.241562
7052,1.440475
7053,-0.811605
7054,-0.539239
7055,0.191372
7056,-0.946138
7057,-1.768445
7058,-2.074219
7059,-0.392327
7060,1.469047
7061,-1.204806
7062,0.496131
7063,0.320871
7064,-0.714031
7065,-0.389244
7066,0.494403
7067,0.863768
7068,0.648687
7069,-2.418546
7070,-2.010799
7071,-1.026137
7072,-0.063246
7073,0.310125
7074,0.142234
7075,-0.286689
7076,-1.770171
7077,-1.308281
7078,-0.499067
7079,0.135205
7080,0.680138
7081,-0.983962
7082,-0.843455
7083,1.371495
7084,0.303311
7085,0.843468
7086,-1.861476
7087,-1.074488
7088,0.366920
7089,-1.011601
7090,1.681008
7091,0.291082
7092,-0.212492
7093,-0.785221
7094,-0.929192
7095,0.805978
7096,2.159621
7097,1.028466
7098,0.021004
7099,0.380227
7100,0.729636
7101,0.880258
7102,1.324436
7103,-0.037082
7104,0.177774
7105,0.698618
7106,-1.020897
7107,0.294108
7108,-2.119921
7109,-1.790044
7110,-1.613002
7111,0.516161
7112,0.245119
7113,-0.669127
7114,-0.160093
7115,1.772074
7116,0.029446
