# fname = f005668.csv
#  num_bckg events = 150
#  num_sig events = 10
# 0: class: 0, dur: 374 start: 1, stop = 374
# 1: class: 0, dur: 480 start: 375, stop = 854
# 2: class: 0, dur: 469 start: 855, stop = 1323
# 3: class: 0, dur: 316 start: 1324, stop = 1639
# 4: class: 0, dur: 418 start: 1640, stop = 2057
# 5: class: 0, dur: 47 start: 2058, stop = 2104
# 6: class: 0, dur: 147 start: 2105, stop = 2251
# 7: class: 0, dur: 487 start: 2252, stop = 2738
# 8: class: 0, dur: 363 start: 2739, stop = 3101
# 9: class: 0, dur: 229 start: 3102, stop = 3330
# 10: class: 0, dur: 468 start: 3331, stop = 3798
# 11: class: 0, dur: 117 start: 3799, stop = 3915
# 12: class: 0, dur: 489 start: 3916, stop = 4404
# 13: class: 0, dur: 396 start: 4405, stop = 4800
# 14: class: 0, dur: 11 start: 4801, stop = 4811
# 15: class: 0, dur: 405 start: 4812, stop = 5216
# 16: class: 0, dur: 487 start: 5217, stop = 5703
# 17: class: 0, dur: 454 start: 5704, stop = 6157
# 18: class: 0, dur: 163 start: 6158, stop = 6320
# 19: class: 0, dur: 120 start: 6321, stop = 6440
# 20: class: 0, dur: 240 start: 6441, stop = 6680
# 21: class: 0, dur: 48 start: 6681, stop = 6728
# 22: class: 0, dur: 116 start: 6729, stop = 6844
# 23: class: 0, dur: 425 start: 6845, stop = 7269
# 24: class: 0, dur: 104 start: 7270, stop = 7373
# 25: class: 0, dur: 450 start: 7374, stop = 7823
# 26: class: 0, dur: 76 start: 7824, stop = 7899
# 27: class: 0, dur: 351 start: 7900, stop = 8250
# 28: class: 0, dur: 136 start: 8251, stop = 8386
# 29: class: 0, dur: 228 start: 8387, stop = 8614
# 30: class: 0, dur: 110 start: 8615, stop = 8724
# 31: class: 0, dur: 492 start: 8725, stop = 9216
# 32: class: 0, dur: 423 start: 9217, stop = 9639
# 33: class: 0, dur: 321 start: 9640, stop = 9960
# 34: class: 0, dur: 113 start: 9961, stop = 10073
# 35: class: 0, dur: 460 start: 10074, stop = 10533
# 36: class: 0, dur: 29 start: 10534, stop = 10562
# 37: class: 0, dur: 490 start: 10563, stop = 11052
# 38: class: 0, dur: 148 start: 11053, stop = 11200
# 39: class: 0, dur: 445 start: 11201, stop = 11645
# 40: class: 0, dur: 310 start: 11646, stop = 11955
# 41: class: 0, dur: 112 start: 11956, stop = 12067
# 42: class: 0, dur: 236 start: 12068, stop = 12303
# 43: class: 1, dur: 495 start: 12304, stop = 12798
# 44: class: 0, dur: 442 start: 12799, stop = 13240
# 45: class: 0, dur: 57 start: 13241, stop = 13297
# 46: class: 0, dur: 325 start: 13298, stop = 13622
# 47: class: 0, dur: 473 start: 13623, stop = 14095
# 48: class: 0, dur: 380 start: 14096, stop = 14475
# 49: class: 0, dur: 262 start: 14476, stop = 14737
# 50: class: 0, dur: 194 start: 14738, stop = 14931
# 51: class: 0, dur: 233 start: 14932, stop = 15164
# 52: class: 0, dur: 292 start: 15165, stop = 15456
# 53: class: 1, dur: 84 start: 15457, stop = 15540
# 54: class: 0, dur: 62 start: 15541, stop = 15602
# 55: class: 0, dur: 467 start: 15603, stop = 16069
# 56: class: 0, dur: 244 start: 16070, stop = 16313
# 57: class: 0, dur: 191 start: 16314, stop = 16504
# 58: class: 0, dur: 314 start: 16505, stop = 16818
# 59: class: 0, dur: 174 start: 16819, stop = 16992
# 60: class: 0, dur: 484 start: 16993, stop = 17476
# 61: class: 0, dur: 472 start: 17477, stop = 17948
# 62: class: 0, dur: 328 start: 17949, stop = 18276
# 63: class: 0, dur: 451 start: 18277, stop = 18727
# 64: class: 0, dur: 149 start: 18728, stop = 18876
# 65: class: 2, dur: 270 start: 18877, stop = 19146
# 66: class: 0, dur: 312 start: 19147, stop = 19458
# 67: class: 0, dur: 372 start: 19459, stop = 19830
# 68: class: 0, dur: 134 start: 19831, stop = 19964
# 69: class: 0, dur: 55 start: 19965, stop = 20019
# 70: class: 0, dur: 464 start: 20020, stop = 20483
# 71: class: 0, dur: 436 start: 20484, stop = 20919
# 72: class: 0, dur: 10 start: 20920, stop = 20929
# 73: class: 0, dur: 189 start: 20930, stop = 21118
# 74: class: 0, dur: 320 start: 21119, stop = 21438
# 75: class: 0, dur: 125 start: 21439, stop = 21563
# 76: class: 0, dur: 322 start: 21564, stop = 21885
# 77: class: 0, dur: 62 start: 21886, stop = 21947
# 78: class: 0, dur: 382 start: 21948, stop = 22329
# 79: class: 0, dur: 108 start: 22330, stop = 22437
# 80: class: 0, dur: 186 start: 22438, stop = 22623
# 81: class: 1, dur: 65 start: 22624, stop = 22688
# 82: class: 0, dur: 148 start: 22689, stop = 22836
# 83: class: 0, dur: 198 start: 22837, stop = 23034
# 84: class: 0, dur: 423 start: 23035, stop = 23457
# 85: class: 0, dur: 478 start: 23458, stop = 23935
# 86: class: 0, dur: 483 start: 23936, stop = 24418
# 87: class: 0, dur: 339 start: 24419, stop = 24757
# 88: class: 0, dur: 498 start: 24758, stop = 25255
# 89: class: 0, dur: 490 start: 25256, stop = 25745
# 90: class: 2, dur: 116 start: 25746, stop = 25861
# 91: class: 0, dur: 127 start: 25862, stop = 25988
# 92: class: 0, dur: 435 start: 25989, stop = 26423
# 93: class: 0, dur: 385 start: 26424, stop = 26808
# 94: class: 0, dur: 413 start: 26809, stop = 27221
# 95: class: 0, dur: 204 start: 27222, stop = 27425
# 96: class: 0, dur: 482 start: 27426, stop = 27907
# 97: class: 0, dur: 164 start: 27908, stop = 28071
# 98: class: 0, dur: 275 start: 28072, stop = 28346
# 99: class: 0, dur: 255 start: 28347, stop = 28601
# 100: class: 0, dur: 96 start: 28602, stop = 28697
# 101: class: 0, dur: 386 start: 28698, stop = 29083
# 102: class: 0, dur: 203 start: 29084, stop = 29286
# 103: class: 0, dur: 115 start: 29287, stop = 29401
# 104: class: 0, dur: 341 start: 29402, stop = 29742
# 105: class: 0, dur: 56 start: 29743, stop = 29798
# 106: class: 0, dur: 323 start: 29799, stop = 30121
# 107: class: 0, dur: 289 start: 30122, stop = 30410
# 108: class: 0, dur: 479 start: 30411, stop = 30889
# 109: class: 3, dur: 220 start: 30890, stop = 31109
# 110: class: 0, dur: 48 start: 31110, stop = 31157
# 111: class: 0, dur: 38 start: 31158, stop = 31195
# 112: class: 0, dur: 125 start: 31196, stop = 31320
# 113: class: 0, dur: 275 start: 31321, stop = 31595
# 114: class: 0, dur: 50 start: 31596, stop = 31645
# 115: class: 0, dur: 442 start: 31646, stop = 32087
# 116: class: 0, dur: 101 start: 32088, stop = 32188
# 117: class: 0, dur: 43 start: 32189, stop = 32231
# 118: class: 0, dur: 400 start: 32232, stop = 32631
# 119: class: 0, dur: 59 start: 32632, stop = 32690
# 120: class: 0, dur: 38 start: 32691, stop = 32728
# 121: class: 0, dur: 125 start: 32729, stop = 32853
# 122: class: 0, dur: 353 start: 32854, stop = 33206
# 123: class: 0, dur: 209 start: 33207, stop = 33415
# 124: class: 3, dur: 81 start: 33416, stop = 33496
# 125: class: 0, dur: 136 start: 33497, stop = 33632
# 126: class: 0, dur: 467 start: 33633, stop = 34099
# 127: class: 0, dur: 458 start: 34100, stop = 34557
# 128: class: 0, dur: 187 start: 34558, stop = 34744
# 129: class: 0, dur: 161 start: 34745, stop = 34905
# 130: class: 0, dur: 325 start: 34906, stop = 35230
# 131: class: 0, dur: 13 start: 35231, stop = 35243
# 132: class: 0, dur: 90 start: 35244, stop = 35333
# 133: class: 0, dur: 21 start: 35334, stop = 35354
# 134: class: 0, dur: 28 start: 35355, stop = 35382
# 135: class: 0, dur: 117 start: 35383, stop = 35499
# 136: class: 0, dur: 229 start: 35500, stop = 35728
# 137: class: 0, dur: 120 start: 35729, stop = 35848
# 138: class: 0, dur: 152 start: 35849, stop = 36000
# 139: class: 0, dur: 394 start: 36001, stop = 36394
# 140: class: 1, dur: 142 start: 36395, stop = 36536
# 141: class: 0, dur: 68 start: 36537, stop = 36604
# 142: class: 0, dur: 295 start: 36605, stop = 36899
# 143: class: 0, dur: 302 start: 36900, stop = 37201
# 144: class: 0, dur: 362 start: 37202, stop = 37563
# 145: class: 1, dur: 409 start: 37564, stop = 37972
# 146: class: 1, dur: 317 start: 37973, stop = 38289
# 147: class: 0, dur: 169 start: 38290, stop = 38458
# 148: class: 0, dur: 133 start: 38459, stop = 38591
# 149: class: 0, dur: 23 start: 38592, stop = 38614
# 150: class: 0, dur: 252 start: 38615, stop = 38866
# 151: class: 0, dur: 281 start: 38867, stop = 39147
# 152: class: 0, dur: 342 start: 39148, stop = 39489
# 153: class: 0, dur: 142 start: 39490, stop = 39631
# 154: class: 0, dur: 14 start: 39632, stop = 39645
# 155: class: 0, dur: 467 start: 39646, stop = 40112
# 156: class: 0, dur: 84 start: 40113, stop = 40196
# 157: class: 0, dur: 120 start: 40197, stop = 40316
# 158: class: 0, dur: 52 start: 40317, stop = 40368
# 159: class: 0, dur: 286 start: 40369, stop = 40654
#------------
1,0.869015
2,-0.742027
3,-0.067756
4,-1.971340
5,0.036319
6,-0.708017
7,-0.779005
8,0.718165
9,0.503235
10,-1.203839
11,-0.783849
12,0.308387
13,-0.247553
14,-1.496977
15,-1.493373
16,1.119033
17,0.884424
18,-0.332033
19,-0.680796
20,0.489766
21,0.040812
22,0.997869
23,-0.008574
24,2.370000
25,0.339556
26,0.065260
27,-0.338938
28,-1.261277
29,0.940565
30,1.397403
31,0.861110
32,-0.598458
33,0.841513
34,0.106378
35,-0.853457
36,-1.270571
37,0.586236
38,0.652732
39,-0.189552
40,1.111965
41,2.125033
42,-0.737850
43,1.717361
44,0.706542
45,0.106264
46,1.165860
47,-0.120304
48,0.432450
49,-0.990876
50,-0.066279
51,0.713344
52,-0.324121
53,0.493344
54,-0.472445
55,0.640662
56,-0.916789
57,-0.521954
58,-0.684589
59,0.592633
60,-0.900521
61,-1.997853
62,-1.872817
63,0.345092
64,0.700616
65,0.184461
66,0.610233
67,1.354963
68,0.516825
69,1.322615
70,0.402923
71,-1.538227
72,-0.253339
73,0.487722
74,0.837654
75,-0.793271
76,0.954976
77,0.417677
78,0.092563
79,0.003715
80,-0.414260
81,-0.467499
82,0.366235
83,0.031273
84,0.998186
85,1.895543
86,-0.877799
87,-0.910120
88,-0.820030
89,1.268103
90,-0.607291
91,-1.925467
92,-0.025848
93,-0.083028
94,1.537563
95,1.333941
96,1.894951
97,1.111332
98,-1.297135
99,-0.170667
100,1.448807
101,-0.305892
102,0.073583
103,-1.041023
104,-1.751146
105,-0.130868
106,-0.873907
107,-0.663344
108,-0.540616
109,0.890663
110,0.540864
111,1.200237
112,0.256661
113,-0.006702
114,-2.590597
115,-0.089628
116,-0.091856
117,-0.270397
118,1.023563
119,-0.683459
120,0.056569
121,0.738416
122,-0.019949
123,-1.118750
124,-0.446097
125,-1.012989
126,-0.693143
127,-0.202700
128,0.592008
129,3.177093
130,0.584498
131,0.462027
132,0.097340
133,-1.683985
134,-1.327453
135,1.229247
136,0.699396
137,-1.556328
138,-1.681213
139,-0.444731
140,1.130918
141,0.612409
142,0.133509
143,1.130890
144,0.792481
145,1.371338
146,0.439141
147,2.164339
148,0.076427
149,1.216737
150,-0.811437
151,1.028451
152,1.234787
153,0.875244
154,1.010469
155,0.280799
156,-0.663951
157,0.481200
158,1.661947
159,0.521530
160,-0.743795
161,-0.818048
162,0.912909
163,-2.200295
164,0.205261
165,-0.292396
166,-1.516618
167,0.826039
168,-1.239840
169,-0.585823
170,0.764681
171,-0.626647
172,0.244197
173,1.839654
174,-0.287625
175,1.667691
176,3.537363
177,0.779346
178,1.542325
179,-0.556896
180,0.196120
181,-0.136905
182,0.999427
183,0.628875
184,0.249029
185,0.248351
186,-0.805648
187,-1.399454
188,-0.641479
189,0.430744
190,0.280722
191,-0.322019
192,0.185892
193,-0.126487
194,0.115390
195,0.159821
196,1.013756
197,-0.686340
198,0.574303
199,1.561211
200,2.092052
201,0.585317
202,-1.613293
203,-1.165637
204,-1.320412
205,0.383411
206,2.444346
207,1.857577
208,0.570074
209,-0.441771
210,1.480941
211,-0.022940
212,-0.020281
213,-0.143557
214,0.082983
215,-0.129714
216,-0.501045
217,-0.073395
218,-1.289059
219,-1.793613
220,-1.179742
221,-1.082721
222,0.410422
223,1.176514
224,0.398151
225,-1.546007
226,1.373754
227,1.971863
228,0.401432
229,0.547139
230,0.114102
231,1.066382
232,1.895242
233,0.015012
234,-0.044330
235,-0.120118
236,-1.263976
237,0.052665
238,0.444237
239,-1.828014
240,-1.112083
241,0.062214
242,0.430481
243,1.431409
244,1.536822
245,0.719395
246,0.077684
247,-0.415176
248,-0.908240
249,-0.305098
250,0.624319
251,0.925789
252,0.303171
253,0.903743
254,-0.845469
255,-1.470400
256,0.946687
257,0.644437
258,0.270450
259,0.311567
260,1.668757
261,0.190083
262,1.116828
263,-1.762731
264,-0.692985
265,-0.794822
266,0.252799
267,-0.151770
268,0.471277
269,1.292824
270,1.312523
271,-0.938835
272,0.008772
273,0.709025
274,0.430843
275,1.116810
276,-0.852841
277,-2.111440
278,1.655878
279,-0.301947
280,-0.031623
281,-0.603952
282,1.197152
283,0.342277
284,-1.252512
285,-0.075192
286,-0.031229
287,1.390645
288,-0.216940
289,1.308536
290,-0.115390
291,-0.522215
292,-0.522571
293,2.668678
294,-0.075426
295,-0.600368
296,0.594480
297,0.887127
298,-0.398393
299,-0.730064
300,-0.190731
301,-0.646701
302,-0.260693
303,1.118566
304,-0.812368
305,-1.239005
306,-0.029352
307,-1.332032
308,-0.449733
309,1.054172
310,1.785166
311,1.478172
312,-0.377715
313,1.031873
314,1.347222
315,-1.695044
316,-1.391473
317,1.201123
318,0.309044
319,-0.414027
320,-0.667787
321,-2.664150
322,-0.589069
323,-0.885134
324,-0.579135
325,0.495615
326,-0.142229
327,-2.010469
328,0.794471
329,0.805466
330,-0.153557
331,-1.176228
332,-1.270386
333,-1.063984
334,0.310993
335,-0.146532
336,1.192590
337,-0.045468
338,0.262471
339,-1.144043
340,1.247789
341,-0.334906
342,-0.349465
343,0.785506
344,0.855746
345,0.481632
346,-0.297722
347,1.361662
348,0.329733
349,-0.441070
350,-0.830082
351,0.964532
352,1.206639
353,-0.359072
354,1.320653
355,1.130632
356,-0.604285
357,1.296839
358,1.752343
359,1.019528
360,-0.706417
361,-0.200191
362,1.586281
363,-0.272612
364,1.070988
365,0.705465
366,-1.323863
367,-0.857369
368,-0.365951
369,0.505831
370,0.300937
371,0.292274
372,1.200363
373,1.345180
374,-0.622985
375,-1.374207
376,-0.162162
377,0.170386
378,1.090465
379,1.297331
380,0.257286
381,-0.312243
382,-0.416970
383,0.379786
384,0.151182
385,-0.495272
386,-2.003378
387,1.312261
388,-1.011473
389,-0.274601
390,-0.203243
391,-1.189280
392,-1.244731
393,-1.006762
394,-0.902638
395,-0.561054
396,1.160970
397,0.853699
398,-0.005954
399,-0.333974
400,-0.874611
401,-1.355177
402,0.367341
403,-0.064888
404,-0.236147
405,-1.267267
406,0.861993
407,-0.201859
408,-1.046032
409,-0.786987
410,0.755447
411,-0.965987
412,0.629909
413,-0.553484
414,-0.961249
415,-0.754940
416,-0.384557
417,-1.105635
418,-1.253541
419,-0.461295
420,-0.659568
421,0.083440
422,0.874572
423,-0.924557
424,-0.703136
425,-0.910326
426,-0.431359
427,-1.325770
428,0.806199
429,2.172927
430,0.739695
431,-0.501458
432,-0.200557
433,-2.385877
434,-0.847743
435,-0.597645
436,0.456817
437,0.644137
438,-0.268228
439,-0.836641
440,-1.532655
441,-1.573317
442,0.424654
443,0.123578
444,0.667432
445,-0.236303
446,-0.373866
447,1.039481
448,0.794270
449,1.040359
450,0.852200
451,0.422252
452,0.656002
453,-0.384812
454,1.037501
455,-1.360535
456,0.169184
457,-1.242026
458,-2.508713
459,-0.903484
460,0.370878
461,-0.953664
462,1.098857
463,0.831176
464,2.529694
465,0.189476
466,-0.822768
467,-0.465539
468,0.390975
469,-1.168339
470,0.075038
471,-0.441394
472,0.189926
473,0.032167
474,1.234585
475,0.090677
476,0.767469
477,-1.585179
478,0.072761
479,-0.768369
480,-0.220900
481,-0.841010
482,1.646317
483,2.512732
484,1.305337
485,-0.368037
486,-0.594379
487,-0.371290
488,-0.936585
489,-1.606801
490,-0.980255
491,1.296637
492,-0.060272
493,0.233908
494,0.224158
495,-0.159777
496,0.695827
497,1.201294
498,-0.618975
499,0.617073
500,2.146926
501,0.460549
502,-0.256125
503,1.017635
504,0.200619
505,-0.239158
506,1.485544
507,1.268884
508,0.970867
509,1.478624
510,0.673437
511,-0.191310
512,0.433352
513,0.340534
514,-0.414691
515,-0.306281
516,0.956923
517,0.063762
518,0.074052
519,0.474714
520,0.640719
521,-0.926117
522,-1.092364
523,-2.864228
524,-2.053324
525,-0.320393
526,0.171292
527,-0.021475
528,-0.747896
529,-0.066191
530,0.367166
531,0.814816
532,-0.868284
533,-1.021013
534,-0.222353
535,-1.299667
536,-0.327756
537,-0.182281
538,0.037347
539,1.398815
540,0.527639
541,0.620057
542,1.499658
543,-0.869775
544,0.947985
545,-0.514953
546,1.051458
547,0.260881
548,0.191257
549,0.090540
550,-0.516326
551,-0.300755
552,0.507101
553,0.426948
554,2.464238
555,0.920573
556,0.705692
557,-0.440276
558,2.237429
559,-0.988514
560,1.020172
561,-0.788014
562,-0.029974
563,-0.300028
564,-0.178746
565,-0.015140
566,1.393989
567,1.522707
568,0.090304
569,-0.482063
570,0.500149
571,0.353534
572,2.081221
573,-0.940619
574,-2.104111
575,-0.866592
576,0.485412
577,-0.559584
578,0.281504
579,0.762441
580,-0.236813
581,1.056304
582,1.147648
583,0.940144
584,-0.033448
585,1.985828
586,1.199605
587,2.088232
588,0.757729
589,-0.656096
590,-1.603756
591,-1.295676
592,-0.307726
593,0.560293
594,-0.421160
595,-1.724347
596,-0.886101
597,1.688353
598,1.533990
599,1.631000
600,0.332913
601,-1.097994
602,-0.616972
603,-0.144522
604,0.544725
605,0.155218
606,-2.293674
607,-0.451543
608,-0.594947
609,-1.377089
610,-0.717828
611,-0.990640
612,0.288499
613,-1.329935
614,-1.045440
615,0.234670
616,0.624934
617,-1.844851
618,-2.396009
619,0.583736
620,-0.613928
621,-1.449559
622,-0.246937
623,0.195255
624,-2.011579
625,-0.963751
626,-0.137971
627,-1.026399
628,2.217102
629,-1.228522
630,-1.597244
631,-0.504901
632,-1.129522
633,-0.147536
634,-0.411557
635,0.997701
636,-0.862334
637,0.618313
638,-0.383842
639,0.038096
640,0.400846
641,-2.024558
642,-0.567868
643,0.890040
644,1.258552
645,1.594495
646,0.387863
647,-1.439131
648,-0.428655
649,0.465772
650,0.610563
651,0.417033
652,-1.780748
653,0.781407
654,2.388953
655,-1.716533
656,-1.432801
657,-1.256934
658,0.553220
659,-0.468512
660,0.557142
661,0.675586
662,-1.648320
663,0.061451
664,-1.213719
665,1.291490
666,-0.161875
667,0.516866
668,-0.269869
669,0.444936
670,1.327791
671,-1.719705
672,1.069564
673,2.491235
674,0.452903
675,1.257606
676,1.185927
677,0.804349
678,0.435086
679,0.804552
680,-0.863345
681,0.121959
682,-0.518217
683,-0.563310
684,1.890249
685,1.161308
686,-0.205522
687,-0.878154
688,-0.715201
689,-0.160611
690,1.060931
691,-0.554869
692,-0.701155
693,1.497104
694,0.816935
695,-1.082566
696,0.421584
697,-0.364412
698,-0.102438
699,0.118284
700,1.096294
701,-0.209052
702,0.717031
703,-1.390414
704,-1.898291
705,0.529442
706,-1.099645
707,-0.156837
708,-0.378768
709,0.762849
710,-0.525484
711,-2.152608
712,-0.613009
713,-0.987906
714,-1.083440
715,0.688212
716,0.662902
717,0.051379
718,0.172097
719,-1.113606
720,-0.166927
721,1.219122
722,-0.978611
723,0.264750
724,0.147775
725,1.355597
726,0.831609
727,0.413835
728,-0.961654
729,0.268570
730,-0.807259
731,-1.657101
732,1.954396
733,0.951865
734,2.288575
735,-0.899452
736,-0.048137
737,-0.449590
738,-0.219324
739,-0.131256
740,0.378794
741,0.899482
742,1.136977
743,-0.061476
744,-0.416904
745,-1.485415
746,-2.860447
747,-1.175733
748,-0.066878
749,1.130570
750,0.058149
751,-0.932978
752,0.427485
753,0.286961
754,-0.417160
755,0.454292
756,-0.818591
757,-1.984692
758,-1.007188
759,0.026076
760,-0.098962
761,-0.452141
762,-0.723515
763,2.674927
764,2.122482
765,1.851189
766,-0.187610
767,0.643318
768,-1.148300
769,0.389816
770,-0.361393
771,-0.577412
772,-0.718686
773,-0.157933
774,-1.066165
775,0.256577
776,-0.042483
777,-0.438083
778,0.101827
779,-1.427640
780,-2.007455
781,0.013859
782,-0.106150
783,-0.432307
784,-0.490591
785,0.487557
786,0.496943
787,1.260004
788,0.194673
789,0.205259
790,0.176931
791,1.069988
792,0.429512
793,0.455518
794,1.526812
795,0.846768
796,0.992068
797,-1.038200
798,-0.548871
799,-0.512159
800,0.348221
801,-0.195641
802,1.638487
803,-1.217925
804,0.789174
805,0.378740
806,1.627276
807,-0.196715
808,-1.731890
809,-2.262266
810,0.268211
811,-0.408783
812,0.422070
813,-0.626047
814,0.430801
815,-1.090515
816,0.526756
817,-0.622616
818,0.061878
819,1.878650
820,1.791362
821,1.577688
822,-0.138496
823,-0.662399
824,0.061120
825,0.143254
826,-0.343455
827,-0.222109
828,-1.227292
829,-1.033077
830,-0.098982
831,0.081984
832,0.183655
833,0.897730
834,0.405693
835,-0.165292
836,0.433985
837,-0.927235
838,0.255785
839,-0.852002
840,-1.353672
841,-0.531629
842,-0.654205
843,-1.287294
844,0.189935
845,1.477516
846,-0.913731
847,0.788991
848,-1.470698
849,-0.443767
850,0.434434
851,0.950456
852,-0.324195
853,0.604841
854,0.572169
855,1.237084
856,-1.508365
857,-0.370905
858,-0.652669
859,-0.650512
860,-0.154920
861,0.945554
862,-0.152912
863,0.376141
864,-1.137783
865,-0.852040
866,1.062760
867,0.964780
868,1.254248
869,0.215941
870,0.449191
871,1.659964
872,1.436463
873,0.379084
874,-0.790512
875,0.429011
876,-0.719496
877,-0.341129
878,1.721119
879,1.084622
880,0.920250
881,0.240446
882,0.517153
883,-0.447078
884,-0.114977
885,-0.165193
886,1.557764
887,0.939901
888,-0.315994
889,0.608918
890,-1.889715
891,-0.267523
892,2.214115
893,0.586452
894,0.308523
895,-0.271104
896,1.961655
897,2.894418
898,1.954694
899,0.634530
900,0.564876
901,-1.210096
902,-0.190574
903,0.837468
904,0.334808
905,-2.261498
906,0.202918
907,-0.367934
908,1.018632
909,0.774887
910,-0.251246
911,-0.782624
912,-1.917518
913,-3.002234
914,0.015963
915,0.211054
916,-0.180821
917,1.921066
918,-1.084398
919,-0.356922
920,0.026285
921,-0.998655
922,-2.091420
923,-0.352682
924,-1.373956
925,-0.472378
926,-0.679294
927,-2.814338
928,-1.147558
929,-0.136616
930,0.436517
931,0.244870
932,-0.626805
933,-0.319155
934,0.296664
935,-0.408150
936,-1.444536
937,1.437097
938,-0.336700
939,0.479497
940,0.572668
941,2.123832
942,-0.638245
943,-0.065982
944,-1.416837
945,-1.027472
946,-0.633760
947,0.598361
948,0.127055
949,-0.573166
950,-0.536554
951,-1.080573
952,-0.696642
953,-0.844691
954,0.154986
955,0.951767
956,0.416075
957,-1.760192
958,-0.242610
959,0.514967
960,-1.230318
961,-0.256595
962,-0.796967
963,-0.354372
964,1.050730
965,-0.027080
966,0.113630
967,-1.485665
968,-0.924736
969,0.158526
970,-0.734805
971,-0.895220
972,-0.088719
973,-0.746587
974,-0.985997
975,-1.220293
976,0.227720
977,-0.285739
978,-1.021618
979,-0.111967
980,1.399588
981,0.664975
982,-0.339008
983,-1.628606
984,-0.305727
985,-1.663198
986,-1.052646
987,1.027928
988,0.963645
989,1.094962
990,1.554557
991,-1.501419
992,-0.189089
993,-0.681247
994,-0.697646
995,0.506006
996,0.644390
997,-1.259417
998,-0.977331
999,-0.303206
1000,0.476738
1001,0.610945
1002,0.613829
1003,-0.232273
1004,1.251817
1005,-0.480000
1006,1.229066
1007,-1.602446
1008,0.927393
1009,-0.315248
1010,-0.637209
1011,0.779175
1012,0.874403
1013,-0.907010
1014,-0.545630
1015,-0.535012
1016,1.750195
1017,1.337996
1018,0.437034
1019,-0.478040
1020,0.885442
1021,-0.946002
1022,-0.014860
1023,0.517269
1024,0.644049
1025,0.468711
1026,1.508894
1027,-1.051238
1028,-1.352026
1029,0.613645
1030,-1.625473
1031,-0.820387
1032,0.923291
1033,0.894971
1034,1.811781
1035,-0.306970
1036,1.126431
1037,1.078390
1038,1.224187
1039,1.182612
1040,0.057865
1041,-1.100208
1042,-0.476784
1043,0.844043
1044,-0.908450
1045,-0.688656
1046,-0.757564
1047,-0.834718
1048,-1.301433
1049,-0.229467
1050,1.642126
1051,-0.326986
1052,0.278876
1053,-0.131213
1054,-0.964871
1055,0.624697
1056,0.133167
1057,0.959939
1058,-1.406703
1059,0.621635
1060,0.554019
1061,-0.763146
1062,1.156641
1063,1.032739
1064,0.670123
1065,2.001964
1066,-1.308046
1067,-0.337820
1068,1.480478
1069,-0.168533
1070,1.368955
1071,0.009763
1072,-0.385220
1073,-0.789159
1074,-1.118161
1075,0.256211
1076,0.047589
1077,-0.660157
1078,-0.694644
1079,1.045516
1080,-1.068407
1081,-0.840694
1082,-0.784120
1083,-0.885965
1084,0.930537
1085,0.666965
1086,-0.200564
1087,-0.081609
1088,-0.154856
1089,-1.052601
1090,-1.441759
1091,-1.495261
1092,-0.262571
1093,0.975005
1094,-0.144854
1095,-0.016433
1096,-0.388694
1097,-0.308939
1098,-0.850164
1099,-0.371937
1100,1.510228
1101,1.402033
1102,1.117574
1103,-0.530981
1104,-0.994824
1105,-0.904950
1106,0.779754
1107,1.159424
1108,1.201063
1109,2.286930
1110,1.652433
1111,2.023727
1112,-0.292076
1113,-0.929085
1114,-1.670174
1115,-3.052657
1116,-0.757941
1117,-0.688901
1118,-0.259289
1119,0.097901
1120,1.690649
1121,0.792745
1122,-1.243785
1123,0.825506
1124,0.485791
1125,-1.292815
1126,-0.662656
1127,-1.131799
1128,-1.067428
1129,-1.424070
1130,-0.023703
1131,0.389822
1132,1.115007
1133,-0.694449
1134,0.985786
1135,-0.299366
1136,0.888071
1137,0.774193
1138,-0.469189
1139,0.629197
1140,0.097043
1141,-0.286510
1142,0.949559
1143,-0.190823
1144,-0.259118
1145,0.321426
1146,-0.542011
1147,0.988535
1148,1.841028
1149,0.661820
1150,0.780644
1151,-0.280323
1152,0.902589
1153,-0.553107
1154,1.074334
1155,-0.898080
1156,0.199353
1157,1.139630
1158,0.782625
1159,-1.104734
1160,1.542629
1161,1.279487
1162,0.040475
1163,0.453071
1164,-2.366563
1165,-1.300081
1166,-1.738959
1167,-0.138718
1168,0.962460
1169,0.765585
1170,-0.333614
1171,-1.441726
1172,-0.219864
1173,1.109989
1174,1.648014
1175,0.530351
1176,0.528774
1177,0.235935
1178,-0.387711
1179,0.408914
1180,-0.151848
1181,-0.365579
1182,0.108793
1183,1.189724
1184,0.069271
1185,0.004304
1186,-1.257937
1187,1.011966
1188,-0.571856
1189,-0.796039
1190,0.619062
1191,1.902065
1192,2.051523
1193,2.184570
1194,1.026872
1195,0.617192
1196,0.513241
1197,-0.899754
1198,-0.068534
1199,-0.989744
1200,0.665605
1201,0.814314
1202,0.341286
1203,1.506990
1204,0.928016
1205,0.651720
1206,-1.888844
1207,-1.930057
1208,-2.071429
1209,-1.065791
1210,-0.355616
1211,-0.935740
1212,2.198861
1213,-1.563833
1214,-0.249790
1215,-0.005233
1216,0.160140
1217,-1.279747
1218,-1.524065
1219,0.130520
1220,-0.920447
1221,-1.118326
1222,1.442678
1223,-0.852503
1224,-2.601957
1225,-2.480270
1226,0.850415
1227,1.704671
1228,0.426232
1229,0.269676
1230,-0.628867
1231,-1.192685
1232,1.200860
1233,-1.534040
1234,-1.453745
1235,0.881349
1236,1.169518
1237,0.076761
1238,0.679327
1239,-0.089892
1240,0.971379
1241,2.985039
1242,-0.332165
1243,0.289931
1244,-0.238159
1245,-1.086272
1246,0.249343
1247,0.535457
1248,-0.758561
1249,-1.761390
1250,-1.143581
1251,0.262079
1252,-1.625655
1253,-0.311920
1254,-0.184115
1255,-0.811350
1256,-0.692425
1257,-0.082640
1258,-1.858465
1259,-1.143029
1260,-1.226737
1261,-1.292842
1262,-1.257611
1263,-0.456699
1264,-1.806881
1265,-1.658326
1266,-0.819574
1267,-0.036679
1268,2.567156
1269,-0.552695
1270,-0.190709
1271,-1.519480
1272,-1.693061
1273,0.498009
1274,-0.676949
1275,1.612028
1276,0.775613
1277,0.456395
1278,0.418952
1279,0.848479
1280,0.449213
1281,-0.034234
1282,-0.341747
1283,-1.704378
1284,0.536321
1285,-0.627302
1286,-1.221173
1287,0.225914
1288,0.262155
1289,-0.306399
1290,2.126509
1291,0.695323
1292,-0.894157
1293,-1.189087
1294,0.138583
1295,-0.383579
1296,-0.327364
1297,-0.211733
1298,-1.145964
1299,0.405559
1300,0.273245
1301,0.405741
1302,-1.190822
1303,-0.550731
1304,2.114767
1305,0.839948
1306,-0.743078
1307,-0.810812
1308,-0.032689
1309,-3.087670
1310,-0.532327
1311,-0.738018
1312,1.614380
1313,-1.142108
1314,-0.152700
1315,-0.891147
1316,-1.158074
1317,-0.922145
1318,0.431582
1319,0.219341
1320,0.433545
1321,-0.488879
1322,-0.739901
1323,-0.440777
1324,-0.071928
1325,0.843486
1326,-2.412167
1327,0.008476
1328,0.325199
1329,0.545455
1330,-2.084334
1331,-0.009281
1332,-1.801338
1333,-1.966075
1334,-1.350493
1335,0.312013
1336,0.587443
1337,-1.260100
1338,-1.042431
1339,-2.243402
1340,-1.045763
1341,-1.264402
1342,2.244597
1343,0.866760
1344,0.996874
1345,-0.032965
1346,-0.534931
1347,1.014382
1348,0.572798
1349,0.593005
1350,0.816609
1351,-0.318328
1352,0.975157
1353,0.494483
1354,-1.225171
1355,-0.612859
1356,-1.056098
1357,1.241520
1358,-0.105828
1359,-0.878590
1360,0.436757
1361,-0.197873
1362,0.109697
1363,0.537922
1364,-0.332065
1365,-0.269178
1366,0.270363
1367,0.547901
1368,-0.419939
1369,-0.351441
1370,0.269383
1371,-0.038667
1372,0.898368
1373,-0.054208
1374,-0.922070
1375,-1.467907
1376,-0.139518
1377,1.073556
1378,0.016759
1379,0.639925
1380,2.239956
1381,0.813465
1382,1.336874
1383,0.490710
1384,-0.842682
1385,-1.204666
1386,-0.070689
1387,-1.231685
1388,1.978560
1389,0.733096
1390,-1.993669
1391,0.863947
1392,0.428102
1393,-1.053024
1394,0.305538
1395,-0.329991
1396,0.362587
1397,0.001297
1398,1.367660
1399,2.413370
1400,0.078527
1401,-1.547969
1402,-2.095033
1403,0.474076
1404,0.967170
1405,0.945881
1406,-1.994342
1407,0.687804
1408,0.651324
1409,0.558077
1410,-0.295007
1411,0.244504
1412,-0.096103
1413,-0.515225
1414,0.611832
1415,0.818849
1416,-0.144122
1417,-0.392048
1418,-0.619304
1419,1.727414
1420,2.221078
1421,0.401425
1422,0.134263
1423,-1.188577
1424,1.140709
1425,-0.221329
1426,0.375073
1427,-0.647555
1428,0.559051
1429,0.069095
1430,0.895760
1431,0.192813
1432,-0.219602
1433,-0.598106
1434,0.935691
1435,-2.678907
1436,-0.281179
1437,0.703305
1438,-0.708141
1439,-0.413879
1440,0.140946
1441,0.317181
1442,-1.010313
1443,-1.703044
1444,-0.664362
1445,1.669567
1446,0.616938
1447,1.979984
1448,-0.313729
1449,-2.845029
1450,-1.338080
1451,-0.403547
1452,0.153333
1453,0.711383
1454,-0.062405
1455,0.188085
1456,-1.236925
1457,-0.273896
1458,-1.500435
1459,-0.589923
1460,-0.111443
1461,-0.177894
1462,-0.862249
1463,-0.047259
1464,1.390308
1465,0.579119
1466,1.689255
1467,1.714405
1468,0.716317
1469,0.915070
1470,0.035241
1471,-1.711524
1472,-1.225996
1473,-0.754755
1474,-2.309546
1475,0.285621
1476,0.313666
1477,-0.630080
1478,-0.500435
1479,0.162258
1480,-0.429241
1481,0.476204
1482,0.811302
1483,0.846062
1484,0.509742
1485,0.422523
1486,-0.373764
1487,2.730350
1488,-0.357750
1489,-1.432888
1490,-1.040678
1491,0.448915
1492,1.826848
1493,-0.255857
1494,1.306886
1495,-0.500530
1496,-2.449452
1497,1.887153
1498,2.851040
1499,-0.548701
1500,1.868455
1501,-0.752619
1502,0.976361
1503,1.060222
1504,0.258212
1505,-0.412391
1506,0.084825
1507,0.524023
1508,0.530501
1509,-2.579459
1510,-1.517962
1511,-0.728805
1512,-0.767027
1513,0.464818
1514,1.047639
1515,0.596987
1516,-0.613384
1517,0.425710
1518,-0.326219
1519,-0.107600
1520,-1.033956
1521,0.389513
1522,0.390560
1523,0.978853
1524,-0.229355
1525,0.297159
1526,0.046220
1527,0.363638
1528,1.034294
1529,0.449576
1530,0.377803
1531,-0.342750
1532,0.063759
1533,-0.668133
1534,-0.478694
1535,0.495972
1536,-0.732885
1537,-0.555595
1538,0.355166
1539,2.668034
1540,1.172229
1541,-1.526571
1542,1.194309
1543,-0.390478
1544,0.643361
1545,1.179909
1546,2.598676
1547,0.501164
1548,0.814534
1549,-0.440899
1550,0.403842
1551,-0.955463
1552,0.077727
1553,1.079779
1554,1.886623
1555,1.650405
1556,0.265421
1557,0.754719
1558,-0.483348
1559,0.788374
1560,0.635260
1561,-0.360511
1562,-0.826891
1563,-0.961649
1564,-3.277857
1565,-0.444463
1566,1.944634
1567,1.093831
1568,-1.558146
1569,-0.437169
1570,-0.181868
1571,1.922351
1572,0.084783
1573,-0.767369
1574,1.138178
1575,-0.143528
1576,-0.637902
1577,-1.241305
1578,-0.448977
1579,0.308136
1580,1.186862
1581,-0.613113
1582,-2.064452
1583,-0.164079
1584,0.630702
1585,-0.939783
1586,-1.025551
1587,-2.268688
1588,-1.706165
1589,-0.618709
1590,-2.549833
1591,0.625124
1592,1.303988
1593,0.945136
1594,0.337413
1595,0.842071
1596,1.994697
1597,-0.184047
1598,-1.280042
1599,-0.206704
1600,1.102350
1601,-0.500283
1602,0.446337
1603,-0.399805
1604,0.042390
1605,-1.991374
1606,0.874682
1607,-0.978937
1608,-0.190494
1609,0.183687
1610,-0.936828
1611,-1.024302
1612,1.108465
1613,2.596868
1614,1.626619
1615,-0.924263
1616,0.596847
1617,-0.809338
1618,1.139729
1619,1.266624
1620,-0.698969
1621,-1.037844
1622,0.455552
1623,-0.412862
1624,-0.230709
1625,0.165771
1626,-0.857802
1627,-0.063196
1628,1.563806
1629,1.193640
1630,0.328911
1631,0.171523
1632,-1.834846
1633,-0.242989
1634,1.177465
1635,0.643314
1636,0.332809
1637,-1.474075
1638,-1.273971
1639,0.834696
1640,0.053103
1641,-0.604979
1642,0.679610
1643,-0.860430
1644,0.218503
1645,0.109771
1646,-0.796656
1647,-0.655178
1648,0.240116
1649,-0.727074
1650,0.058495
1651,-1.291319
1652,0.465609
1653,0.749245
1654,1.142553
1655,0.721538
1656,-1.260924
1657,0.578224
1658,1.049687
1659,1.804124
1660,0.247522
1661,-1.172076
1662,-1.486838
1663,-0.206098
1664,-0.997786
1665,-1.826531
1666,-0.759618
1667,0.771312
1668,-0.168334
1669,-0.447368
1670,2.188351
1671,0.610223
1672,0.470332
1673,-0.610807
1674,0.857918
1675,-0.001893
1676,0.980106
1677,0.035094
1678,-0.866260
1679,-1.705094
1680,-0.956634
1681,1.221151
1682,0.488799
1683,-0.438559
1684,-1.342267
1685,-0.659547
1686,-1.987446
1687,-0.447612
1688,-1.657608
1689,-1.437464
1690,-0.186940
1691,0.269800
1692,-0.922346
1693,-2.342560
1694,0.015726
1695,0.271993
1696,1.516907
1697,1.524925
1698,0.198470
1699,-0.489242
1700,-0.491673
1701,0.703975
1702,0.550752
1703,0.138929
1704,1.596741
1705,1.170553
1706,0.020317
1707,-1.635472
1708,-0.534741
1709,0.641052
1710,1.739480
1711,-0.351131
1712,-0.427521
1713,0.376960
1714,-1.390362
1715,0.433493
1716,0.356167
1717,0.388946
1718,-0.406070
1719,0.344533
1720,-2.513840
1721,-2.387586
1722,-1.550843
1723,-0.144517
1724,-0.093621
1725,-0.426471
1726,-0.936961
1727,-0.003172
1728,-2.006503
1729,-1.325743
1730,-0.869379
1731,-0.025584
1732,-1.023185
1733,-0.341848
1734,-0.769008
1735,1.126848
1736,-1.277202
1737,-1.162413
1738,-0.709543
1739,2.454780
1740,0.624804
1741,0.822850
1742,2.429840
1743,1.592145
1744,-0.124213
1745,1.031892
1746,-2.110767
1747,-0.822679
1748,0.060070
1749,1.940875
1750,1.017880
1751,-2.109972
1752,1.752205
1753,2.593622
1754,0.616556
1755,-0.457391
1756,-1.457651
1757,-0.205984
1758,0.129761
1759,-0.476155
1760,-0.351097
1761,-0.225934
1762,0.271879
1763,1.698256
1764,0.309029
1765,-0.246733
1766,-0.429002
1767,-1.386819
1768,-1.711370
1769,-0.722289
1770,0.008083
1771,3.034481
1772,1.282236
1773,-0.093752
1774,0.218264
1775,1.135786
1776,0.077354
1777,0.839260
1778,-0.083514
1779,0.924650
1780,1.685333
1781,-1.186172
1782,-0.716561
1783,-0.948074
1784,-1.211173
1785,-0.180590
1786,1.054391
1787,-0.527203
1788,-1.517013
1789,1.176463
1790,-0.697436
1791,2.282490
1792,0.596293
1793,0.248534
1794,1.307012
1795,0.807697
1796,0.400155
1797,0.621149
1798,-1.163741
1799,-2.453999
1800,-0.790705
1801,-2.789215
1802,0.841261
1803,1.545882
1804,0.195832
1805,0.729997
1806,0.092153
1807,-0.296787
1808,0.212091
1809,0.267906
1810,0.924406
1811,0.940636
1812,0.275079
1813,-0.171023
1814,-2.315706
1815,0.888532
1816,-2.292195
1817,0.233577
1818,-0.552603
1819,-0.157147
1820,1.350794
1821,0.667344
1822,0.041443
1823,-1.965902
1824,0.916993
1825,-1.535888
1826,0.731710
1827,-1.409886
1828,-0.521121
1829,1.471707
1830,-0.895899
1831,2.472917
1832,1.980162
1833,1.478562
1834,0.511977
1835,-1.732783
1836,0.317484
1837,1.149151
1838,0.516061
1839,-0.397598
1840,-1.688640
1841,-0.879585
1842,0.608605
1843,0.441655
1844,2.196709
1845,0.027631
1846,-0.096471
1847,1.571877
1848,0.547677
1849,0.036832
1850,0.169724
1851,0.098709
1852,-0.547778
1853,1.255375
1854,-0.329259
1855,-1.387246
1856,0.014876
1857,-0.298744
1858,1.317448
1859,0.405705
1860,0.197061
1861,-0.339625
1862,0.807152
1863,1.029061
1864,0.763766
1865,0.784160
1866,0.151278
1867,0.627461
1868,-2.369682
1869,-0.765998
1870,1.536267
1871,0.781764
1872,0.502973
1873,1.492098
1874,-1.363726
1875,0.354105
1876,0.584023
1877,0.776134
1878,-0.545781
1879,-1.018971
1880,-1.628646
1881,-0.302603
1882,1.144976
1883,0.701886
1884,-0.092764
1885,-0.043535
1886,0.439089
1887,-1.368182
1888,-1.751958
1889,-1.135623
1890,-2.202998
1891,-1.708990
1892,-1.593002
1893,0.138670
1894,-0.039797
1895,-0.976268
1896,1.473390
1897,1.642833
1898,-0.614659
1899,-0.677533
1900,0.263179
1901,-0.365420
1902,-1.787606
1903,-1.381620
1904,-0.616087
1905,-0.443777
1906,-0.170798
1907,0.635126
1908,-0.497047
1909,1.650014
1910,-0.508933
1911,0.792835
1912,-0.463627
1913,0.287450
1914,0.483067
1915,0.115979
1916,-0.029308
1917,-1.342657
1918,-0.670167
1919,-0.574681
1920,-1.578621
1921,-1.217183
1922,-1.957407
1923,-2.334813
1924,-2.332753
1925,-0.530139
1926,0.988209
1927,1.187910
1928,0.851012
1929,-0.990924
1930,0.040561
1931,0.685620
1932,1.557847
1933,0.339195
1934,-0.053516
1935,0.241895
1936,-0.194882
1937,-0.803627
1938,-1.205933
1939,-0.479744
1940,-1.165631
1941,-0.139812
1942,-0.199871
1943,0.426874
1944,1.210831
1945,1.345492
1946,-0.655692
1947,-0.733061
1948,0.270430
1949,-1.047218
1950,1.005329
1951,-0.532229
1952,-0.694528
1953,-0.100901
1954,-0.854426
1955,-0.516808
1956,-0.398990
1957,-1.016769
1958,-0.642283
1959,0.550551
1960,-0.673356
1961,1.294326
1962,-0.819400
1963,0.887869
1964,0.044878
1965,-1.650541
1966,-0.379754
1967,-2.436179
1968,-0.388846
1969,-0.015205
1970,0.004931
1971,-0.942802
1972,-0.446812
1973,0.403551
1974,1.917756
1975,0.315442
1976,-1.034983
1977,-1.145071
1978,-1.553245
1979,-0.048095
1980,2.755548
1981,1.292290
1982,0.897887
1983,-0.687777
1984,0.411995
1985,0.680893
1986,1.638957
1987,-0.038777
1988,1.042722
1989,1.742701
1990,0.205870
1991,-0.220558
1992,0.895565
1993,1.682965
1994,1.722637
1995,-0.481003
1996,-0.487044
1997,0.247093
1998,2.134116
1999,-1.619418
2000,0.562767
2001,-1.376779
2002,0.992418
2003,0.777291
2004,-0.589423
2005,1.193473
2006,0.182730
2007,1.348101
2008,-0.439271
2009,1.075962
2010,-0.361317
2011,-0.844541
2012,1.043591
2013,1.352354
2014,-0.157102
2015,-1.818338
2016,0.088813
2017,-1.345854
2018,1.029238
2019,1.435223
2020,-0.587880
2021,0.341865
2022,-0.561765
2023,-0.359870
2024,0.439955
2025,-0.975942
2026,-0.470414
2027,-2.585817
2028,-0.985056
2029,0.616985
2030,1.572359
2031,-0.392831
2032,-0.661075
2033,2.011582
2034,0.943997
2035,0.405131
2036,-1.379597
2037,1.283262
2038,0.699402
2039,0.932828
2040,0.656932
2041,1.435410
2042,1.571529
2043,2.209268
2044,1.482260
2045,1.496388
2046,0.320199
2047,-1.405597
2048,-1.151457
2049,-0.955010
2050,1.026345
2051,-0.114937
2052,2.404706
2053,1.741534
2054,1.967454
2055,-1.213822
2056,-0.500503
2057,-1.501591
2058,-1.180714
2059,-1.231088
2060,-0.537093
2061,0.077181
2062,0.527432
2063,-0.030028
2064,0.587873
2065,-0.773369
2066,-2.180966
2067,0.713121
2068,2.142088
2069,1.375638
2070,0.547602
2071,1.036736
2072,-0.234305
2073,0.720349
2074,0.613074
2075,-0.186725
2076,-2.912550
2077,-0.171918
2078,0.032309
2079,0.984826
2080,-0.024642
2081,0.673664
2082,0.303159
2083,0.919768
2084,1.963232
2085,-0.424488
2086,-1.203743
2087,-2.187115
2088,-0.231834
2089,0.699608
2090,0.284341
2091,-0.155057
2092,-1.149630
2093,-0.462040
2094,0.916152
2095,-0.633720
2096,0.660099
2097,0.924903
2098,-0.681892
2099,2.374535
2100,0.772543
2101,-0.250648
2102,-0.355771
2103,1.181069
2104,-0.839073
2105,-1.060839
2106,-0.592134
2107,0.775129
2108,0.276531
2109,0.522695
2110,1.472443
2111,2.278732
2112,-0.138986
2113,-0.586362
2114,-0.434154
2115,-0.376447
2116,-0.091875
2117,0.582129
2118,-0.999512
2119,-0.798316
2120,0.673472
2121,1.118405
2122,1.654183
2123,-1.511109
2124,0.752208
2125,0.138334
2126,-0.871062
2127,-1.495929
2128,-0.318262
2129,1.212803
2130,0.795052
2131,1.114286
2132,1.188150
2133,-0.200147
2134,0.488101
2135,-1.351667
2136,-0.691966
2137,0.122049
2138,0.220235
2139,0.507125
2140,0.075694
2141,0.390143
2142,-1.904361
2143,-0.433199
2144,-0.971173
2145,-1.438834
2146,0.641147
2147,-0.595883
2148,-0.333604
2149,0.820798
2150,-0.623756
2151,0.747932
2152,-0.259323
2153,1.105320
2154,-0.406841
2155,-0.339351
2156,0.975467
2157,0.424426
2158,0.970110
2159,3.370595
2160,0.182298
2161,1.863257
2162,1.209131
2163,-0.454044
2164,-0.057147
2165,-1.056980
2166,1.230786
2167,0.700801
2168,0.858537
2169,0.469792
2170,-1.528616
2171,1.090704
2172,1.126232
2173,1.349174
2174,0.086156
2175,-0.098604
2176,0.526083
2177,0.253472
2178,0.482896
2179,-0.023740
2180,-0.790195
2181,1.234308
2182,1.823419
2183,-1.204718
2184,-1.739235
2185,-2.399232
2186,-0.007898
2187,0.959572
2188,-0.246439
2189,-0.810508
2190,-1.398661
2191,-0.685270
2192,0.140861
2193,-0.721680
2194,0.073382
2195,2.821395
2196,1.133372
2197,0.182087
2198,-1.313197
2199,-1.391472
2200,-1.359995
2201,-0.474519
2202,0.896449
2203,0.240484
2204,0.232732
2205,-0.532812
2206,-0.819224
2207,-0.062246
2208,0.981949
2209,2.222543
2210,1.368770
2211,-1.633985
2212,-0.315657
2213,0.904814
2214,0.178620
2215,1.405479
2216,-0.168840
2217,-0.135559
2218,-0.559496
2219,-0.097680
2220,2.074298
2221,1.119822
2222,0.119014
2223,-0.200110
2224,-1.838379
2225,-0.044144
2226,-1.002001
2227,0.244414
2228,0.709465
2229,-0.096055
2230,1.069905
2231,-0.960619
2232,0.128994
2233,-0.660279
2234,1.368959
2235,0.921774
2236,-0.856979
2237,0.041528
2238,1.746351
2239,-0.175058
2240,0.748900
2241,0.423688
2242,2.071607
2243,0.186691
2244,0.146203
2245,1.576810
2246,0.958989
2247,-1.943122
2248,-1.545689
2249,-1.424502
2250,-0.384577
2251,1.248751
2252,0.826071
2253,0.934936
2254,-0.237639
2255,0.382327
2256,-0.157166
2257,-1.085202
2258,0.623156
2259,1.570925
2260,0.085666
2261,1.485653
2262,-0.235144
2263,-0.664128
2264,-2.349639
2265,-1.887552
2266,0.613220
2267,1.412502
2268,1.490100
2269,1.484311
2270,1.920408
2271,0.754793
2272,0.304624
2273,0.635911
2274,0.139257
2275,0.586197
2276,-0.162587
2277,0.732156
2278,0.226041
2279,0.590735
2280,-2.010144
2281,0.314716
2282,0.207246
2283,-0.583118
2284,-1.277837
2285,1.423205
2286,0.993255
2287,2.399532
2288,2.732857
2289,2.029450
2290,0.473559
2291,2.402853
2292,1.122172
2293,1.773555
2294,-0.383645
2295,-0.023512
2296,-0.292995
2297,0.233721
2298,1.244837
2299,1.373159
2300,-0.157339
2301,0.185116
2302,0.060230
2303,-0.053747
2304,-0.030112
2305,-1.020490
2306,-1.780702
2307,-2.356309
2308,-0.280188
2309,0.104842
2310,-0.728933
2311,0.843019
2312,1.661399
2313,0.680824
2314,0.378386
2315,-0.418759
2316,-0.433941
2317,-0.207217
2318,-0.532500
2319,-0.069744
2320,1.681659
2321,0.716834
2322,0.296651
2323,-0.536476
2324,0.021155
2325,-1.595420
2326,-0.172755
2327,-1.418935
2328,1.318998
2329,-0.026674
2330,-0.874011
2331,1.277517
2332,-0.936578
2333,0.675339
2334,-0.355569
2335,0.832343
2336,1.396934
2337,0.369241
2338,-0.464441
2339,-0.986725
2340,0.125603
2341,-0.850895
2342,0.619251
2343,1.115577
2344,2.048460
2345,0.811500
2346,0.372319
2347,-0.388648
2348,-1.086455
2349,-0.907484
2350,-0.348184
2351,-1.278634
2352,-0.593005
2353,-0.470409
2354,0.620080
2355,0.312276
2356,1.321716
2357,-0.057300
2358,-0.685395
2359,-0.782926
2360,-1.702469
2361,-1.550781
2362,-1.172070
2363,1.919853
2364,2.483828
2365,0.028276
2366,0.298270
2367,-0.532867
2368,0.303797
2369,-0.216589
2370,-0.593355
2371,0.374870
2372,0.858169
2373,-0.826535
2374,-0.320532
2375,0.658719
2376,0.072432
2377,-0.681375
2378,0.289006
2379,2.789463
2380,1.161192
2381,0.614220
2382,0.150416
2383,2.110760
2384,0.708581
2385,-0.741479
2386,-2.619838
2387,0.078642
2388,0.517062
2389,-0.131202
2390,2.139150
2391,0.406459
2392,-1.809421
2393,-0.218164
2394,0.939178
2395,-0.403931
2396,-0.800523
2397,-1.378742
2398,-0.474075
2399,-0.749138
2400,0.588954
2401,1.992253
2402,1.525598
2403,1.496407
2404,-0.039782
2405,1.879776
2406,1.570105
2407,0.502643
2408,-1.112242
2409,-0.163266
2410,-1.282296
2411,-0.937022
2412,0.614646
2413,-0.305889
2414,0.623438
2415,0.149903
2416,-1.690914
2417,-0.753816
2418,0.149844
2419,-1.108666
2420,-0.852240
2421,-0.123530
2422,0.254649
2423,1.174304
2424,-1.341433
2425,-1.273353
2426,1.065172
2427,0.308834
2428,-0.829892
2429,-0.018727
2430,-0.610453
2431,-1.695204
2432,0.516013
2433,-0.881091
2434,-1.595830
2435,-0.274766
2436,-0.235626
2437,-0.739766
2438,-0.413691
2439,-1.875228
2440,-0.753250
2441,-0.623606
2442,-1.776358
2443,-0.946835
2444,0.170469
2445,-0.454267
2446,-0.070381
2447,-0.915047
2448,0.114263
2449,-2.009739
2450,-0.108632
2451,-0.978162
2452,0.464094
2453,-1.378883
2454,-0.123830
2455,-0.384215
2456,-0.984324
2457,-0.425686
2458,-1.015791
2459,-1.116634
2460,0.334999
2461,0.668877
2462,-0.473870
2463,-0.787644
2464,-1.583041
2465,0.119337
2466,-0.383768
2467,-1.087023
2468,0.359677
2469,-0.669607
2470,-0.869598
2471,-1.292825
2472,-1.555933
2473,-1.647784
2474,-0.862788
2475,-0.278154
2476,0.593311
2477,0.025504
2478,-0.743833
2479,0.646204
2480,0.477799
2481,-1.919315
2482,-0.445208
2483,0.642342
2484,-2.050113
2485,-0.493250
2486,-0.378191
2487,0.630636
2488,1.095731
2489,1.113895
2490,0.701967
2491,1.980848
2492,3.264511
2493,1.617187
2494,0.902955
2495,-1.298977
2496,-1.089230
2497,-1.022100
2498,-2.815131
2499,-0.599542
2500,-0.660166
2501,-0.232883
2502,-0.401959
2503,-0.523859
2504,0.962687
2505,-0.764103
2506,0.246639
2507,-0.453562
2508,0.026890
2509,-2.885612
2510,-0.988829
2511,0.999800
2512,1.709523
2513,1.048407
2514,0.786591
2515,2.995820
2516,0.613758
2517,-0.265274
2518,-0.253132
2519,0.756732
2520,0.620302
2521,1.602642
2522,-0.926370
2523,-0.468486
2524,-0.015842
2525,0.286906
2526,-0.926907
2527,0.071865
2528,-0.905188
2529,0.129330
2530,1.709478
2531,-0.344396
2532,0.212855
2533,-0.228753
2534,-0.822697
2535,1.108034
2536,1.395102
2537,1.557394
2538,0.397283
2539,-0.903739
2540,-0.157731
2541,0.952785
2542,-1.068526
2543,-2.537621
2544,-2.610553
2545,-2.401596
2546,-0.210625
2547,0.572126
2548,-0.585662
2549,-1.489667
2550,-0.867977
2551,0.515766
2552,0.804204
2553,-0.098938
2554,0.550806
2555,-0.026278
2556,0.019599
2557,-1.202685
2558,1.875277
2559,0.771235
2560,-1.148608
2561,-0.351909
2562,0.256131
2563,0.001535
2564,-0.950173
2565,-0.498024
2566,-1.039893
2567,-1.915130
2568,0.383915
2569,-0.852943
2570,-0.455060
2571,-0.438892
2572,0.742328
2573,0.271853
2574,-0.090807
2575,0.047141
2576,0.242166
2577,-1.683176
2578,-1.495682
2579,-2.719179
2580,-0.227222
2581,0.341570
2582,0.099753
2583,-0.216399
2584,0.751994
2585,2.298041
2586,-0.013484
2587,1.074508
2588,2.625424
2589,-0.031339
2590,-0.850368
2591,1.017265
2592,-0.517295
2593,0.384853
2594,0.082911
2595,1.019971
2596,-1.519766
2597,0.202533
2598,-0.809138
2599,-0.930554
2600,-0.517521
2601,-0.391415
2602,-0.566697
2603,-1.499431
2604,-2.981544
2605,-1.433665
2606,-1.547071
2607,1.338420
2608,-0.721729
2609,0.813965
2610,0.179638
2611,0.422075
2612,0.702852
2613,1.057462
2614,1.522690
2615,-0.143526
2616,0.450136
2617,-1.578854
2618,0.930466
2619,-1.145179
2620,-0.250651
2621,-0.317434
2622,1.260453
2623,0.811864
2624,0.529135
2625,0.924514
2626,-0.131802
2627,0.437380
2628,-0.055041
2629,-0.228415
2630,0.565991
2631,1.175352
2632,-1.463733
2633,1.204286
2634,-1.111902
2635,-0.442630
2636,0.025614
2637,0.471809
2638,0.205473
2639,-0.884759
2640,-0.186436
2641,0.616350
2642,1.429734
2643,1.638704
2644,-1.378096
2645,0.177146
2646,-0.110313
2647,-2.463076
2648,-1.089429
2649,-1.925880
2650,-2.230671
2651,-2.638458
2652,-1.081369
2653,-0.260330
2654,-0.334004
2655,-1.150301
2656,-2.454440
2657,-0.497792
2658,0.497125
2659,-0.670238
2660,0.407719
2661,0.010859
2662,-0.474830
2663,-2.060217
2664,-0.526836
2665,-0.605366
2666,-1.006353
2667,-0.898637
2668,0.565403
2669,1.135776
2670,-0.919077
2671,0.584922
2672,0.422017
2673,-0.903723
2674,-1.283564
2675,-1.585873
2676,-2.150473
2677,-0.627531
2678,0.955215
2679,1.950794
2680,-0.378065
2681,-1.158256
2682,0.545393
2683,-0.102955
2684,0.474853
2685,0.198254
2686,0.103025
2687,0.459369
2688,-0.362881
2689,-0.939390
2690,-1.344099
2691,-0.293523
2692,1.210471
2693,0.517047
2694,-0.838315
2695,0.253071
2696,0.434576
2697,0.688398
2698,0.109940
2699,0.622069
2700,-0.661926
2701,-1.262980
2702,1.340344
2703,0.684804
2704,1.517939
2705,-1.049173
2706,0.669864
2707,1.016688
2708,0.262448
2709,-0.688981
2710,1.201673
2711,0.160897
2712,0.860549
2713,0.017801
2714,1.220468
2715,-1.071416
2716,-2.236495
2717,0.279996
2718,1.553466
2719,-0.412058
2720,-0.940176
2721,-1.134387
2722,0.044946
2723,0.185721
2724,0.306868
2725,-1.892408
2726,0.748185
2727,0.238607
2728,-0.160776
2729,0.554918
2730,-0.677989
2731,-0.720652
2732,0.524060
2733,1.100608
2734,1.461618
2735,-0.099752
2736,-2.145845
2737,1.872519
2738,0.564634
2739,1.587049
2740,-2.269896
2741,-1.045212
2742,-1.292625
2743,-1.986084
2744,0.092896
2745,1.474107
2746,-0.255227
2747,-1.147523
2748,1.131723
2749,1.734688
2750,1.292480
2751,-0.937943
2752,1.042652
2753,-0.936142
2754,-1.481856
2755,-1.142803
2756,0.058146
2757,-0.456622
2758,0.525750
2759,2.217941
2760,1.024984
2761,0.632910
2762,-0.564103
2763,0.964967
2764,-0.619265
2765,-0.321370
2766,-0.576468
2767,0.143099
2768,-0.189729
2769,-0.348984
2770,-0.226261
2771,-0.138259
2772,0.474534
2773,1.196290
2774,0.623339
2775,0.345037
2776,0.488338
2777,0.668906
2778,-0.194997
2779,0.805353
2780,0.783087
2781,0.334955
2782,0.175890
2783,-0.099139
2784,1.185837
2785,-0.507928
2786,0.332850
2787,-0.775060
2788,-0.967239
2789,-1.060830
2790,-0.879971
2791,-1.409068
2792,-0.675942
2793,-1.494537
2794,-1.666011
2795,-1.259475
2796,-1.061785
2797,0.859673
2798,-0.531646
2799,-0.890604
2800,1.034533
2801,0.262324
2802,-0.282850
2803,-0.770706
2804,0.814648
2805,-1.086046
2806,1.156569
2807,0.643117
2808,1.061148
2809,1.542488
2810,-0.147149
2811,1.077284
2812,-0.012631
2813,1.042858
2814,-0.215679
2815,0.987790
2816,-0.866683
2817,2.581625
2818,1.651351
2819,-0.164439
2820,-1.302157
2821,-1.284878
2822,-2.002628
2823,1.175371
2824,1.069857
2825,0.071234
2826,1.672325
2827,-0.851547
2828,-0.432660
2829,0.231203
2830,0.152674
2831,1.556506
2832,-0.100908
2833,1.905272
2834,-1.287455
2835,-0.640770
2836,1.186842
2837,-0.719714
2838,0.052950
2839,-0.915159
2840,-0.675334
2841,-0.681096
2842,0.187954
2843,0.873163
2844,-0.190819
2845,0.824034
2846,0.412709
2847,-1.164496
2848,-1.067110
2849,-0.224228
2850,0.100066
2851,0.363865
2852,-0.344761
2853,0.772346
2854,0.098799
2855,2.148774
2856,1.003551
2857,0.250379
2858,-0.432472
2859,0.314043
2860,-0.195847
2861,0.188197
2862,-0.636200
2863,0.860311
2864,-0.490934
2865,0.359481
2866,-0.725204
2867,-1.145322
2868,-0.517385
2869,-1.047638
2870,-0.605991
2871,-0.101272
2872,-0.093562
2873,-0.697149
2874,-0.602308
2875,-0.853865
2876,0.769080
2877,-0.460411
2878,-1.205768
2879,-0.950679
2880,0.686606
2881,-0.425117
2882,-0.905482
2883,-0.333255
2884,-1.439351
2885,-0.520176
2886,0.344241
2887,-2.095497
2888,1.163187
2889,0.504630
2890,-0.583568
2891,0.187739
2892,0.106951
2893,1.445903
2894,-0.424285
2895,0.092036
2896,-0.353854
2897,2.378205
2898,1.343900
2899,0.593816
2900,-0.852026
2901,-0.477026
2902,-0.076382
2903,0.954765
2904,1.194706
2905,-0.593254
2906,1.261488
2907,-0.344736
2908,-2.067003
2909,0.977185
2910,1.275995
2911,2.002845
2912,0.123706
2913,0.848978
2914,0.071951
2915,0.862232
2916,-0.153472
2917,0.190259
2918,-1.076501
2919,-0.793493
2920,-1.845971
2921,0.135366
2922,-1.150429
2923,-0.480830
2924,-1.824715
2925,1.477931
2926,0.459510
2927,1.650001
2928,0.603920
2929,-0.620109
2930,-0.855059
2931,1.201148
2932,-0.164418
2933,-0.663279
2934,-0.610912
2935,2.117230
2936,1.361085
2937,-1.079351
2938,-0.619993
2939,-0.190023
2940,0.440200
2941,1.006517
2942,1.004358
2943,-0.102590
2944,-2.858762
2945,-1.784707
2946,-1.061990
2947,-0.033093
2948,1.915690
2949,2.275704
2950,0.172243
2951,-1.321714
2952,0.122945
2953,-0.486419
2954,0.381898
2955,0.495281
2956,1.912581
2957,0.751593
2958,-0.852482
2959,1.359181
2960,2.569378
2961,0.391525
2962,-2.147394
2963,-0.032447
2964,0.079801
2965,-0.220079
2966,0.293434
2967,-0.575694
2968,1.634183
2969,0.181057
2970,1.164023
2971,0.085989
2972,0.756015
2973,0.644100
2974,1.109952
2975,-1.046088
2976,0.364170
2977,0.105336
2978,-0.688889
2979,-0.928361
2980,0.623005
2981,0.364738
2982,-0.690945
2983,-0.521214
2984,0.071375
2985,0.233133
2986,1.789463
2987,-0.737931
2988,-0.017706
2989,0.175205
2990,0.517027
2991,-1.814114
2992,-0.086702
2993,0.425407
2994,-2.696445
2995,-0.605708
2996,-0.574128
2997,-2.350365
2998,-0.878365
2999,1.142273
3000,2.002361
3001,1.037388
3002,0.550154
3003,0.359853
3004,-1.146787
3005,1.700774
3006,-0.842220
3007,-0.407521
3008,-0.530028
3009,0.105370
3010,-0.086974
3011,0.721165
3012,0.448188
3013,0.849971
3014,-0.074220
3015,-1.253727
3016,0.044717
3017,-0.544967
3018,0.140452
3019,1.501087
3020,-1.305839
3021,-0.231750
3022,-0.138129
3023,-0.302167
3024,-1.122716
3025,-0.447022
3026,0.833719
3027,0.583771
3028,-0.877571
3029,-0.564018
3030,-0.429587
3031,-0.158534
3032,1.176276
3033,-1.648504
3034,-2.011493
3035,-1.651333
3036,-0.413614
3037,0.198971
3038,0.142322
3039,-0.547395
3040,1.224672
3041,0.915710
3042,0.616452
3043,-0.721936
3044,0.372414
3045,0.908231
3046,-1.870617
3047,-1.397622
3048,-0.734087
3049,-0.519512
3050,-1.517389
3051,0.088754
3052,0.454785
3053,1.261096
3054,0.903983
3055,-0.367834
3056,1.359959
3057,0.211861
3058,-0.928553
3059,-2.211033
3060,-0.394980
3061,-1.397092
3062,1.450374
3063,0.254585
3064,-0.152087
3065,-0.235592
3066,-0.102571
3067,-1.468941
3068,-1.368373
3069,-0.168829
3070,0.858208
3071,-0.814781
3072,-1.113143
3073,0.912762
3074,0.351793
3075,-0.274348
3076,-0.679755
3077,0.114299
3078,-1.225860
3079,0.367528
3080,-0.478842
3081,-0.604170
3082,-2.059449
3083,-0.287727
3084,-0.037659
3085,1.132313
3086,1.796501
3087,-0.445451
3088,-0.615647
3089,0.749061
3090,-0.596791
3091,0.417014
3092,-0.376309
3093,0.237922
3094,0.558169
3095,0.638769
3096,1.540566
3097,1.437047
3098,1.770145
3099,1.654704
3100,-0.898229
3101,0.790688
3102,-1.953857
3103,-1.265134
3104,1.062485
3105,-1.159183
3106,0.089705
3107,0.813388
3108,0.459296
3109,0.508243
3110,1.667634
3111,-0.122799
3112,-0.111195
3113,-2.167493
3114,0.885297
3115,0.263101
3116,1.540319
3117,0.836496
3118,-1.934580
3119,-1.878760
3120,-0.021162
3121,-1.103869
3122,-1.346211
3123,-0.787289
3124,-0.862694
3125,-0.915275
3126,-0.725262
3127,1.489192
3128,1.685540
3129,0.609836
3130,0.699773
3131,0.235342
3132,-0.043872
3133,-0.248375
3134,-0.408197
3135,-0.356493
3136,0.990723
3137,0.937521
3138,0.526747
3139,-0.877510
3140,-0.554805
3141,-1.200229
3142,0.476124
3143,-0.431819
3144,-0.628385
3145,0.326462
3146,-0.091982
3147,0.230581
3148,1.210810
3149,1.429315
3150,-0.381075
3151,-0.689049
3152,-0.628020
3153,0.077857
3154,-0.956892
3155,0.189807
3156,0.329219
3157,0.564689
3158,-0.175045
3159,-1.114518
3160,-1.919096
3161,1.341437
3162,0.159696
3163,0.118145
3164,1.234263
3165,-1.452395
3166,-1.047875
3167,-0.049016
3168,-0.604195
3169,-1.689409
3170,0.812625
3171,-0.611443
3172,0.233962
3173,-0.362505
3174,1.566856
3175,0.316309
3176,0.975426
3177,-0.002482
3178,-0.810883
3179,0.220768
3180,0.447223
3181,-0.358436
3182,-0.400736
3183,0.804198
3184,0.443812
3185,1.814222
3186,1.265728
3187,0.251621
3188,0.676572
3189,0.678249
3190,0.316774
3191,0.670493
3192,0.001041
3193,0.554804
3194,0.594719
3195,1.551874
3196,-0.429462
3197,-1.779586
3198,0.642726
3199,-0.157797
3200,-0.877919
3201,-0.520370
3202,-1.562159
3203,2.298269
3204,1.330091
3205,1.358525
3206,1.720021
3207,1.208181
3208,-1.421021
3209,-1.857535
3210,-0.840030
3211,-1.307511
3212,-0.370965
3213,-1.151765
3214,0.707256
3215,-0.220659
3216,-1.284028
3217,1.395169
3218,0.025099
3219,0.346556
3220,1.619504
3221,1.076734
3222,1.227036
3223,-1.389203
3224,0.104593
3225,-0.389582
3226,-0.623047
3227,0.720633
3228,0.326133
3229,-1.139410
3230,-0.387572
3231,-1.081842
3232,-0.575586
3233,0.254054
3234,-0.133533
3235,-0.300588
3236,-1.087832
3237,-0.037337
3238,-0.144536
3239,-0.903530
3240,0.306619
3241,-0.205522
3242,-0.270110
3243,0.703997
3244,2.042637
3245,0.061405
3246,-1.124147
3247,-0.541145
3248,-0.053496
3249,1.273996
3250,1.339697
3251,1.481578
3252,-0.672857
3253,0.048086
3254,0.919576
3255,-0.161117
3256,-1.240114
3257,1.309516
3258,-0.055367
3259,-0.146221
3260,-0.415211
3261,-1.795383
3262,-1.726897
3263,0.640398
3264,-1.231702
3265,0.954758
3266,-0.727983
3267,0.464193
3268,-1.114340
3269,-1.802151
3270,-2.339864
3271,-1.326067
3272,-0.159268
3273,0.593146
3274,1.885990
3275,0.600139
3276,-0.394143
3277,0.752115
3278,1.776223
3279,0.410485
3280,0.814801
3281,-0.975098
3282,0.673007
3283,-0.490503
3284,-1.544605
3285,-1.066677
3286,-1.214829
3287,-1.359490
3288,0.313719
3289,0.455225
3290,0.459289
3291,-0.782744
3292,0.779164
3293,-1.195871
3294,-1.589221
3295,-1.376216
3296,-1.036963
3297,0.199535
3298,-1.582819
3299,-1.015097
3300,1.055667
3301,0.851985
3302,0.845575
3303,-0.411447
3304,-0.595922
3305,-1.538569
3306,-1.920687
3307,-0.571223
3308,2.656276
3309,3.122106
3310,1.130502
3311,-1.414303
3312,-0.294570
3313,-1.435132
3314,-0.893274
3315,0.289174
3316,0.246187
3317,-2.380550
3318,-0.267808
3319,-1.452067
3320,-0.082853
3321,-0.752677
3322,-1.144403
3323,-1.812841
3324,0.243363
3325,-1.184119
3326,-1.164300
3327,0.021694
3328,-0.214711
3329,0.223737
3330,1.284217
3331,-0.673488
3332,0.690665
3333,-0.939399
3334,-0.486018
3335,0.069690
3336,-0.886419
3337,1.928848
3338,0.990629
3339,-0.376651
3340,0.730936
3341,0.777027
3342,-0.391826
3343,-0.797516
3344,-0.406284
3345,1.167460
3346,0.102369
3347,-0.919387
3348,-0.380448
3349,-0.331834
3350,0.444893
3351,0.327540
3352,-0.142924
3353,-1.627856
3354,0.123395
3355,0.392040
3356,0.719560
3357,0.583309
3358,1.232207
3359,0.922512
3360,1.533373
3361,0.034571
3362,0.504044
3363,-1.036488
3364,-0.643777
3365,-0.972926
3366,2.301719
3367,1.087079
3368,-1.360159
3369,-0.755251
3370,-1.725653
3371,-1.283944
3372,-0.276104
3373,0.565952
3374,0.130064
3375,0.290182
3376,1.047212
3377,0.161331
3378,-0.012497
3379,-0.204197
3380,1.240123
3381,1.814425
3382,-0.206406
3383,-1.027122
3384,-1.510934
3385,-0.299221
3386,-0.730439
3387,0.080019
3388,-0.974143
3389,0.130340
3390,0.837708
3391,-0.057431
3392,1.007144
3393,2.446124
3394,1.924884
3395,0.637354
3396,-0.923128
3397,0.120173
3398,-0.381880
3399,0.573172
3400,-0.553065
3401,-1.650508
3402,-1.093222
3403,-0.317771
3404,0.185872
3405,-1.226248
3406,-1.093280
3407,-1.051316
3408,-1.613152
3409,0.987252
3410,0.354237
3411,-0.440799
3412,-1.241591
3413,0.204647
3414,-0.211084
3415,0.309101
3416,-0.036639
3417,0.074578
3418,1.787138
3419,1.292797
3420,0.003899
3421,0.223071
3422,1.493643
3423,-0.993499
3424,0.808534
3425,2.200471
3426,-0.469463
3427,-1.092942
3428,-0.402405
3429,-1.689754
3430,-1.576370
3431,-0.241910
3432,-0.462806
3433,-1.039916
3434,0.232020
3435,1.474146
3436,-0.324029
3437,-1.347167
3438,-1.273006
3439,1.053116
3440,0.640405
3441,-0.920584
3442,-1.009419
3443,-0.444355
3444,0.662982
3445,-0.975403
3446,0.550091
3447,0.160010
3448,0.525435
3449,1.419380
3450,-0.757899
3451,-2.151524
3452,0.183298
3453,2.753426
3454,-0.041971
3455,0.647740
3456,-1.177253
3457,0.253805
3458,0.406380
3459,-0.217049
3460,-1.585027
3461,-0.791337
3462,-1.040208
3463,-1.813435
3464,0.159719
3465,0.519405
3466,0.394266
3467,0.118972
3468,1.267707
3469,-0.390011
3470,0.576048
3471,1.019276
3472,1.082031
3473,1.065738
3474,0.817154
3475,0.812452
3476,-1.453895
3477,0.425354
3478,1.805232
3479,0.479062
3480,-0.725854
3481,1.190080
3482,2.031820
3483,0.794315
3484,-0.189528
3485,-0.733841
3486,0.427016
3487,-0.119397
3488,-0.116469
3489,-0.844224
3490,-0.684375
3491,-0.369676
3492,-0.522752
3493,-0.499447
3494,0.302535
3495,-1.305569
3496,0.608696
3497,-1.242905
3498,-0.467213
3499,-0.278880
3500,-0.082639
3501,1.987662
3502,0.319004
3503,0.011558
3504,1.007633
3505,-1.366588
3506,2.062555
3507,0.366485
3508,-0.451977
3509,0.051439
3510,0.007684
3511,0.159704
3512,-0.243462
3513,-0.870075
3514,-1.590814
3515,-1.745246
3516,0.466349
3517,0.515826
3518,0.561878
3519,0.861576
3520,1.270724
3521,0.827935
3522,-0.953598
3523,-0.344264
3524,-0.223323
3525,2.498205
3526,-2.089432
3527,0.103829
3528,-0.868552
3529,0.922221
3530,2.224425
3531,0.187539
3532,-0.924261
3533,1.351568
3534,1.095952
3535,-0.098769
3536,-0.445015
3537,0.024174
3538,0.453900
3539,-1.806513
3540,-1.118492
3541,0.008204
3542,0.952383
3543,-0.361151
3544,-0.340284
3545,-1.196625
3546,-1.184089
3547,0.553184
3548,1.102186
3549,-0.067926
3550,0.862926
3551,0.752406
3552,2.952101
3553,0.914846
3554,0.847115
3555,-1.436096
3556,-0.737495
3557,-1.422375
3558,-0.612971
3559,-0.873498
3560,-0.901898
3561,-2.427510
3562,-1.301405
3563,-0.239611
3564,0.557031
3565,1.255579
3566,-0.220844
3567,-0.222413
3568,1.177598
3569,1.195715
3570,-1.819018
3571,-1.136269
3572,-0.057790
3573,-0.088814
3574,-0.830404
3575,-0.939434
3576,-0.389074
3577,-0.011052
3578,-0.663672
3579,1.295845
3580,-0.828321
3581,0.542918
3582,-0.233573
3583,0.023272
3584,0.100957
3585,-0.326300
3586,-1.735021
3587,0.201207
3588,1.203142
3589,0.392569
3590,-0.771703
3591,-0.316062
3592,0.038911
3593,-1.072924
3594,1.894110
3595,0.225445
3596,0.371337
3597,0.608663
3598,1.323788
3599,1.197180
3600,-0.292104
3601,-0.294125
3602,-0.336911
3603,-0.702747
3604,-0.434146
3605,-2.323292
3606,-0.746928
3607,-0.708562
3608,-0.273199
3609,0.349666
3610,1.230526
3611,1.370519
3612,2.237727
3613,-0.317459
3614,-0.896867
3615,0.561985
3616,1.481914
3617,-2.058114
3618,-1.793368
3619,-0.517151
3620,0.989012
3621,-0.924304
3622,0.220690
3623,1.412252
3624,-0.061717
3625,0.362439
3626,-0.066367
3627,-0.271204
3628,-0.356589
3629,0.923138
3630,-1.436912
3631,-0.882510
3632,-0.968509
3633,-0.126483
3634,-1.079408
3635,0.180565
3636,-0.408762
3637,-0.114558
3638,0.242722
3639,0.795828
3640,0.865880
3641,-0.225322
3642,0.426814
3643,-0.837029
3644,-0.090210
3645,-0.240848
3646,2.010130
3647,0.266093
3648,2.248388
3649,0.638069
3650,0.159707
3651,0.681270
3652,-1.574114
3653,0.421147
3654,0.825471
3655,0.535625
3656,1.314409
3657,0.022117
3658,0.850437
3659,-0.538109
3660,-0.029502
3661,1.399573
3662,2.087367
3663,0.134399
3664,0.050325
3665,0.614097
3666,-0.562079
3667,-0.330770
3668,-0.604312
3669,0.134438
3670,1.331623
3671,0.202026
3672,1.760157
3673,-0.565268
3674,-1.767187
3675,1.240473
3676,-0.978561
3677,-1.034272
3678,-1.006907
3679,-0.056274
3680,2.014405
3681,0.649046
3682,-0.210278
3683,-0.560515
3684,-0.467658
3685,0.347229
3686,-2.232833
3687,-1.487271
3688,-0.525707
3689,0.320390
3690,-0.115677
3691,-1.400366
3692,-0.926607
3693,-2.301644
3694,0.672759
3695,-0.940738
3696,0.712395
3697,-0.130949
3698,-0.746249
3699,2.337984
3700,0.007023
3701,-0.584385
3702,-0.543009
3703,-1.816027
3704,-1.118961
3705,-0.788931
3706,-1.271459
3707,0.295431
3708,-0.805047
3709,-0.429692
3710,-2.443659
3711,-1.698577
3712,-0.692551
3713,-1.508140
3714,-1.552894
3715,1.133994
3716,-0.948736
3717,0.352061
3718,0.198348
3719,0.309561
3720,-1.387037
3721,1.107636
3722,-1.102790
3723,-1.416755
3724,-1.305669
3725,-1.336805
3726,-2.348676
3727,-1.525375
3728,-0.848953
3729,-0.228274
3730,-0.140971
3731,-0.824086
3732,-1.013422
3733,-0.682983
3734,1.674388
3735,-0.271696
3736,0.299118
3737,0.782763
3738,1.199341
3739,-0.386590
3740,-0.047024
3741,1.526776
3742,1.527524
3743,-0.432112
3744,-0.855736
3745,-2.876503
3746,-1.219543
3747,-1.526531
3748,-0.861031
3749,-0.992854
3750,-0.320428
3751,0.749691
3752,-1.022887
3753,-0.885045
3754,-0.563159
3755,-0.315714
3756,-0.122345
3757,1.375069
3758,1.123172
3759,1.039731
3760,-0.051716
3761,2.723020
3762,-0.484254
3763,0.647456
3764,-0.045704
3765,0.318251
3766,1.662328
3767,1.040292
3768,-0.042360
3769,1.011446
3770,0.610292
3771,-0.139397
3772,-2.404691
3773,-1.080070
3774,-1.446565
3775,-1.428952
3776,0.301949
3777,0.043396
3778,0.235634
3779,-0.890001
3780,-2.172577
3781,-1.095924
3782,0.505171
3783,0.469328
3784,0.516996
3785,-1.848842
3786,-2.624434
3787,1.073441
3788,-0.436910
3789,0.451559
3790,1.154508
3791,0.043202
3792,-1.800443
3793,-2.254380
3794,0.233195
3795,-0.383590
3796,1.626795
3797,-0.175063
3798,0.989083
3799,-0.424273
3800,0.811741
3801,0.109058
3802,1.509672
3803,-0.338910
3804,0.296776
3805,0.524721
3806,0.199164
3807,-0.324223
3808,0.859915
3809,-0.070028
3810,-0.327271
3811,0.649984
3812,0.901342
3813,-0.413307
3814,-0.489699
3815,-1.126363
3816,-0.908060
3817,0.498874
3818,0.060661
3819,0.163452
3820,-1.587466
3821,-0.149963
3822,-1.225899
3823,-1.306593
3824,0.213975
3825,-0.355824
3826,-0.199565
3827,0.421248
3828,-0.833051
3829,0.574347
3830,-2.024497
3831,-0.462587
3832,-0.657335
3833,0.118119
3834,-1.909966
3835,-1.329280
3836,-0.658078
3837,0.826376
3838,-0.711228
3839,-0.311779
3840,-0.349516
3841,-1.260891
3842,-0.193450
3843,-0.184599
3844,-0.503794
3845,-1.197591
3846,-0.405559
3847,-1.889332
3848,0.113024
3849,0.263067
3850,-0.913250
3851,0.142698
3852,-2.616291
3853,-0.965335
3854,-1.748517
3855,-1.308955
3856,0.616600
3857,0.485698
3858,0.328716
3859,-0.268348
3860,0.608427
3861,-1.540157
3862,-0.462783
3863,-0.278369
3864,1.433049
3865,-1.221969
3866,-1.308316
3867,-0.667008
3868,0.481429
3869,-0.676877
3870,0.429038
3871,-0.990221
3872,-0.060261
3873,0.923212
3874,-0.130701
3875,0.475992
3876,-0.252051
3877,-2.064468
3878,1.084246
3879,0.751874
3880,0.731791
3881,2.692760
3882,1.610646
3883,0.612351
3884,-0.347054
3885,-0.660471
3886,-0.626354
3887,-0.731996
3888,-0.332035
3889,-2.016089
3890,-1.438486
3891,-0.967896
3892,0.828341
3893,0.192998
3894,-0.270028
3895,0.264338
3896,0.574515
3897,1.162168
3898,0.736404
3899,-1.046442
3900,0.003878
3901,0.210005
3902,0.092653
3903,1.458270
3904,0.826479
3905,-0.157485
3906,-0.303285
3907,1.239101
3908,0.084349
3909,-1.306880
3910,-0.164587
3911,0.485926
3912,0.137948
3913,0.649406
3914,-0.905523
3915,-0.109145
3916,-0.484739
3917,1.242934
3918,-0.428475
3919,0.419943
3920,-0.714202
3921,-1.246896
3922,-0.690871
3923,-1.959099
3924,-0.768760
3925,-0.029663
3926,0.542738
3927,1.167415
3928,1.163025
3929,-0.742723
3930,-1.705325
3931,0.249158
3932,-0.421010
3933,1.250458
3934,0.964489
3935,2.148191
3936,-0.661859
3937,1.359881
3938,0.644078
3939,-1.812561
3940,-0.074614
3941,0.409974
3942,1.110526
3943,-0.239848
3944,-1.115801
3945,-1.743153
3946,-0.598804
3947,-1.587367
3948,-0.815714
3949,0.485401
3950,-1.631703
3951,-0.229155
3952,0.792891
3953,0.374002
3954,0.606480
3955,1.090055
3956,0.921545
3957,0.136575
3958,-0.143107
3959,2.341217
3960,-0.690527
3961,-0.469124
3962,-0.143942
3963,0.410619
3964,-0.101297
3965,-0.664428
3966,0.666271
3967,0.806757
3968,-0.200031
3969,0.745880
3970,1.082327
3971,0.453001
3972,0.792096
3973,-0.729574
3974,-1.464579
3975,1.470890
3976,0.445043
3977,2.280781
3978,0.257694
3979,-1.350229
3980,-0.126825
3981,0.564974
3982,-0.829804
3983,-0.275110
3984,-0.373116
3985,-0.046190
3986,-0.515502
3987,-0.464073
3988,-1.488209
3989,-0.487505
3990,-0.127852
3991,0.310809
3992,0.861019
3993,0.568292
3994,2.208026
3995,-0.370031
3996,-0.744274
3997,-0.645041
3998,-2.136026
3999,-0.663101
4000,0.180733
4001,-0.778598
4002,1.809486
4003,-0.130470
4004,-1.578362
4005,-0.651387
4006,-0.341998
4007,2.192683
4008,0.872876
4009,0.895176
4010,1.153821
4011,-0.207285
4012,-0.335067
4013,-0.141568
4014,1.802108
4015,-0.612894
4016,-0.924294
4017,-1.172734
4018,1.193912
4019,0.520401
4020,-2.765477
4021,0.151609
4022,0.325398
4023,0.584801
4024,0.898619
4025,0.136990
4026,-0.608803
4027,0.874075
4028,0.914085
4029,0.713089
4030,0.384482
4031,0.688031
4032,0.398320
4033,-0.957230
4034,-1.443415
4035,0.486628
4036,2.461036
4037,1.293765
4038,-0.509995
4039,-0.761626
4040,-1.910461
4041,-0.162074
4042,0.904401
4043,1.634609
4044,-0.896646
4045,-2.101798
4046,-0.339302
4047,-1.497298
4048,0.558702
4049,-0.826072
4050,-0.616338
4051,0.611735
4052,1.770657
4053,-1.131070
4054,0.097129
4055,-0.188701
4056,-0.222052
4057,0.674409
4058,1.035852
4059,-0.656965
4060,-0.682456
4061,-1.047557
4062,-0.490534
4063,-0.837250
4064,-0.410943
4065,-1.189108
4066,-1.669395
4067,-2.023109
4068,0.599149
4069,-0.069933
4070,0.425530
4071,-0.180063
4072,0.234755
4073,1.599810
4074,0.453141
4075,0.708558
4076,2.342256
4077,0.159445
4078,0.056992
4079,1.396855
4080,0.759117
4081,-0.694352
4082,-0.867556
4083,-0.741704
4084,-0.190991
4085,-0.339076
4086,-0.322935
4087,-1.547324
4088,0.526211
4089,1.389595
4090,0.428622
4091,0.831282
4092,-0.394478
4093,0.446996
4094,0.239015
4095,0.554307
4096,1.101125
4097,-0.102965
4098,1.753627
4099,1.053015
4100,1.392603
4101,0.799726
4102,0.216021
4103,0.661045
4104,0.995229
4105,-1.304713
4106,-0.061874
4107,0.301815
4108,-0.070899
4109,-0.248185
4110,-1.470479
4111,-1.037013
4112,-0.840127
4113,-0.824732
4114,0.077398
4115,-0.426696
4116,-1.171642
4117,-0.746755
4118,-0.372307
4119,-0.956180
4120,-0.890228
4121,0.416638
4122,0.725836
4123,0.662682
4124,-0.860072
4125,0.577769
4126,0.000334
4127,-1.002683
4128,-0.850901
4129,1.548747
4130,2.286861
4131,2.176868
4132,0.362278
4133,0.660724
4134,-0.707199
4135,0.205285
4136,0.776486
4137,0.898302
4138,-0.422328
4139,0.668834
4140,-0.407311
4141,0.673313
4142,1.142500
4143,0.416191
4144,2.518659
4145,-0.227318
4146,0.329055
4147,-0.823949
4148,-0.898873
4149,-1.801690
4150,0.005957
4151,-1.101666
4152,0.005712
4153,-0.650041
4154,-0.478182
4155,-0.707663
4156,0.865386
4157,0.747490
4158,0.407926
4159,-0.808758
4160,-0.676373
4161,1.807306
4162,0.605488
4163,-1.768764
4164,-0.856580
4165,-0.283505
4166,2.035228
4167,2.156511
4168,1.252522
4169,1.317577
4170,-0.719240
4171,0.223827
4172,1.093382
4173,-0.035741
4174,1.250811
4175,-0.193736
4176,-0.625385
4177,0.064448
4178,0.842237
4179,-0.139032
4180,-0.993869
4181,1.244371
4182,-0.055142
4183,0.938983
4184,-1.516388
4185,-0.305148
4186,-0.300214
4187,1.119562
4188,0.533009
4189,1.897371
4190,1.336010
4191,0.977521
4192,-0.107047
4193,-0.131154
4194,1.022028
4195,-0.376486
4196,0.086489
4197,-0.700144
4198,-0.250836
4199,-0.349343
4200,-1.037759
4201,0.310781
4202,-0.160384
4203,-1.101858
4204,0.045614
4205,0.402219
4206,2.570693
4207,0.579803
4208,-0.330418
4209,-0.849094
4210,-0.906855
4211,0.502939
4212,2.147008
4213,0.944945
4214,1.140828
4215,-0.587108
4216,0.184049
4217,1.672733
4218,1.686990
4219,0.816161
4220,-0.608175
4221,1.261357
4222,-0.569371
4223,-0.607205
4224,-0.139197
4225,-0.409133
4226,0.404991
4227,-1.035344
4228,-0.831333
4229,0.696791
4230,-0.136377
4231,0.722645
4232,0.716038
4233,-0.770005
4234,-2.825836
4235,-1.834374
4236,-1.733965
4237,-1.296743
4238,-0.139603
4239,-0.618488
4240,1.044033
4241,-0.779894
4242,-0.954029
4243,1.728683
4244,0.170921
4245,0.947775
4246,0.034110
4247,-0.810739
4248,-0.978850
4249,-0.167901
4250,-0.014249
4251,-0.918258
4252,-1.039861
4253,-1.220620
4254,-1.416383
4255,0.640951
4256,1.216564
4257,1.049661
4258,-0.405519
4259,-0.045802
4260,-0.025684
4261,-0.958826
4262,-0.108605
4263,0.280932
4264,-0.321214
4265,-0.807874
4266,-0.617314
4267,0.633599
4268,-0.282386
4269,-0.560234
4270,-0.792835
4271,0.650875
4272,-1.747696
4273,-0.334629
4274,2.108539
4275,-2.486338
4276,-1.065666
4277,1.044670
4278,1.066038
4279,-0.879141
4280,0.213960
4281,1.022593
4282,0.469190
4283,1.016451
4284,-0.576238
4285,1.696260
4286,0.374954
4287,0.369159
4288,0.557546
4289,-0.885873
4290,-0.388381
4291,0.576221
4292,0.043695
4293,-0.129068
4294,-1.620185
4295,-1.899259
4296,-1.139524
4297,0.133085
4298,-0.454804
4299,-1.186216
4300,-0.234284
4301,0.089140
4302,1.995782
4303,-0.977609
4304,-0.459852
4305,1.153712
4306,-0.106014
4307,0.631025
4308,0.172199
4309,0.310028
4310,-0.948202
4311,0.800798
4312,0.320498
4313,1.528784
4314,0.691188
4315,1.096762
4316,0.104993
4317,0.621367
4318,-0.724336
4319,-0.624923
4320,0.334255
4321,1.201853
4322,1.827425
4323,1.743615
4324,2.079239
4325,-0.040554
4326,-0.959986
4327,0.920249
4328,1.683376
4329,-0.358665
4330,-0.387319
4331,0.845647
4332,1.685871
4333,-0.619958
4334,0.814308
4335,-0.742953
4336,1.403652
4337,2.550842
4338,-0.075023
4339,1.313711
4340,-0.508669
4341,0.554529
4342,1.349047
4343,-0.447864
4344,0.324366
4345,0.021946
4346,-0.617495
4347,-2.508268
4348,0.817340
4349,-0.092010
4350,-0.120763
4351,1.027533
4352,0.854006
4353,-0.640835
4354,-0.192241
4355,-0.793401
4356,0.898956
4357,0.001790
4358,0.232759
4359,2.049450
4360,0.710485
4361,-0.968948
4362,-1.480441
4363,1.281564
4364,0.447119
4365,1.642001
4366,-2.478704
4367,-0.249116
4368,-0.897804
4369,0.368131
4370,0.262948
4371,0.358069
4372,-0.187247
4373,0.162537
4374,-1.262907
4375,-1.847138
4376,-2.215143
4377,-2.918065
4378,-1.880154
4379,1.045063
4380,0.690541
4381,0.066718
4382,0.178420
4383,0.852819
4384,0.424760
4385,1.731069
4386,0.456149
4387,1.316641
4388,-1.776893
4389,-1.710807
4390,0.156563
4391,1.476935
4392,-0.611939
4393,-0.851254
4394,-1.273508
4395,1.406915
4396,-2.161162
4397,-1.182202
4398,-1.455146
4399,-0.632987
4400,-0.746110
4401,-0.711214
4402,1.389009
4403,-0.696481
4404,0.976571
4405,-0.678268
4406,-1.341133
4407,0.140377
4408,2.161525
4409,2.596194
4410,0.861126
4411,1.159087
4412,-0.210692
4413,-0.613106
4414,0.599830
4415,-0.169550
4416,1.119808
4417,-0.566918
4418,1.254041
4419,0.507934
4420,-0.284792
4421,1.915134
4422,-1.556434
4423,-0.366897
4424,0.314303
4425,0.423238
4426,-0.840039
4427,-0.583325
4428,0.333734
4429,-0.980089
4430,-0.291890
4431,-1.629886
4432,0.126176
4433,0.297875
4434,0.118112
4435,-1.181595
4436,1.012726
4437,0.172534
4438,0.345728
4439,0.653095
4440,0.857192
4441,-1.166836
4442,-2.231960
4443,-0.331281
4444,-0.101399
4445,-0.316441
4446,1.939373
4447,1.229305
4448,0.508076
4449,2.101483
4450,0.617102
4451,0.243208
4452,-1.100929
4453,0.100421
4454,0.429572
4455,0.822546
4456,0.366662
4457,-1.524635
4458,-1.939549
4459,-0.702117
4460,-0.865257
4461,0.077600
4462,-0.610752
4463,0.831231
4464,-0.996352
4465,0.552730
4466,-0.220669
4467,0.893222
4468,-0.657719
4469,-0.667856
4470,-1.299814
4471,-0.870965
4472,-0.378811
4473,-0.149577
4474,0.835191
4475,1.676715
4476,0.408891
4477,-0.568623
4478,1.713855
4479,1.426195
4480,1.271245
4481,0.621197
4482,0.253870
4483,0.691946
4484,0.264331
4485,-0.097989
4486,1.733773
4487,0.713660
4488,0.325559
4489,0.265941
4490,-0.587673
4491,-0.514941
4492,-1.076471
4493,-0.522980
4494,0.033059
4495,1.793341
4496,3.956373
4497,1.532518
4498,2.329993
4499,-0.648848
4500,-0.439967
4501,1.171517
4502,-0.537233
4503,-0.518273
4504,0.146130
4505,-0.302401
4506,0.851830
4507,-0.308596
4508,1.322875
4509,-0.436211
4510,-1.589570
4511,1.157638
4512,0.642310
4513,1.115945
4514,-0.100339
4515,0.198351
4516,1.304369
4517,-1.850364
4518,0.258067
4519,0.241466
4520,1.541698
4521,2.987701
4522,0.641623
4523,0.228410
4524,-0.681485
4525,0.745710
4526,0.224390
4527,-0.353884
4528,-0.424817
4529,-0.510066
4530,-0.066251
4531,-0.769388
4532,-0.217203
4533,-0.362773
4534,-0.384313
4535,-0.455304
4536,-1.085501
4537,-0.043336
4538,0.160505
4539,-0.485624
4540,-0.004937
4541,-1.281069
4542,-0.030866
4543,1.254541
4544,0.673864
4545,1.274560
4546,0.824376
4547,-0.910362
4548,-0.305405
4549,0.292245
4550,-0.901797
4551,2.603519
4552,-0.165323
4553,-1.170710
4554,-0.913651
4555,0.100575
4556,-0.646220
4557,-0.299971
4558,0.260572
4559,-0.961461
4560,-1.012045
4561,-0.022461
4562,0.651853
4563,1.949435
4564,-0.548530
4565,-0.264920
4566,-1.001842
4567,0.758621
4568,1.097808
4569,1.072450
4570,1.484682
4571,-0.676086
4572,1.099930
4573,1.061657
4574,-0.025454
4575,-0.438205
4576,-1.615141
4577,-0.777763
4578,-1.437667
4579,-1.611623
4580,0.083817
4581,-2.948936
4582,-2.431744
4583,-0.800339
4584,-0.946155
4585,-0.254623
4586,0.008025
4587,0.138718
4588,1.048257
4589,-0.667257
4590,0.646688
4591,0.549965
4592,1.284763
4593,-0.042494
4594,-0.123056
4595,0.115163
4596,-0.423165
4597,-1.828037
4598,-1.005643
4599,0.523714
4600,1.708231
4601,1.226644
4602,0.246207
4603,-0.476464
4604,0.725369
4605,-3.076496
4606,-0.831100
4607,-0.513387
4608,-0.560190
4609,-0.848272
4610,-0.169232
4611,1.479233
4612,-0.924362
4613,-0.655584
4614,-0.401271
4615,-0.634699
4616,-0.299611
4617,0.353103
4618,1.582538
4619,0.884379
4620,1.099324
4621,0.477185
4622,-0.287369
4623,1.772340
4624,0.564076
4625,-0.341579
4626,1.045687
4627,2.389823
4628,0.691432
4629,-1.988662
4630,-1.661320
4631,0.026073
4632,0.852864
4633,-1.089066
4634,-1.199485
4635,-0.091968
4636,1.935737
4637,1.730627
4638,-2.004461
4639,-1.674249
4640,0.883586
4641,0.268020
4642,-1.589071
4643,0.316161
4644,1.238462
4645,0.601937
4646,0.431033
4647,-1.036792
4648,0.124622
4649,0.326996
4650,1.585021
4651,0.791105
4652,2.020869
4653,1.098363
4654,1.197061
4655,-0.644007
4656,0.325773
4657,-0.531080
4658,-0.246285
4659,1.809968
4660,-0.490649
4661,0.386672
4662,2.022200
4663,1.288728
4664,-0.791301
4665,0.842871
4666,0.347498
4667,-2.184888
4668,-0.256820
4669,1.959014
4670,0.626759
4671,1.534509
4672,2.267317
4673,0.038256
4674,0.675109
4675,-0.889859
4676,0.434339
4677,0.754958
4678,0.282338
4679,-1.427813
4680,-0.523318
4681,-0.387608
4682,1.176275
4683,-0.249101
4684,0.300428
4685,0.133996
4686,0.300214
4687,1.983069
4688,0.253962
4689,-1.087845
4690,0.150462
4691,-2.227686
4692,-0.808852
4693,-0.900448
4694,0.018156
4695,-0.493850
4696,0.087662
4697,-0.987565
4698,1.602903
4699,0.383289
4700,-0.263695
4701,1.163696
4702,2.236619
4703,1.594431
4704,-0.542895
4705,-0.732873
4706,-0.438535
4707,0.092922
4708,-0.312327
4709,1.368133
4710,0.343499
4711,1.091484
4712,-2.797580
4713,-2.063671
4714,-0.331899
4715,-0.822946
4716,-0.770771
4717,1.067769
4718,1.810668
4719,1.035968
4720,1.442676
4721,0.185426
4722,-0.513771
4723,-0.219856
4724,-0.978342
4725,-2.764437
4726,-1.965903
4727,-1.431421
4728,-1.850248
4729,1.436890
4730,0.023136
4731,-0.020839
4732,-1.081255
4733,-0.947946
4734,-1.413178
4735,-0.448091
4736,0.586689
4737,0.446762
4738,0.563745
4739,-0.306851
4740,0.676072
4741,0.246837
4742,0.545473
4743,-0.211844
4744,-0.447044
4745,-1.360239
4746,-1.713070
4747,-0.447728
4748,-1.040561
4749,-0.648675
4750,-0.803770
4751,0.280447
4752,0.370414
4753,0.703685
4754,-0.207337
4755,1.311676
4756,-0.923036
4757,-0.034856
4758,0.440879
4759,-0.288907
4760,-0.560411
4761,-0.185018
4762,0.626991
4763,-1.450349
4764,0.249179
4765,0.323301
4766,-1.221158
4767,-1.646623
4768,1.101003
4769,0.972025
4770,-0.188422
4771,0.984702
4772,0.402940
4773,-0.637722
4774,-0.193226
4775,-0.599812
4776,1.646417
4777,1.486262
4778,0.302130
4779,-0.442676
4780,0.905342
4781,-1.228619
4782,-0.319321
4783,-0.462026
4784,-0.641314
4785,-1.101040
4786,-0.008943
4787,-0.831906
4788,-0.507312
4789,-0.118658
4790,-0.963425
4791,-0.364539
4792,-0.300723
4793,1.539563
4794,-0.045888
4795,0.477741
4796,-0.420556
4797,-0.662930
4798,0.400090
4799,1.479972
4800,-0.876553
4801,-3.202541
4802,-1.721781
4803,-0.778780
4804,0.256329
4805,1.368783
4806,0.959954
4807,1.269264
4808,-0.018636
4809,-0.338269
4810,-0.960842
4811,1.486233
4812,-1.466334
4813,1.141507
4814,-0.884502
4815,0.312279
4816,-1.580213
4817,-1.181373
4818,0.486285
4819,-0.285235
4820,0.664234
4821,0.523816
4822,-0.588505
4823,-0.256168
4824,-0.097468
4825,1.040126
4826,0.063588
4827,-0.443867
4828,-1.364778
4829,-0.795466
4830,2.189996
4831,0.677884
4832,1.818367
4833,1.156357
4834,0.390955
4835,0.898976
4836,2.089026
4837,1.411101
4838,0.181536
4839,-0.441538
4840,-0.328198
4841,-0.792285
4842,-0.672000
4843,-2.927254
4844,-1.103151
4845,2.181336
4846,1.353112
4847,0.426451
4848,0.974851
4849,-0.679984
4850,-1.279906
4851,-0.681622
4852,1.341595
4853,1.336946
4854,2.413730
4855,1.197258
4856,0.573950
4857,-0.108777
4858,1.016222
4859,0.412171
4860,1.588433
4861,1.334591
4862,-0.115814
4863,-0.519771
4864,0.765000
4865,1.979879
4866,-0.222998
4867,-1.096803
4868,0.116683
4869,-1.858342
4870,-1.951099
4871,-1.833523
4872,-1.147939
4873,-0.576131
4874,0.569708
4875,-0.577545
4876,-0.350301
4877,0.394323
4878,-1.326698
4879,-0.244916
4880,-1.669977
4881,2.149403
4882,0.755547
4883,1.648051
4884,0.274869
4885,0.771834
4886,-0.397949
4887,1.428941
4888,1.551279
4889,-0.670878
4890,-0.728169
4891,-0.793540
4892,1.290349
4893,-0.266706
4894,-1.362591
4895,0.549620
4896,0.761345
4897,0.496762
4898,0.864127
4899,0.399572
4900,-1.146728
4901,0.231854
4902,1.207536
4903,1.148181
4904,1.581012
4905,0.186774
4906,-0.469499
4907,0.513964
4908,1.507152
4909,0.425004
4910,1.721520
4911,-1.738457
4912,-0.562413
4913,-1.846084
4914,-0.542538
4915,0.012730
4916,-0.992611
4917,-1.643975
4918,-0.505654
4919,-0.066116
4920,-1.446716
4921,-1.347812
4922,-0.037547
4923,2.617143
4924,1.922809
4925,-0.046043
4926,0.290054
4927,0.772997
4928,0.450202
4929,1.152700
4930,-0.677553
4931,0.315238
4932,-0.979050
4933,-1.210104
4934,-1.658802
4935,-0.972591
4936,-1.156061
4937,-1.428742
4938,-0.529112
4939,-0.054384
4940,0.508262
4941,-0.193348
4942,-0.049512
4943,0.785109
4944,0.879468
4945,1.111420
4946,1.386825
4947,0.206373
4948,0.609871
4949,0.887647
4950,-1.484466
4951,-0.594659
4952,-1.356534
4953,-1.556796
4954,0.402915
4955,0.636803
4956,1.325754
4957,-0.064850
4958,0.273547
4959,-0.371833
4960,1.376102
4961,0.621629
4962,0.590217
4963,-0.234874
4964,-0.319532
4965,-0.240820
4966,0.208048
4967,0.166710
4968,1.083530
4969,-1.149449
4970,0.896242
4971,1.163582
4972,1.083301
4973,-0.345619
4974,-1.451383
4975,-2.796727
4976,-0.048543
4977,0.300962
4978,-1.678160
4979,-1.265412
4980,-0.825543
4981,-0.406144
4982,-1.616364
4983,-1.325604
4984,-0.652071
4985,-2.090897
4986,-2.298769
4987,-3.122147
4988,-0.544381
4989,-1.675778
4990,-1.717813
4991,0.363892
4992,0.066751
4993,0.098439
4994,0.949131
4995,-0.780031
4996,-0.895300
4997,-0.950710
4998,-0.155976
4999,-1.955279
5000,-1.682541
5001,-0.408180
5002,1.235501
5003,1.047208
5004,0.273969
5005,2.822046
5006,1.640523
5007,0.071202
5008,-0.575211
5009,-0.930897
5010,-0.624205
5011,-1.169875
5012,-0.065065
5013,-0.698555
5014,0.344583
5015,0.616816
5016,-0.114700
5017,-0.300948
5018,-1.531851
5019,-0.679597
5020,-0.914515
5021,-0.582955
5022,0.456199
5023,-0.834751
5024,-0.370821
5025,-0.715980
5026,0.280251
5027,-0.420956
5028,1.533224
5029,0.816446
5030,-0.013033
5031,-1.783522
5032,0.497466
5033,1.665767
5034,1.080417
5035,0.687882
5036,-0.032765
5037,1.649865
5038,2.471215
5039,0.259155
5040,1.469763
5041,-0.068181
5042,1.507398
5043,0.208260
5044,0.861862
5045,1.442388
5046,0.878415
5047,-0.267330
5048,-0.224198
5049,0.099956
5050,-1.274166
5051,-2.050650
5052,-1.873200
5053,0.814504
5054,-0.645878
5055,-0.089504
5056,-1.419707
5057,0.595981
5058,-1.908233
5059,-0.316163
5060,-0.532349
5061,0.666735
5062,-0.409605
5063,0.175701
5064,-0.501104
5065,0.026325
5066,-0.807237
5067,-0.211833
5068,0.975682
5069,0.770445
5070,-0.418243
5071,0.058434
5072,-0.948420
5073,-0.821020
5074,-0.396452
5075,-0.465134
5076,0.601103
5077,-1.020173
5078,-0.722476
5079,3.107941
5080,1.088195
5081,-0.378639
5082,-0.978460
5083,0.792509
5084,0.951463
5085,0.630704
5086,-0.438651
5087,-1.423229
5088,0.691879
5089,1.149247
5090,0.896201
5091,-0.623543
5092,1.153331
5093,0.160861
5094,-0.375353
5095,-0.496443
5096,0.788640
5097,-0.074349
5098,1.478366
5099,2.112871
5100,-0.490512
5101,0.399563
5102,-0.178863
5103,-0.312841
5104,1.658430
5105,0.543382
5106,1.466271
5107,1.838690
5108,1.351345
5109,-0.579508
5110,1.405897
5111,0.139345
5112,-0.019415
5113,0.881643
5114,-0.701159
5115,-0.014682
5116,0.135491
5117,0.128856
5118,-1.092780
5119,-0.083708
5120,0.606680
5121,-0.499128
5122,-0.711626
5123,1.347320
5124,0.424682
5125,1.232266
5126,-0.703165
5127,0.086546
5128,0.671652
5129,-0.063479
5130,0.546219
5131,-1.660495
5132,-0.464806
5133,0.457316
5134,-0.698984
5135,0.181387
5136,-0.258109
5137,0.097924
5138,-1.302956
5139,-1.573549
5140,-0.219845
5141,0.566659
5142,-0.350043
5143,-0.744296
5144,-1.312919
5145,-0.252106
5146,0.914410
5147,-0.061180
5148,-0.816133
5149,-1.280261
5150,0.457312
5151,1.874101
5152,2.643008
5153,0.835668
5154,-0.701928
5155,0.821774
5156,-0.817850
5157,1.683832
5158,0.488459
5159,0.191189
5160,-1.513521
5161,0.910547
5162,0.261829
5163,2.539010
5164,1.754585
5165,-1.494814
5166,0.292087
5167,-0.696390
5168,1.498217
5169,-0.130010
5170,-0.500690
5171,-0.033557
5172,-1.514501
5173,-0.663725
5174,-0.289176
5175,0.430036
5176,0.942439
5177,1.383596
5178,-0.484369
5179,0.411203
5180,-0.777804
5181,0.190129
5182,0.537223
5183,-0.934590
5184,-0.495004
5185,1.343324
5186,-0.127797
5187,0.099013
5188,-1.139352
5189,0.025580
5190,-0.450485
5191,1.419608
5192,-1.616812
5193,-0.933832
5194,0.815287
5195,0.330778
5196,-0.793794
5197,2.625341
5198,-0.096827
5199,-0.768830
5200,0.825463
5201,1.922752
5202,0.440218
5203,0.410080
5204,-0.041974
5205,0.602281
5206,1.594536
5207,1.324309
5208,0.146058
5209,-0.376801
5210,1.818820
5211,-0.050049
5212,-1.192465
5213,-0.059150
5214,-1.340882
5215,-1.217060
5216,-0.318289
5217,1.733058
5218,0.662841
5219,-0.266219
5220,-0.242856
5221,-1.195405
5222,-0.426749
5223,-0.784168
5224,0.769803
5225,-0.344864
5226,-0.553377
5227,-0.191796
5228,-0.353772
5229,-0.591485
5230,-0.436356
5231,0.301856
5232,1.340370
5233,-2.397165
5234,-0.151269
5235,0.699322
5236,0.564817
5237,-0.178758
5238,-0.011522
5239,0.180011
5240,0.533747
5241,0.801712
5242,-1.236902
5243,-1.438474
5244,-1.242164
5245,0.551278
5246,-0.669292
5247,-0.549328
5248,-0.367431
5249,-1.022775
5250,-0.567588
5251,-0.321228
5252,0.015234
5253,-1.200663
5254,-0.923908
5255,0.380797
5256,-0.602578
5257,-0.379339
5258,-0.935064
5259,-1.377858
5260,-0.919521
5261,0.033684
5262,-0.571317
5263,0.301761
5264,1.456406
5265,-0.327442
5266,-1.427898
5267,0.514879
5268,-0.606460
5269,-0.131565
5270,-1.930152
5271,-0.507719
5272,0.649096
5273,0.571828
5274,-0.168745
5275,0.430495
5276,-0.671674
5277,0.160310
5278,0.290094
5279,-0.235679
5280,-1.241463
5281,0.693145
5282,0.230699
5283,1.098259
5284,1.479416
5285,1.564908
5286,-0.070133
5287,0.318836
5288,0.814850
5289,2.176120
5290,0.505440
5291,1.013190
5292,0.967441
5293,1.090143
5294,-0.379112
5295,0.029361
5296,-0.170867
5297,-1.030794
5298,0.194949
5299,-0.410889
5300,-0.336492
5301,-0.568814
5302,-1.342194
5303,-1.720639
5304,-1.941156
5305,-0.216711
5306,-0.317455
5307,1.278013
5308,-0.358106
5309,2.830501
5310,1.833743
5311,0.720944
5312,-0.299364
5313,0.302855
5314,-0.464869
5315,-0.861603
5316,0.657418
5317,-0.021397
5318,-0.337192
5319,-0.657420
5320,-1.520586
5321,1.495268
5322,0.971270
5323,1.330739
5324,-0.083093
5325,-0.073534
5326,0.369440
5327,1.122968
5328,3.066635
5329,-0.959458
5330,-0.752030
5331,0.976946
5332,-0.252238
5333,-0.061650
5334,-0.111486
5335,-1.865169
5336,-1.461743
5337,0.603204
5338,-0.650042
5339,0.774743
5340,0.711368
5341,-2.016846
5342,-0.291823
5343,1.048186
5344,0.728659
5345,0.434710
5346,0.102685
5347,0.663630
5348,0.319525
5349,-1.032032
5350,-0.861261
5351,0.916271
5352,0.854746
5353,0.199256
5354,-0.071196
5355,-1.425153
5356,-1.247078
5357,-0.066293
5358,0.479193
5359,0.358295
5360,0.008681
5361,-0.998639
5362,-1.415679
5363,0.234634
5364,-0.842827
5365,2.100077
5366,1.128872
5367,0.340896
5368,1.430393
5369,-0.225690
5370,-1.488271
5371,-0.035976
5372,-0.058502
5373,1.098713
5374,1.082372
5375,-0.057937
5376,1.811731
5377,0.330594
5378,-1.843047
5379,-0.297348
5380,-0.230324
5381,0.595017
5382,2.718294
5383,-0.215503
5384,0.183377
5385,0.238487
5386,-0.584098
5387,0.820202
5388,-0.636356
5389,0.578192
5390,0.784025
5391,-0.863375
5392,-1.767743
5393,0.312447
5394,-1.283023
5395,-1.377330
5396,-0.468823
5397,0.519177
5398,0.826752
5399,-0.078671
5400,-1.099843
5401,-1.296245
5402,0.418702
5403,-0.805281
5404,-0.303131
5405,0.945033
5406,1.087513
5407,0.716103
5408,-0.633358
5409,-1.030479
5410,-0.517549
5411,-0.959894
5412,-0.225320
5413,0.100901
5414,-1.137702
5415,-0.615677
5416,-0.977010
5417,-0.949214
5418,1.476971
5419,-0.420023
5420,0.319746
5421,-1.616554
5422,-0.628266
5423,0.505964
5424,-0.191229
5425,-0.773237
5426,-0.305072
5427,-1.565822
5428,-0.541978
5429,-0.048943
5430,1.837032
5431,1.396378
5432,-1.019764
5433,0.500470
5434,-0.455749
5435,-0.845359
5436,-1.675635
5437,0.046983
5438,0.874571
5439,0.577137
5440,-0.639960
5441,-0.269122
5442,-0.226284
5443,-0.045863
5444,0.826450
5445,-1.476404
5446,-1.746049
5447,0.083485
5448,-1.001272
5449,0.279404
5450,-0.843443
5451,0.984684
5452,0.661543
5453,-0.763763
5454,-1.485975
5455,0.811155
5456,0.895732
5457,-0.847076
5458,-0.314566
5459,-0.361352
5460,0.856885
5461,1.529425
5462,-0.856991
5463,0.163351
5464,-0.710121
5465,-0.533849
5466,-0.383954
5467,-1.511019
5468,1.291638
5469,-0.187234
5470,-0.630595
5471,0.154652
5472,2.239660
5473,2.939024
5474,-0.236329
5475,0.202454
5476,0.964525
5477,0.244950
5478,-0.445249
5479,-1.618290
5480,-0.031298
5481,-1.061334
5482,-0.205666
5483,0.001552
5484,-0.590511
5485,-0.964112
5486,0.865681
5487,-0.860113
5488,-1.302452
5489,-0.398725
5490,-0.957021
5491,-0.974457
5492,1.293423
5493,-1.429585
5494,-0.848166
5495,-1.424757
5496,0.578592
5497,0.121367
5498,-1.092935
5499,-0.366538
5500,-0.369471
5501,1.016140
5502,0.439483
5503,0.038708
5504,-0.411468
5505,0.363499
5506,0.685842
5507,0.549986
5508,1.517557
5509,2.339854
5510,-0.060758
5511,1.531507
5512,-0.440888
5513,0.513207
5514,0.208058
5515,-1.773938
5516,-0.178060
5517,-1.025399
5518,-0.966461
5519,-0.326307
5520,-0.271582
5521,0.444490
5522,-0.020830
5523,-1.733583
5524,-0.260616
5525,-0.683595
5526,0.543590
5527,1.277133
5528,1.029367
5529,1.537592
5530,-1.124575
5531,-0.057898
5532,-0.142450
5533,0.862486
5534,2.643465
5535,1.218914
5536,0.931752
5537,-0.802715
5538,-1.064271
5539,-1.138440
5540,-1.431461
5541,-0.595166
5542,1.209915
5543,-0.238461
5544,0.114023
5545,0.690588
5546,0.000849
5547,0.850286
5548,0.084108
5549,0.832689
5550,-0.894959
5551,0.899001
5552,-0.421699
5553,0.024418
5554,-0.698936
5555,-0.928449
5556,-0.800312
5557,0.075342
5558,1.446217
5559,0.703582
5560,-2.173798
5561,-0.380321
5562,-2.126276
5563,-1.780781
5564,1.086161
5565,1.098375
5566,0.729465
5567,-1.085094
5568,-0.495446
5569,1.551869
5570,-1.545215
5571,0.323841
5572,0.919907
5573,0.882041
5574,0.012356
5575,0.147668
5576,1.131615
5577,0.931618
5578,1.220847
5579,1.636510
5580,-0.165909
5581,0.876951
5582,0.395195
5583,0.140835
5584,2.059092
5585,-1.282124
5586,1.435509
5587,-1.080963
5588,-1.998920
5589,0.526994
5590,-0.301105
5591,1.997411
5592,0.643642
5593,-1.542363
5594,-0.170460
5595,-0.255455
5596,-1.998007
5597,-0.670528
5598,-2.511367
5599,-0.921531
5600,0.396896
5601,0.255401
5602,-1.458318
5603,-0.579814
5604,-0.279647
5605,-0.146534
5606,1.952167
5607,0.583702
5608,0.143306
5609,0.395487
5610,0.272354
5611,-1.922988
5612,0.095630
5613,1.574456
5614,-0.563583
5615,-1.892824
5616,-0.462759
5617,-0.031744
5618,-1.585934
5619,-0.317768
5620,-0.226946
5621,0.286527
5622,0.895869
5623,1.195188
5624,-1.376662
5625,-0.682979
5626,-0.626217
5627,0.416937
5628,-0.373831
5629,1.922951
5630,1.009201
5631,-0.072478
5632,-1.749087
5633,0.672460
5634,-0.222448
5635,-1.360784
5636,-1.330465
5637,-1.463040
5638,-1.057302
5639,-0.640190
5640,-1.757411
5641,-0.121197
5642,-0.051917
5643,1.388306
5644,-1.242602
5645,0.879059
5646,1.295696
5647,-1.179382
5648,-0.033608
5649,-0.089719
5650,-0.227907
5651,0.514279
5652,0.069257
5653,-0.042841
5654,0.238278
5655,-0.678580
5656,1.138389
5657,-0.750020
5658,-1.104909
5659,-1.857300
5660,0.261026
5661,-0.934891
5662,-0.529277
5663,0.398147
5664,0.325487
5665,-0.946316
5666,-0.165294
5667,-0.408872
5668,-0.991042
5669,-1.741101
5670,-1.008821
5671,-0.669704
5672,0.972197
5673,0.554200
5674,1.388830
5675,2.053848
5676,-1.028107
5677,-0.658020
5678,0.877917
5679,1.032197
5680,0.162054
5681,0.441982
5682,0.216051
5683,0.388696
5684,1.747883
5685,-0.165725
5686,-1.747572
5687,-2.618233
5688,-3.207870
5689,-1.271145
5690,-0.811734
5691,-1.863577
5692,-0.493645
5693,-0.088787
5694,1.140548
5695,0.614316
5696,-2.902393
5697,-0.372219
5698,0.073663
5699,1.221196
5700,-1.102611
5701,1.217039
5702,-0.241270
5703,-0.232426
5704,-0.909101
5705,0.574261
5706,0.367166
5707,-0.150507
5708,-0.391936
5709,-0.283102
5710,0.697102
5711,2.066271
5712,0.002944
5713,-0.236152
5714,-0.826847
5715,-0.692277
5716,0.339286
5717,0.233283
5718,0.384095
5719,0.247069
5720,-0.718163
5721,0.042901
5722,2.397399
5723,-0.991140
5724,-1.583803
5725,0.343571
5726,2.088094
5727,1.135778
5728,-1.206276
5729,-1.240902
5730,-2.497043
5731,-0.182039
5732,0.403880
5733,-0.265621
5734,-0.320329
5735,-2.047667
5736,0.501230
5737,-0.940859
5738,-1.360767
5739,-0.196395
5740,-0.450233
5741,-0.352147
5742,-0.448016
5743,0.517311
5744,1.669135
5745,-1.253914
5746,-0.909568
5747,-0.817450
5748,0.081281
5749,-1.493609
5750,-1.903667
5751,-1.033580
5752,-0.417317
5753,-0.378308
5754,-1.375394
5755,-0.900444
5756,-0.035563
5757,3.563449
5758,0.133958
5759,0.436174
5760,0.180494
5761,0.023881
5762,0.823588
5763,-1.534624
5764,-0.766743
5765,-0.219362
5766,-0.792931
5767,-0.033613
5768,0.928721
5769,-0.669615
5770,1.473206
5771,0.032428
5772,0.083756
5773,0.391793
5774,0.177948
5775,0.530988
5776,0.129843
5777,-0.307170
5778,0.060856
5779,0.731153
5780,-0.821712
5781,1.229369
5782,0.364831
5783,-2.037950
5784,-1.471541
5785,0.484252
5786,0.370755
5787,-1.873358
5788,1.127702
5789,1.047789
5790,-0.323310
5791,1.353600
5792,-1.856402
5793,-1.067297
5794,-1.176080
5795,-0.334219
5796,-0.029932
5797,-0.442190
5798,0.158077
5799,-0.660337
5800,-1.485233
5801,0.200888
5802,0.134588
5803,-1.475702
5804,0.170044
5805,0.039858
5806,-1.195333
5807,0.732987
5808,-1.257854
5809,-1.450715
5810,-0.761704
5811,0.237031
5812,-1.047681
5813,1.097111
5814,0.586044
5815,1.774753
5816,-0.597097
5817,-1.131760
5818,1.586946
5819,0.762730
5820,1.421882
5821,0.572573
5822,0.913872
5823,1.374214
5824,-2.181350
5825,-0.540789
5826,-0.086797
5827,0.109398
5828,-0.533266
5829,1.567619
5830,-1.370567
5831,0.024056
5832,-0.424416
5833,0.335926
5834,-0.270773
5835,2.028476
5836,-0.337293
5837,0.805917
5838,-0.934195
5839,0.634619
5840,0.157552
5841,0.877968
5842,0.740263
5843,-0.774740
5844,-0.031282
5845,-0.617539
5846,1.838149
5847,0.610282
5848,1.527129
5849,1.602228
5850,-1.084067
5851,0.171442
5852,-1.304319
5853,-1.412394
5854,0.791696
5855,0.915094
5856,0.006282
5857,0.026829
5858,-1.028244
5859,1.140099
5860,0.993598
5861,-0.147169
5862,1.376849
5863,-0.596239
5864,-0.361319
5865,-1.930538
5866,-1.331905
5867,0.371224
5868,0.010438
5869,0.567186
5870,0.504349
5871,0.646226
5872,0.826449
5873,-0.100366
5874,-0.166967
5875,-0.356157
5876,1.154575
5877,0.480234
5878,1.659233
5879,1.537243
5880,-0.714967
5881,-0.547747
5882,-1.366321
5883,-0.444977
5884,0.410046
5885,0.469966
5886,-0.021142
5887,-0.463512
5888,-1.174655
5889,-0.013476
5890,0.670923
5891,-1.277667
5892,-2.061989
5893,1.515548
5894,-0.333583
5895,0.362688
5896,-1.742183
5897,-0.665219
5898,-0.261943
5899,1.590047
5900,-1.012382
5901,-1.017610
5902,0.398453
5903,-0.308060
5904,1.061860
5905,-1.812098
5906,-1.750976
5907,-1.749012
5908,0.375090
5909,-1.331132
5910,-1.743024
5911,0.214013
5912,-1.073096
5913,-0.456989
5914,0.821178
5915,-0.401522
5916,-0.832110
5917,-0.913311
5918,-1.062915
5919,-0.530990
5920,-0.879621
5921,-1.124252
5922,-0.711079
5923,0.865271
5924,0.226868
5925,0.659751
5926,-1.320810
5927,0.576944
5928,1.616341
5929,2.646491
5930,1.193658
5931,-0.301423
5932,0.130613
5933,0.059080
5934,0.306209
5935,-2.105459
5936,0.713060
5937,1.586121
5938,0.550214
5939,0.638371
5940,0.060854
5941,0.917103
5942,0.346354
5943,0.306380
5944,0.013609
5945,0.133163
5946,-0.224648
5947,0.181881
5948,-1.264268
5949,-0.144203
5950,0.172859
5951,-0.507254
5952,-0.866092
5953,0.843259
5954,0.823826
5955,1.045205
5956,0.617604
5957,-1.528917
5958,-0.840808
5959,0.643898
5960,-0.268856
5961,-0.440987
5962,-0.225781
5963,-1.318568
5964,-1.363138
5965,-0.535319
5966,0.691765
5967,1.117029
5968,-0.005731
5969,-0.393262
5970,-0.339776
5971,0.407870
5972,-0.894593
5973,-0.314094
5974,-0.572362
5975,0.732173
5976,1.266644
5977,-0.745965
5978,-0.403167
5979,-2.086912
5980,-0.560224
5981,-0.375523
5982,2.277829
5983,0.846095
5984,-1.942793
5985,-0.850176
5986,1.924163
5987,0.026832
5988,-1.279528
5989,0.462236
5990,0.049275
5991,0.098276
5992,0.919435
5993,0.742733
5994,-1.996200
5995,-1.842943
5996,-0.587534
5997,0.552113
5998,1.866594
5999,0.895430
6000,0.153003
6001,-0.527535
6002,0.339491
6003,1.178549
6004,-1.694398
6005,2.154679
6006,1.035276
6007,1.559660
6008,0.592152
6009,-0.905115
6010,0.562308
6011,-0.681853
6012,-2.535549
6013,0.282733
6014,-0.568240
6015,-0.243075
6016,-2.059693
6017,-1.450165
6018,-0.193740
6019,-1.400009
6020,-0.428355
6021,0.877579
6022,1.900360
6023,0.293929
6024,-0.482522
6025,0.405026
6026,-1.166539
6027,-2.128701
6028,-1.546126
6029,1.312441
6030,0.005927
6031,-0.197099
6032,0.591977
6033,-0.392505
6034,0.987731
6035,0.039348
6036,0.383744
6037,-0.120698
6038,0.479072
6039,-0.598238
6040,0.055064
6041,-2.208801
6042,-1.881414
6043,-1.111256
6044,-0.185733
6045,-2.260027
6046,0.517515
6047,-0.383216
6048,1.546019
6049,-0.982767
6050,-0.354008
6051,0.388016
6052,1.491350
6053,-0.004964
6054,0.887183
6055,1.716637
6056,-0.808563
6057,-0.247015
6058,0.640947
6059,-1.667398
6060,-0.789204
6061,-2.592367
6062,0.244203
6063,1.141025
6064,0.777305
6065,0.883689
6066,0.255103
6067,0.850720
6068,0.529046
6069,-1.593731
6070,0.362146
6071,0.343174
6072,-0.063688
6073,-0.276804
6074,0.642161
6075,1.180197
6076,1.122469
6077,1.808975
6078,-1.039451
6079,-2.079096
6080,0.678399
6081,-1.445093
6082,-0.903767
6083,0.977489
6084,-1.458976
6085,0.592299
6086,-1.566768
6087,-1.142665
6088,1.412118
6089,-2.002975
6090,-1.633837
6091,0.582844
6092,1.220379
6093,0.625794
6094,-0.927441
6095,0.180154
6096,1.494074
6097,-1.496660
6098,-0.087576
6099,-1.726252
6100,1.855562
6101,1.892765
6102,-0.856742
6103,0.722265
6104,-0.424347
6105,-0.274961
6106,2.014881
6107,-1.142993
6108,-2.022228
6109,-1.658966
6110,0.028875
6111,0.043590
6112,0.134987
6113,-1.278212
6114,-0.461956
6115,-0.400864
6116,-1.031253
6117,-0.547308
6118,0.484328
6119,1.583238
6120,0.485931
6121,1.338627
6122,1.360236
6123,1.298523
6124,0.938232
6125,0.320944
6126,-0.559627
6127,0.277195
6128,-2.450124
6129,-0.142740
6130,0.336686
6131,1.144751
6132,1.430188
6133,2.150970
6134,0.704479
6135,0.461207
6136,1.240620
6137,1.328562
6138,1.233050
6139,-2.324782
6140,0.842205
6141,0.127837
6142,0.078191
6143,-1.602409
6144,-1.793017
6145,-2.798962
6146,-0.373742
6147,1.344046
6148,0.433055
6149,0.539342
6150,-0.310359
6151,0.954948
6152,-0.236756
6153,-0.888095
6154,1.130815
6155,1.338442
6156,1.886197
6157,-1.097438
6158,-0.430485
6159,-0.598173
6160,0.564320
6161,1.382270
6162,0.442099
6163,-0.869589
6164,-0.808113
6165,-0.562661
6166,-0.697930
6167,-0.106610
6168,0.427079
6169,2.733225
6170,0.407916
6171,-0.472890
6172,-0.437444
6173,0.888828
6174,0.598361
6175,0.777925
6176,0.738259
6177,1.244172
6178,0.981464
6179,-0.900711
6180,2.487846
6181,0.534028
6182,0.239637
6183,1.412853
6184,0.900333
6185,1.656665
6186,2.244691
6187,1.956175
6188,1.297992
6189,-0.931251
6190,1.448442
6191,1.336957
6192,0.613410
6193,-1.272325
6194,0.591650
6195,-0.512843
6196,0.797705
6197,-0.088932
6198,1.166833
6199,1.185066
6200,0.084084
6201,1.192954
6202,0.937428
6203,-0.582740
6204,-0.016085
6205,-0.017870
6206,-0.025983
6207,-1.864296
6208,0.704940
6209,1.022351
6210,0.328524
6211,-1.621482
6212,-0.181282
6213,1.179166
6214,0.055616
6215,0.187698
6216,0.847391
6217,-2.130174
6218,-0.375359
6219,-0.298234
6220,0.184481
6221,0.294931
6222,1.707717
6223,0.933416
6224,0.846544
6225,-1.875019
6226,-0.955779
6227,-1.020852
6228,-0.897878
6229,1.123969
6230,-0.031681
6231,-0.731312
6232,-1.043887
6233,-0.105114
6234,0.387433
6235,0.148961
6236,0.425046
6237,-2.232124
6238,-0.522113
6239,0.026126
6240,-0.445787
6241,-0.048197
6242,-0.802595
6243,0.987400
6244,0.781316
6245,-0.633068
6246,0.498100
6247,-0.016764
6248,-1.654133
6249,-2.285772
6250,1.373022
6251,-0.175562
6252,0.847049
6253,0.710451
6254,1.346795
6255,-1.790760
6256,0.141930
6257,0.576705
6258,-0.581180
6259,-0.708587
6260,1.098756
6261,0.321113
6262,0.811489
6263,0.243618
6264,-0.887453
6265,-0.129112
6266,0.178765
6267,1.160960
6268,0.701747
6269,0.772881
6270,0.597541
6271,-0.374316
6272,0.666841
6273,-0.288535
6274,-0.936639
6275,-0.842149
6276,-1.539705
6277,0.046842
6278,0.234371
6279,-0.387179
6280,-0.593734
6281,0.436660
6282,-0.321443
6283,1.023122
6284,-0.558179
6285,-0.507293
6286,1.089113
6287,-0.076996
6288,1.862189
6289,-2.530372
6290,-1.913715
6291,-0.061807
6292,-2.025893
6293,-0.255742
6294,-0.148523
6295,0.158649
6296,0.366952
6297,0.652919
6298,-1.192798
6299,-0.340773
6300,-1.362428
6301,-1.363291
6302,-1.875227
6303,0.238540
6304,-0.083046
6305,-0.301543
6306,0.377293
6307,0.024551
6308,-0.599224
6309,0.076474
6310,0.383892
6311,0.962551
6312,1.786838
6313,0.567232
6314,-0.774595
6315,2.000001
6316,1.816504
6317,0.075864
6318,0.857226
6319,0.396865
6320,-0.727341
6321,0.476140
6322,1.781122
6323,0.278409
6324,-0.129502
6325,-1.011268
6326,-1.527528
6327,-0.654434
6328,0.332845
6329,0.200806
6330,0.446702
6331,-0.279860
6332,-0.133627
6333,0.788530
6334,-0.682620
6335,0.730218
6336,0.659722
6337,1.867854
6338,-1.392476
6339,0.247607
6340,-1.183773
6341,-0.227060
6342,-0.262619
6343,-1.302452
6344,-0.907257
6345,0.907204
6346,-0.434512
6347,0.832615
6348,-0.777561
6349,-0.289135
6350,1.111489
6351,0.649109
6352,0.502313
6353,-0.256305
6354,0.419366
6355,0.302819
6356,-0.610645
6357,0.907596
6358,-0.867490
6359,-0.168401
6360,0.797090
6361,0.969289
6362,-0.691445
6363,0.905240
6364,0.791206
6365,-0.002228
6366,-0.506015
6367,1.136024
6368,0.467622
6369,-0.155587
6370,-0.508602
6371,0.762657
6372,-0.064951
6373,-1.283167
6374,-0.458791
6375,-0.313284
6376,-1.114411
6377,0.245182
6378,2.153046
6379,2.115025
6380,1.416088
6381,0.299171
6382,-0.374026
6383,-0.732074
6384,-3.546500
6385,0.197698
6386,1.118444
6387,0.893176
6388,0.316426
6389,0.962594
6390,0.424629
6391,0.223006
6392,-1.940494
6393,-1.887605
6394,0.832392
6395,1.200865
6396,0.731197
6397,-1.029133
6398,-0.536611
6399,-1.601079
6400,-1.739870
6401,-0.546815
6402,-0.726701
6403,0.767288
6404,-0.122011
6405,-0.099865
6406,-0.543044
6407,0.314732
6408,-0.110040
6409,-1.778626
6410,-1.251625
6411,-1.276798
6412,-0.282015
6413,-1.341537
6414,-0.737335
6415,1.396307
6416,-0.049295
6417,0.885848
6418,0.939430
6419,-1.383459
6420,0.211248
6421,0.121827
6422,0.780056
6423,-0.729415
6424,-0.672986
6425,-2.463162
6426,0.745127
6427,1.247757
6428,1.444805
6429,0.681985
6430,-0.360935
6431,1.471815
6432,-0.395697
6433,-0.404879
6434,-1.127525
6435,-0.393855
6436,0.450509
6437,0.456260
6438,-0.539608
6439,-0.415938
6440,0.404990
6441,-0.651983
6442,-0.120562
6443,-0.053627
6444,0.496748
6445,0.163275
6446,-0.533631
6447,-0.215470
6448,0.714689
6449,-1.352164
6450,-0.136283
6451,-0.589318
6452,1.917280
6453,-0.461693
6454,-0.268476
6455,-0.476240
6456,0.545900
6457,0.653170
6458,-0.476280
6459,-0.975279
6460,0.144883
6461,-0.542935
6462,-0.479321
6463,-1.504200
6464,-0.604903
6465,-0.142466
6466,-1.986348
6467,-2.833906
6468,-0.622374
6469,1.055015
6470,-1.125067
6471,-0.468256
6472,1.268710
6473,0.297643
6474,-0.323434
6475,-0.239438
6476,0.572683
6477,0.945628
6478,0.875766
6479,-0.399755
6480,-0.286511
6481,1.560329
6482,0.062514
6483,-0.175927
6484,-0.520565
6485,-0.026144
6486,0.581526
6487,0.664342
6488,0.302681
6489,0.679712
6490,0.363468
6491,-0.360212
6492,-0.600148
6493,-1.216165
6494,1.058402
6495,3.672444
6496,0.887342
6497,1.308920
6498,-1.194787
6499,-0.312957
6500,-0.772151
6501,-0.586546
6502,-0.398672
6503,-0.212639
6504,-0.118576
6505,-0.242751
6506,-1.157861
6507,-0.562257
6508,0.866972
6509,1.380895
6510,-0.299371
6511,0.649271
6512,1.048716
6513,1.758006
6514,0.720121
6515,-0.378120
6516,0.489540
6517,0.480324
6518,1.250128
6519,1.479911
6520,0.312794
6521,0.568591
6522,-0.558531
6523,-0.390177
6524,-1.473068
6525,-0.036193
6526,-0.271463
6527,0.213443
6528,-2.307334
6529,-0.557757
6530,-0.131054
6531,1.132272
6532,0.123861
6533,0.368716
6534,0.487192
6535,0.328032
6536,-1.288160
6537,-1.482834
6538,0.242109
6539,1.611565
6540,-1.140085
6541,-1.232729
6542,0.605681
6543,1.534598
6544,-1.878235
6545,-1.030717
6546,0.540252
6547,-1.242690
6548,-0.155266
6549,0.682132
6550,-1.485579
6551,0.785739
6552,0.529303
6553,0.421653
6554,-0.369649
6555,0.909869
6556,-0.039658
6557,-0.427410
6558,-0.457958
6559,-0.441899
6560,-0.178169
6561,-0.727632
6562,-0.373763
6563,0.064500
6564,0.091905
6565,-1.075828
6566,0.590292
6567,-0.650828
6568,0.914251
6569,-0.468750
6570,1.199248
6571,-1.171752
6572,-0.323224
6573,-0.065197
6574,-1.925974
6575,-1.932289
6576,-1.203632
6577,-0.564620
6578,-0.002288
6579,1.045018
6580,-0.811527
6581,0.020807
6582,0.255181
6583,-0.499323
6584,-1.893757
6585,-1.299469
6586,0.570126
6587,1.405697
6588,-0.921554
6589,-0.103978
6590,-0.119591
6591,-0.611473
6592,1.824479
6593,1.661293
6594,-0.842169
6595,0.043497
6596,0.607072
6597,-1.908373
6598,-1.933370
6599,-0.869645
6600,-1.588326
6601,0.494716
6602,1.532199
6603,1.068745
6604,-0.949621
6605,0.223991
6606,-0.650424
6607,-1.102997
6608,-1.858792
6609,0.519877
6610,1.321073
6611,0.363303
6612,1.345623
6613,-1.706873
6614,-1.338798
6615,-0.823015
6616,-1.801396
6617,-0.658282
6618,-0.246203
6619,1.061667
6620,-1.139619
6621,0.460255
6622,0.410857
6623,1.583765
6624,0.255880
6625,-0.064449
6626,-1.348819
6627,-0.831809
6628,0.519982
6629,1.014002
6630,1.448812
6631,0.965211
6632,1.157513
6633,-1.180909
6634,-0.322211
6635,-0.037587
6636,1.072715
6637,-1.001452
6638,0.698382
6639,0.292505
6640,0.770821
6641,-0.215385
6642,-0.526381
6643,1.201220
6644,-0.364054
6645,0.052241
6646,-0.560767
6647,1.115472
6648,1.795062
6649,2.388401
6650,0.361991
6651,0.807010
6652,-0.709942
6653,0.401023
6654,-0.185122
6655,-2.102136
6656,-2.436380
6657,-1.185096
6658,-1.541610
6659,-0.169085
6660,1.247741
6661,-0.161123
6662,2.468174
6663,-0.215718
6664,-0.374792
6665,-1.241898
6666,-1.512252
6667,-1.332323
6668,0.038423
6669,-0.459826
6670,0.016916
6671,1.058747
6672,0.313252
6673,1.562744
6674,0.645344
6675,-0.030661
6676,-0.356012
6677,-1.206038
6678,0.343921
6679,-1.402986
6680,-1.970562
6681,-0.122846
6682,1.140196
6683,-0.210875
6684,0.821870
6685,-1.312619
6686,0.921899
6687,-0.661243
6688,-1.464184
6689,-1.280372
6690,-1.535741
6691,1.231361
6692,0.298338
6693,-0.007920
6694,-0.520845
6695,-0.649841
6696,1.062270
6697,0.644371
6698,-1.184316
6699,-0.429695
6700,0.724166
6701,-0.789361
6702,-0.243724
6703,0.206040
6704,-0.933594
6705,-3.501695
6706,-0.073784
6707,1.077396
6708,1.926158
6709,-1.545596
6710,-0.308100
6711,0.491181
6712,-0.506619
6713,-0.518618
6714,0.204427
6715,0.177252
6716,-0.134480
6717,-0.547292
6718,0.199133
6719,-0.481744
6720,-0.374007
6721,0.272870
6722,0.610613
6723,0.584488
6724,0.374054
6725,0.054130
6726,1.203673
6727,0.206474
6728,-2.062282
6729,-0.802020
6730,-0.531348
6731,-0.520039
6732,0.824262
6733,0.573045
6734,-0.752082
6735,1.321570
6736,-0.618019
6737,-0.452491
6738,-0.182947
6739,-0.829735
6740,0.624634
6741,0.915570
6742,0.685959
6743,0.905593
6744,-1.856790
6745,0.078868
6746,-0.028377
6747,1.885835
6748,0.751703
6749,0.431641
6750,1.255329
6751,2.567855
6752,1.321238
6753,2.511274
6754,2.753123
6755,0.697454
6756,-0.383389
6757,-0.035237
6758,-1.794760
6759,-0.381198
6760,0.765590
6761,0.185540
6762,0.824972
6763,-1.682395
6764,-0.792451
6765,1.402157
6766,1.639359
6767,1.113191
6768,0.067609
6769,2.153333
6770,-0.943023
6771,-1.205417
6772,1.239577
6773,1.696393
6774,0.831782
6775,-1.561506
6776,-0.663065
6777,0.157207
6778,0.228574
6779,0.023845
6780,0.438320
6781,0.666384
6782,0.124469
6783,-0.164707
6784,0.308259
6785,0.142454
6786,0.570656
6787,-0.662223
6788,-1.973225
6789,0.505394
6790,-0.731794
6791,0.688140
6792,0.567721
6793,-0.189654
6794,0.577458
6795,1.675959
6796,-2.335593
6797,-1.380532
6798,0.949705
6799,0.252013
6800,0.940104
6801,0.717967
6802,-0.195602
6803,-0.081791
6804,1.152995
6805,0.513669
6806,0.891629
6807,0.382903
6808,1.121731
6809,0.330801
6810,0.986878
6811,-0.094577
6812,-0.839947
6813,1.205968
6814,-0.666728
6815,-0.921134
6816,-0.253665
6817,0.487137
6818,-0.427804
6819,-0.340178
6820,-0.526637
6821,-1.058198
6822,0.670656
6823,-1.585152
6824,-0.693239
6825,0.356093
6826,-1.860576
6827,0.039790
6828,-1.185342
6829,-1.450845
6830,0.309501
6831,1.239247
6832,0.171648
6833,-1.871019
6834,-0.900659
6835,-0.252869
6836,-1.828807
6837,0.827543
6838,-1.083677
6839,-1.519108
6840,-0.425472
6841,-0.146968
6842,1.001299
6843,-1.525154
6844,-1.217484
6845,0.016392
6846,0.396481
6847,0.112396
6848,-0.540385
6849,-0.110424
6850,-0.509834
6851,-0.373736
6852,-0.015733
6853,-1.874014
6854,-0.064964
6855,-0.718984
6856,-1.090760
6857,-2.603420
6858,-0.275070
6859,0.639859
6860,0.114871
6861,0.571097
6862,1.746489
6863,0.722250
6864,0.712173
6865,-1.118621
6866,-0.799559
6867,-0.672320
6868,0.181907
6869,1.592272
6870,0.759779
6871,-0.949305
6872,-1.513862
6873,0.278517
6874,-0.950246
6875,-1.314110
6876,0.183563
6877,0.338766
6878,1.118655
6879,0.806249
6880,1.213370
6881,-0.493213
6882,0.270340
6883,0.371879
6884,0.324079
6885,0.930593
6886,1.305252
6887,1.481802
6888,1.494371
6889,-2.115866
6890,-0.728725
6891,-1.205961
6892,-1.976534
6893,-2.012952
6894,-1.729060
6895,-3.399135
6896,-1.814463
6897,-0.446383
6898,0.171845
6899,-0.472176
6900,0.337682
6901,1.176652
6902,1.444802
6903,0.712225
6904,1.516577
6905,1.439092
6906,2.001937
6907,-3.808340
6908,-0.635512
6909,-0.429217
6910,0.134905
6911,-0.107486
6912,-0.911007
6913,1.354063
6914,0.041065
6915,-0.530315
6916,0.663529
6917,-0.016889
6918,0.958108
6919,-0.257042
6920,0.763009
6921,0.470236
6922,1.074356
6923,-0.771062
6924,1.289711
6925,2.385476
6926,-0.412183
6927,1.229446
6928,-0.828239
6929,-0.994331
6930,-1.021732
6931,-0.959242
6932,-0.939150
6933,-0.710635
6934,-1.975382
6935,-0.914611
6936,-1.060801
6937,1.239628
6938,-0.235599
6939,-1.584960
6940,0.304953
6941,-0.934810
6942,-0.221356
6943,-0.630421
6944,0.858024
6945,-2.025616
6946,0.215551
6947,-0.016645
6948,-0.808985
6949,-1.290475
6950,-1.174525
6951,-1.039637
6952,-0.416228
6953,0.017279
6954,0.564297
6955,-0.522670
6956,0.249705
6957,-0.939926
6958,0.094867
6959,-0.716248
6960,-1.696068
6961,0.064618
6962,-0.314093
6963,0.549339
6964,-0.409206
6965,-0.047298
6966,0.775359
6967,-0.879965
6968,-1.033663
6969,-1.955281
6970,0.496458
6971,-1.223398
6972,-0.550070
6973,-1.323433
6974,-1.863140
6975,-1.430170
6976,-0.307569
6977,0.308585
6978,0.336650
6979,-0.951397
6980,0.429251
6981,-0.349689
6982,-1.162307
6983,-1.252688
6984,0.462983
6985,-0.429846
6986,-0.579334
6987,-1.196534
6988,1.233726
6989,-0.331752
6990,1.535417
6991,0.552786
6992,1.175949
6993,-0.963112
6994,-1.784833
6995,-1.509828
6996,-0.818754
6997,0.115324
6998,0.748081
6999,0.092835
7000,0.490287
7001,0.763267
7002,1.560018
7003,-1.132817
7004,-0.037329
7005,-0.553844
7006,-0.073638
7007,0.513912
7008,1.332111
7009,0.591330
7010,0.237694
7011,0.006134
7012,-0.152173
7013,-0.118531
7014,0.028530
7015,-0.732436
7016,0.003630
7017,-0.584722
7018,-1.068790
7019,-0.957608
7020,-1.387359
7021,0.102468
7022,-1.649450
7023,-1.259810
7024,1.443783
7025,-0.868875
7026,-0.470838
7027,-0.130804
7028,-1.676485
7029,0.774924
7030,-1.562146
7031,-0.607598
7032,-1.094112
7033,0.481422
7034,-0.564591
7035,-0.347424
7036,0.629076
7037,-0.896494
7038,-0.646285
7039,0.096516
7040,1.152117
7041,-1.090405
7042,-0.883413
7043,-0.629429
7044,0.005235
7045,0.031571
7046,-1.395159
7047,-0.019520
7048,0.583746
7049,-0.459781
7050,1.237485
7051,0.526342
7052,0.193149
7053,1.869000
7054,0.411187
7055,-1.192839
7056,-0.248203
7057,1.187477
7058,1.644668
7059,-0.609013
7060,-0.561718
7061,1.152066
7062,1.426972
7063,-0.104517
7064,0.126777
7065,1.814435
7066,-0.150409
7067,0.762241
7068,-0.189744
7069,-0.890261
7070,0.757227
7071,1.188855
7072,2.334171
7073,1.064999
7074,-0.255887
7075,0.823415
7076,-1.542079
7077,-0.473909
7078,-0.331023
7079,-0.410486
7080,-0.984216
7081,-0.382016
7082,-0.511466
7083,0.993861
7084,0.334324
7085,0.646383
7086,0.986853
7087,-0.813585
7088,0.603458
7089,-0.400715
7090,1.859633
7091,2.658270
7092,0.947530
7093,1.950781
7094,0.755206
7095,-1.836200
7096,0.053695
7097,2.884936
7098,2.649657
7099,0.879629
7100,-0.070370
7101,-0.340238
7102,0.797475
7103,2.758976
7104,0.214387
7105,0.724045
7106,-0.496536
7107,-0.087837
7108,-0.961150
7109,-1.386600
7110,1.942852
7111,0.486765
7112,0.164125
7113,-1.551784
7114,-1.210899
7115,0.801970
7116,-0.334100
7117,-2.085276
7118,0.080191
7119,0.383481
7120,0.753623
7121,-1.126796
7122,-1.032809
7123,-0.570601
7124,-1.057380
7125,1.229575
7126,1.368426
7127,2.255439
7128,0.984233
7129,0.427740
7130,-2.334017
7131,-1.655785
7132,0.466975
7133,-0.759091
7134,0.797847
7135,-0.100443
7136,1.002450
7137,-0.294504
7138,-0.497870
7139,-0.907743
7140,-0.415399
7141,0.495450
7142,0.309820
7143,0.757299
7144,-0.163456
7145,-0.084164
7146,-0.482934
7147,0.544077
7148,-0.965948
7149,-0.141541
7150,1.088242
7151,-0.884408
7152,0.213394
7153,-0.456041
7154,0.726695
7155,-0.833924
7156,1.350383
7157,1.925445
7158,0.732561
7159,-0.427237
7160,-0.818832
7161,-0.197441
7162,-1.903238
7163,-1.037577
7164,1.491006
7165,0.807556
7166,-0.207498
7167,-0.466008
7168,0.207078
7169,0.008661
7170,-0.189112
7171,-0.840712
7172,0.095587
7173,0.353514
7174,0.323555
7175,-2.177433
7176,0.746671
7177,1.458634
7178,1.518404
7179,2.789206
7180,1.037789
7181,-2.223657
7182,-0.684106
7183,-0.485363
7184,0.409165
7185,0.638931
7186,0.516469
7187,-1.456713
7188,-1.317474
7189,0.479292
7190,1.570411
7191,0.362469
7192,-1.332121
7193,0.283128
7194,0.197509
7195,0.265339
7196,-0.291080
7197,-0.827614
7198,0.635814
7199,-0.766259
7200,1.125882
7201,0.703647
7202,-0.687670
7203,0.802124
7204,-0.201770
7205,0.020949
7206,-0.119424
7207,0.779273
7208,-0.782290
7209,-0.180130
7210,-0.011339
7211,-0.139566
7212,-0.464979
7213,0.768391
7214,-0.963116
7215,1.163135
7216,-0.722634
7217,0.313781
7218,-1.096868
7219,-0.623421
7220,-0.427155
7221,-0.253834
7222,-0.027744
7223,0.474142
7224,-0.482053
7225,0.871466
7226,-0.102913
7227,0.908678
7228,0.206507
7229,-2.166043
7230,-1.356832
7231,-0.295401
7232,1.691422
7233,-1.151564
7234,-1.304087
7235,-0.603540
7236,0.001852
7237,0.046990
7238,0.522918
7239,-0.075583
7240,-0.578938
7241,-0.734457
7242,0.582274
7243,-0.567939
7244,-1.548706
7245,0.096653
7246,-0.881710
7247,0.205481
7248,1.379562
7249,-0.090745
7250,0.344544
7251,-3.175845
7252,-0.258768
7253,-1.731749
7254,-1.366784
7255,-1.488120
7256,1.027641
7257,-0.595800
7258,-1.401004
7259,-0.745274
7260,-1.906143
7261,0.973477
7262,-1.061701
7263,-0.836625
7264,0.171021
7265,1.249609
7266,1.281984
7267,2.290117
7268,1.343131
7269,0.279181
7270,-0.836790
7271,-0.455088
7272,0.441511
7273,1.843008
7274,-0.914802
7275,-0.147815
7276,-0.519713
7277,-0.432654
7278,-0.907022
7279,-0.682823
7280,-2.160528
7281,-0.846547
7282,-0.527061
7283,-1.270997
7284,0.286267
7285,0.765011
7286,1.149922
7287,1.977291
7288,1.311679
7289,-0.687964
7290,-1.445204
7291,1.838634
7292,1.179525
7293,-0.611855
7294,-0.439166
7295,0.432100
7296,-1.567266
7297,-0.507296
7298,-1.024872
7299,1.375149
7300,1.273912
7301,-1.144524
7302,-0.257210
7303,-0.127440
7304,0.835236
7305,2.213662
7306,1.176142
7307,0.671282
7308,0.260010
7309,0.106030
7310,-1.753144
7311,0.855852
7312,-1.658605
7313,0.386489
7314,-0.606555
7315,0.289068
7316,-0.588698
7317,-0.773791
7318,0.607277
7319,-0.728039
7320,0.938665
7321,1.660766
7322,-0.077160
7323,0.168383
7324,-2.027104
7325,0.096776
7326,2.322575
7327,0.298180
7328,1.016035
7329,-0.365364
7330,2.137070
7331,-1.030716
7332,-0.388718
7333,-0.543259
7334,1.697723
7335,2.622895
7336,1.160905
7337,-0.956841
7338,-1.489117
7339,-0.771552
7340,-1.585893
7341,-0.909144
7342,-0.231337
7343,-0.072910
7344,0.935544
7345,0.257233
7346,-1.672095
7347,-0.078449
7348,-1.048705
7349,2.858409
7350,1.545762
7351,-0.082798
7352,2.561367
7353,-1.208340
7354,-0.543527
7355,-0.375392
7356,0.040163
7357,-0.873459
7358,-2.119292
7359,-0.766356
7360,-1.082234
7361,1.752920
7362,-0.026919
7363,-1.902275
7364,-2.729774
7365,-0.049142
7366,0.406308
7367,-0.615345
7368,1.223553
7369,0.396860
7370,-0.348040
7371,-0.826642
7372,-0.694580
7373,1.196768
7374,0.003611
7375,-0.169316
7376,-0.039588
7377,-0.031036
7378,0.587785
7379,0.057481
7380,-0.125471
7381,0.507719
7382,1.912182
7383,2.464055
7384,-0.257468
7385,-0.250218
7386,-0.525036
7387,-0.090374
7388,0.398699
7389,-0.261748
7390,-0.274745
7391,-0.665390
7392,-2.159251
7393,-1.160341
7394,-1.471371
7395,-1.119989
7396,1.564375
7397,0.330309
7398,-0.506583
7399,-0.695298
7400,0.387206
7401,-2.069006
7402,-0.913657
7403,-1.490892
7404,0.800365
7405,0.035183
7406,-0.536705
7407,0.202618
7408,-0.705526
7409,-0.491538
7410,-0.620068
7411,1.422298
7412,-0.157588
7413,-0.093744
7414,1.331889
7415,1.027135
7416,1.517183
7417,0.516507
7418,0.908919
7419,0.297582
7420,-0.351999
7421,0.150208
7422,0.978531
7423,0.633959
7424,-0.931053
7425,-0.652164
7426,-1.579168
7427,-0.197150
7428,-0.181493
7429,1.057070
7430,-1.051034
7431,0.048486
7432,-0.140717
7433,1.080640
7434,-0.182685
7435,0.226528
7436,1.750618
7437,0.869269
7438,0.033489
7439,0.957884
7440,-0.183540
7441,0.609507
7442,0.356296
7443,0.500311
7444,-1.647016
7445,0.030862
7446,0.482808
7447,-1.485606
7448,-0.196121
7449,-1.139302
7450,-0.196440
7451,0.587204
7452,0.530379
7453,0.524480
7454,1.504998
7455,-1.608686
7456,1.043904
7457,-1.479536
7458,-0.184935
7459,-1.989037
7460,0.300121
7461,0.940561
7462,0.937521
7463,-1.023674
7464,-0.710148
7465,-1.205623
7466,-1.580124
7467,-0.982770
7468,0.136693
7469,2.122685
7470,-0.423734
7471,-0.085214
7472,0.763163
7473,-0.058604
7474,-1.078793
7475,-0.578633
7476,0.134591
7477,1.003276
7478,1.125277
7479,-1.550644
7480,1.642743
7481,1.911650
7482,1.050364
7483,-0.136173
7484,1.355305
7485,0.168069
7486,0.391854
7487,1.471332
7488,-0.451725
7489,-0.396081
7490,-0.216589
7491,-0.486704
7492,-1.736226
7493,-0.619491
7494,-0.758056
7495,-1.814277
7496,-1.024525
7497,-0.613387
7498,-0.309777
7499,0.345631
7500,2.222979
7501,-1.160088
7502,-0.132907
7503,-0.754639
7504,-0.082455
7505,0.575523
7506,0.896868
7507,0.353601
7508,-1.882535
7509,-1.714037
7510,-0.334297
7511,-0.228008
7512,-0.801841
7513,-0.132774
7514,-0.330036
7515,1.006648
7516,0.700556
7517,-0.414933
7518,0.744314
7519,-0.756797
7520,0.345990
7521,0.234969
7522,-0.481995
7523,1.818187
7524,-2.249699
7525,-0.229139
7526,0.056282
7527,-0.446165
7528,-0.433277
7529,-0.164291
7530,-1.211714
7531,-0.119180
7532,0.302351
7533,0.679057
7534,0.163754
7535,-0.326993
7536,-0.433130
7537,-0.343908
7538,1.453353
7539,-0.684817
7540,0.364339
7541,-0.379889
7542,-0.685058
7543,-0.236021
7544,0.784902
7545,0.275557
7546,-0.547921
7547,-1.483432
7548,0.064188
7549,-0.492401
7550,-1.863209
7551,0.862987
7552,-0.215867
7553,-1.859197
7554,0.729484
7555,0.656686
7556,-1.104765
7557,1.129249
7558,0.714430
7559,-0.021136
7560,0.957343
7561,0.742559
7562,2.735333
7563,-0.398260
7564,-0.400366
7565,-0.830492
7566,-0.583844
7567,-3.499997
7568,-0.509069
7569,-1.268388
7570,-1.137493
7571,0.790429
7572,0.960929
7573,0.902149
7574,-0.409689
7575,0.661267
7576,0.521779
7577,-0.471739
7578,-0.850751
7579,-0.060661
7580,-0.615145
7581,0.388663
7582,0.511324
7583,2.172134
7584,0.318871
7585,0.969382
7586,-0.588703
7587,2.111171
7588,-0.161545
7589,0.728961
7590,-0.346759
7591,-0.718502
7592,1.564955
7593,-0.187134
7594,-0.518385
7595,-1.949583
7596,0.509716
7597,-1.396830
7598,-0.568906
7599,1.339887
7600,-0.529082
7601,-0.693554
7602,-0.829542
7603,0.755023
7604,-0.438890
7605,1.953556
7606,1.478858
7607,-0.359293
7608,1.182238
7609,-1.202848
7610,-1.543037
7611,0.420543
7612,-0.018223
7613,0.466129
7614,-0.738364
7615,-1.264305
7616,-0.812435
7617,-1.995465
7618,-1.373114
7619,-0.551287
7620,0.368020
7621,-1.457813
7622,-0.326737
7623,-1.375805
7624,1.302123
7625,-1.075459
7626,-0.557951
7627,0.341760
7628,-0.455136
7629,-0.347917
7630,-1.482658
7631,-2.115037
7632,-1.241030
7633,-1.318497
7634,0.968310
7635,1.228096
7636,0.165130
7637,0.813254
7638,0.980865
7639,0.365845
7640,-0.260609
7641,-1.655226
7642,-0.682096
7643,0.285177
7644,-0.455641
7645,2.511333
7646,0.800493
7647,-0.788991
7648,0.638559
7649,0.358395
7650,-0.299305
7651,-1.735565
7652,-0.159313
7653,-1.134680
7654,-0.468802
7655,2.062563
7656,0.461216
7657,-0.298788
7658,-0.397559
7659,0.218571
7660,0.682176
7661,-0.900223
7662,-1.662453
7663,-1.526352
7664,-1.074932
7665,-0.385232
7666,-2.564357
7667,-0.813458
7668,1.020984
7669,1.934371
7670,0.978035
7671,-0.861850
7672,-2.290237
7673,-0.874179
7674,0.829185
7675,0.645327
7676,-0.148874
7677,1.851800
7678,0.992612
7679,-0.440750
7680,-1.838157
7681,-1.484342
7682,-1.842040
7683,1.161948
7684,0.692633
7685,-0.089385
7686,0.401324
7687,0.785002
7688,-0.093015
7689,0.250217
7690,-1.134845
7691,0.166177
7692,1.711517
7693,1.973123
7694,1.251615
7695,0.944095
7696,0.690407
7697,2.115877
7698,0.490715
7699,2.031789
7700,-1.364078
7701,-0.426110
7702,-1.193174
7703,-1.616523
7704,-2.712806
7705,-0.631355
7706,-0.571733
7707,0.742488
7708,-0.714489
7709,-0.339144
7710,0.016596
7711,1.460601
7712,-0.861472
7713,0.165081
7714,0.318902
7715,-1.163630
7716,-1.020694
7717,-0.914984
7718,-0.099037
7719,-0.368888
7720,1.788868
7721,0.504416
7722,-1.884598
7723,-1.814168
7724,0.335170
7725,-0.536743
7726,2.417378
7727,0.496176
7728,-1.488024
7729,1.614877
7730,1.178617
7731,0.217579
7732,-1.270177
7733,-2.355184
7734,-0.822273
7735,0.621358
7736,-0.366167
7737,-0.069442
7738,-1.408550
7739,0.379706
7740,-0.250507
7741,-1.419658
7742,0.213933
7743,-2.886221
7744,0.336787
7745,-0.907790
7746,0.710584
7747,-1.211638
7748,-1.700257
7749,0.314868
7750,0.553386
7751,-0.405610
7752,-0.463665
7753,-2.000416
7754,-0.574204
7755,-0.699950
7756,-0.060474
7757,1.155240
7758,-1.579024
7759,0.938396
7760,-1.120059
7761,-0.995945
7762,-0.287050
7763,0.483451
7764,1.518608
7765,0.558067
7766,-0.392713
7767,-1.689651
7768,-1.350229
7769,-1.133779
7770,0.543075
7771,0.972938
7772,1.166021
7773,0.459935
7774,0.860276
7775,-0.150386
7776,0.122502
7777,0.625252
7778,0.889300
7779,-0.423370
7780,-1.575402
7781,-0.308342
7782,2.135600
7783,1.844050
7784,1.196672
7785,0.911234
7786,0.922810
7787,0.500933
7788,-0.238108
7789,-0.549015
7790,0.519245
7791,-1.168776
7792,-0.739241
7793,1.666282
7794,1.046056
7795,-0.631925
7796,1.575492
7797,0.738610
7798,0.408374
7799,-0.533040
7800,0.679033
7801,-0.356657
7802,-0.075494
7803,-1.270624
7804,2.148538
7805,1.121576
7806,-0.596171
7807,1.989461
7808,0.991062
7809,1.662283
7810,-0.047810
7811,-0.584807
7812,-1.170482
7813,0.803003
7814,0.211076
7815,1.216406
7816,-0.399126
7817,1.263419
7818,1.027113
7819,-0.528870
7820,-0.749325
7821,-0.581710
7822,-2.164539
7823,1.567657
7824,0.681066
7825,1.606581
7826,1.837116
7827,-0.338290
7828,-1.629726
7829,-0.305045
7830,-0.858520
7831,0.625608
7832,-1.660410
7833,0.742101
7834,2.178793
7835,0.489155
7836,1.683872
7837,3.550309
7838,0.281996
7839,0.509322
7840,0.474700
7841,0.345904
7842,1.416635
7843,1.855307
7844,-0.823820
7845,1.235843
7846,0.953008
7847,0.328958
7848,2.788518
7849,1.717692
7850,0.701833
7851,-0.314640
7852,-0.539869
7853,-0.797592
7854,1.434718
7855,2.093605
7856,1.316463
7857,0.051177
7858,0.670061
7859,0.498255
7860,-0.001832
7861,0.294705
7862,1.277186
7863,-0.291504
7864,-1.107391
7865,-0.308870
7866,0.781539
7867,0.069362
7868,0.172187
7869,1.464467
7870,-0.312445
7871,-0.264405
7872,-0.508430
7873,-0.661467
7874,-1.989100
7875,-0.511502
7876,1.626452
7877,-0.500763
7878,-0.766102
7879,0.291300
7880,0.928880
7881,-1.151010
7882,-1.696800
7883,-0.274605
7884,0.379830
7885,-0.397974
7886,0.174756
7887,-1.575208
7888,-0.176253
7889,0.516651
7890,-0.289722
7891,0.256837
7892,-1.167825
7893,-1.074844
7894,-0.453303
7895,0.275465
7896,-0.133586
7897,-1.772573
7898,0.905645
7899,1.047175
7900,-0.049592
7901,-2.954320
7902,-1.999067
7903,-0.160234
7904,1.030603
7905,1.244242
7906,0.546669
7907,0.700463
7908,-0.253761
7909,0.149863
7910,-0.409784
7911,-1.326112
7912,0.282855
7913,-0.474033
7914,-1.613026
7915,0.288055
7916,2.042042
7917,0.860976
7918,-1.164516
7919,-1.031483
7920,1.105367
7921,-0.094244
7922,0.673559
7923,0.181191
7924,0.178551
7925,0.373258
7926,-0.470332
7927,-0.580989
7928,-0.076712
7929,0.105355
7930,0.083482
7931,0.157875
7932,0.148418
7933,1.314924
7934,0.033914
7935,1.035878
7936,0.585029
7937,0.731594
7938,-0.378921
7939,0.694138
7940,1.333995
7941,0.689323
7942,-1.384999
7943,-0.552704
7944,1.341721
7945,-0.463597
7946,0.560262
7947,0.838597
7948,2.497181
7949,-0.720641
7950,-0.627460
7951,-1.268573
7952,-0.174504
7953,2.276259
7954,0.693524
7955,2.389516
7956,-0.418373
7957,-0.442159
7958,-0.013327
7959,-1.201043
7960,-0.307822
7961,0.412300
7962,0.683125
7963,-1.703097
7964,0.497694
7965,0.572620
7966,1.009619
7967,0.847751
7968,0.569190
7969,-0.227471
7970,-0.749635
7971,-1.307198
7972,-1.221038
7973,-0.389638
7974,1.351274
7975,0.865372
7976,0.635472
7977,-0.367556
7978,-0.233673
7979,-0.939617
7980,-0.145373
7981,-2.327399
7982,-1.529874
7983,-0.846711
7984,-0.783367
7985,-0.558174
7986,-1.335095
7987,-0.777656
7988,-0.459298
7989,2.103424
7990,0.873306
7991,-1.266740
7992,0.422659
7993,0.543513
7994,0.261690
7995,0.813364
7996,1.815786
7997,-2.612904
7998,-0.312999
7999,-2.060942
8000,-1.081910
8001,1.952125
8002,-1.057618
8003,0.397736
8004,0.741356
8005,-0.090700
8006,0.555574
8007,-2.656382
8008,-0.458334
8009,-0.010129
8010,1.046746
8011,-1.112593
8012,0.711580
8013,-0.317238
8014,0.770329
8015,-0.099386
8016,0.694180
8017,-0.169079
8018,-0.047815
8019,0.374787
8020,1.195076
8021,-0.087289
8022,-0.293312
8023,-0.778884
8024,-2.234089
8025,-0.223577
8026,-0.642850
8027,-0.559269
8028,-0.091254
8029,0.520314
8030,0.838333
8031,-0.524298
8032,-1.869595
8033,-0.945015
8034,1.190653
8035,-2.879302
8036,-0.270595
8037,1.188059
8038,-0.189618
8039,-0.300513
8040,-1.111154
8041,0.477434
8042,0.414741
8043,0.751866
8044,0.295026
8045,-0.887098
8046,0.913881
8047,-1.298812
8048,-0.638302
8049,-1.698959
8050,0.389587
8051,0.910063
8052,-0.530525
8053,1.113078
8054,-1.098379
8055,-0.410169
8056,-1.443604
8057,0.014588
8058,1.250303
8059,-0.432423
8060,-0.426124
8061,-0.564496
8062,-0.529020
8063,0.854734
8064,-0.508124
8065,0.617367
8066,-0.044466
8067,-0.094576
8068,0.682856
8069,-0.854075
8070,-0.460700
8071,-0.021776
8072,-0.147979
8073,1.001562
8074,0.997880
8075,-0.818918
8076,-0.701261
8077,-1.501127
8078,-0.545177
8079,-2.001518
8080,0.199380
8081,2.690397
8082,-0.427715
8083,-0.408573
8084,-1.735947
8085,-2.084125
8086,0.366782
8087,-2.048306
8088,-0.503890
8089,0.376912
8090,-0.350583
8091,-0.884699
8092,-0.379685
8093,-1.683182
8094,-0.395009
8095,0.360300
8096,-1.411065
8097,-1.343197
8098,-1.106631
8099,-0.372245
8100,1.198974
8101,1.691724
8102,-0.433596
8103,-0.026654
8104,0.048257
8105,0.148966
8106,-0.374468
8107,1.173107
8108,2.010139
8109,0.096509
8110,0.027262
8111,-1.064844
8112,-0.219020
8113,-0.535688
8114,-0.268332
8115,-0.117122
8116,1.141074
8117,0.881537
8118,0.075398
8119,0.709887
8120,0.973416
8121,2.131766
8122,1.119547
8123,0.909514
8124,0.382879
8125,-1.319488
8126,-1.006135
8127,0.986423
8128,0.873486
8129,0.913451
8130,0.170669
8131,0.618268
8132,-0.255957
8133,2.316869
8134,0.713750
8135,-2.234328
8136,0.934978
8137,1.955845
8138,0.901939
8139,0.432740
8140,2.755764
8141,1.257710
8142,1.507213
8143,0.262009
8144,-0.211589
8145,1.421055
8146,-0.097513
8147,1.521277
8148,-0.009840
8149,0.272141
8150,1.987527
8151,-0.545921
8152,0.523573
8153,-0.215236
8154,-0.762210
8155,0.575593
8156,0.733234
8157,0.982205
8158,1.122922
8159,2.281104
8160,0.749156
8161,1.358505
8162,-0.685275
8163,0.113736
8164,-0.562868
8165,-0.240561
8166,0.235128
8167,-0.703922
8168,1.542835
8169,0.965238
8170,-0.137968
8171,-0.291844
8172,-1.147740
8173,-1.365178
8174,-2.188715
8175,-0.792355
8176,0.678354
8177,-1.839766
8178,0.793099
8179,-0.514860
8180,1.418649
8181,1.033552
8182,-0.164726
8183,-0.349239
8184,0.652169
8185,2.277851
8186,-0.994180
8187,0.323410
8188,0.288673
8189,0.269111
8190,-0.974366
8191,-1.467954
8192,-1.185546
8193,-1.674817
8194,-2.422355
8195,-0.555792
8196,1.556155
8197,-0.017451
8198,-0.572697
8199,0.461136
8200,-0.793373
8201,0.505956
8202,-2.160662
8203,-2.050981
8204,0.125137
8205,0.948923
8206,-1.175395
8207,0.073781
8208,-0.779534
8209,0.859415
8210,-0.028185
8211,-0.050287
8212,1.160190
8213,0.173505
8214,-0.696276
8215,-0.860071
8216,-0.637245
8217,-1.863839
8218,-0.792395
8219,0.049427
8220,-1.707363
8221,0.150623
8222,-1.725854
8223,-0.606757
8224,0.328634
8225,0.481928
8226,0.980950
8227,-1.582596
8228,-0.307976
8229,-1.487955
8230,-1.824863
8231,0.573152
8232,-1.603019
8233,-1.000953
8234,1.903059
8235,1.964888
8236,0.850852
8237,0.140107
8238,-0.599514
8239,0.687873
8240,0.291014
8241,-0.052948
8242,-0.445460
8243,-0.594612
8244,-0.755540
8245,-0.527119
8246,-0.878233
8247,-0.007099
8248,0.172919
8249,0.253385
8250,-1.050972
8251,1.831171
8252,0.401249
8253,1.087027
8254,-0.650626
8255,-0.193452
8256,0.019698
8257,-1.073852
8258,1.887719
8259,-1.211037
8260,-1.061180
8261,-1.999623
8262,-0.223213
8263,-1.607051
8264,-0.875654
8265,-1.567225
8266,-0.478605
8267,-0.052901
8268,0.192443
8269,-0.661998
8270,-0.446453
8271,1.130936
8272,1.513571
8273,-0.242729
8274,0.569812
8275,0.149878
8276,0.337468
8277,0.962691
8278,-1.188341
8279,-0.967219
8280,-0.357817
8281,-1.190827
8282,-1.009587
8283,-1.173457
8284,-1.496595
8285,0.949696
8286,0.454715
8287,-0.109821
8288,0.517999
8289,-0.990639
8290,1.122037
8291,1.440307
8292,0.026555
8293,1.286840
8294,-0.629269
8295,-1.542964
8296,-0.657737
8297,0.291908
8298,-0.677884
8299,-2.289915
8300,-0.100639
8301,1.501191
8302,0.607603
8303,0.714701
8304,0.195025
8305,0.981144
8306,-0.077260
8307,-1.988054
8308,2.048115
8309,0.141000
8310,1.149631
8311,-1.597436
8312,-0.034168
8313,-1.431745
8314,-0.369820
8315,-0.579101
8316,0.741757
8317,-0.722203
8318,-1.293103
8319,-1.315614
8320,-0.475780
8321,-1.907555
8322,-0.461296
8323,-0.021016
8324,0.053678
8325,-0.438851
8326,-0.153945
8327,-1.529026
8328,0.586926
8329,-0.252382
8330,0.698694
8331,-0.323119
8332,0.899537
8333,-0.086337
8334,1.235991
8335,-0.763416
8336,-0.584931
8337,-0.881816
8338,-1.184069
8339,-0.615315
8340,-1.865154
8341,-1.842832
8342,-1.226112
8343,-0.788207
8344,0.531836
8345,-1.009461
8346,1.660840
8347,-0.505553
8348,0.485182
8349,0.273917
8350,-0.084752
8351,0.316416
8352,-1.424319
8353,0.028909
8354,2.502536
8355,0.450125
8356,0.636198
8357,0.777160
8358,1.071086
8359,-0.244379
8360,-0.288607
8361,0.740033
8362,0.851959
8363,1.003599
8364,0.505199
8365,-0.526273
8366,0.839621
8367,0.747953
8368,0.607950
8369,-0.135678
8370,0.607912
8371,1.429788
8372,1.236855
8373,0.484476
8374,0.328052
8375,0.669511
8376,-0.502691
8377,0.733097
8378,0.295157
8379,-0.726280
8380,0.549638
8381,1.557342
8382,0.319320
8383,-1.057038
8384,1.289004
8385,1.153776
8386,2.087739
8387,0.428014
8388,-0.530123
8389,0.480797
8390,1.433560
8391,0.081251
8392,-0.174235
8393,1.130180
8394,0.487277
8395,1.366329
8396,0.160702
8397,0.149858
8398,0.579506
8399,0.974527
8400,-0.933545
8401,-1.296169
8402,-2.373824
8403,-2.109550
8404,-0.993976
8405,0.375334
8406,1.558498
8407,-0.554712
8408,-1.118574
8409,-0.659762
8410,0.991136
8411,-2.141755
8412,-2.093715
8413,1.527960
8414,-0.033129
8415,-1.609389
8416,0.730343
8417,0.029094
8418,0.669418
8419,-1.146927
8420,0.983425
8421,1.108452
8422,-0.142913
8423,-0.065728
8424,-0.648218
8425,0.937910
8426,0.775879
8427,1.033961
8428,1.295549
8429,1.033613
8430,-0.081342
8431,-1.345245
8432,-1.806082
8433,1.217584
8434,0.187433
8435,-1.198558
8436,-0.732221
8437,0.764600
8438,-2.174986
8439,-1.163210
8440,-2.041531
8441,-1.866231
8442,-1.206797
8443,-1.623944
8444,0.820999
8445,1.028568
8446,0.634552
8447,2.119365
8448,3.155037
8449,0.264565
8450,1.031753
8451,0.521385
8452,-0.072372
8453,-0.337469
8454,-0.029394
8455,0.609234
8456,0.578338
8457,-0.855664
8458,-0.641684
8459,-0.083230
8460,-0.514932
8461,-0.654284
8462,-0.991588
8463,0.104421
8464,-0.566401
8465,-0.484684
8466,0.159901
8467,-0.781972
8468,-0.479029
8469,-0.183439
8470,1.284523
8471,-1.513266
8472,1.536016
8473,-0.331458
8474,1.729067
8475,0.092850
8476,-0.390643
8477,0.294163
8478,-0.025829
8479,0.077098
8480,-0.873646
8481,-0.939640
8482,1.369521
8483,-0.394696
8484,1.682003
8485,1.339121
8486,0.340227
8487,0.566272
8488,-1.647094
8489,-0.930132
8490,-1.399459
8491,-1.645035
8492,0.235292
8493,-0.973783
8494,-1.096287
8495,-0.626640
8496,1.181587
8497,0.563496
8498,0.231417
8499,0.466570
8500,1.193254
8501,0.309573
8502,1.414949
8503,0.317473
8504,0.591994
8505,-0.088424
8506,0.385747
8507,0.481369
8508,1.236090
8509,-1.697229
8510,-1.234251
8511,0.396863
8512,-0.208968
8513,-0.004584
8514,0.086204
8515,-0.914206
8516,0.333623
8517,0.539487
8518,1.132166
8519,0.509777
8520,0.950822
8521,-0.139947
8522,1.105161
8523,0.431690
8524,1.056888
8525,0.609916
8526,0.262149
8527,-0.539601
8528,-0.337142
8529,-0.399696
8530,0.920377
8531,1.372349
8532,1.106785
8533,0.075699
8534,-0.151415
8535,1.070259
8536,-0.083310
8537,0.900756
8538,0.609428
8539,-1.683787
8540,-0.535478
8541,-1.951998
8542,-0.318576
8543,1.656167
8544,1.709022
8545,-0.812269
8546,-2.416144
8547,-0.181190
8548,-1.082111
8549,-1.242126
8550,1.111802
8551,-0.852941
8552,0.135723
8553,-0.923780
8554,-0.693902
8555,-0.768131
8556,0.763421
8557,-1.309567
8558,-0.334839
8559,-1.513391
8560,-0.154714
8561,1.426853
8562,-0.410725
8563,-2.648536
8564,-1.327369
8565,-0.410569
8566,0.859710
8567,0.135569
8568,-1.322370
8569,-3.369251
8570,0.547089
8571,1.947639
8572,0.900818
8573,-1.908884
8574,-1.412722
8575,-1.393496
8576,-1.350985
8577,-0.270262
8578,-2.370817
8579,1.086348
8580,1.097135
8581,-1.059707
8582,1.518086
8583,1.671873
8584,-0.160465
8585,0.907068
8586,0.057263
8587,-0.147182
8588,1.243004
8589,-0.326791
8590,-0.098872
8591,1.673817
8592,-0.924516
8593,1.696900
8594,0.009053
8595,0.759467
8596,-1.775111
8597,-0.856558
8598,-0.714016
8599,0.402628
8600,1.531949
8601,1.312134
8602,0.978125
8603,-1.119189
8604,-0.290315
8605,-1.132580
8606,-0.923468
8607,1.156911
8608,1.018524
8609,0.263247
8610,0.881807
8611,1.601495
8612,-0.033942
8613,-1.390349
8614,0.404910
8615,0.123395
8616,-0.140006
8617,-0.151520
8618,-1.217243
8619,-2.113410
8620,1.458800
8621,-0.564270
8622,-1.198299
8623,-0.478519
8624,0.445835
8625,1.748405
8626,3.483604
8627,2.411705
8628,-0.646625
8629,0.908672
8630,0.685706
8631,1.423415
8632,1.348115
8633,2.155586
8634,2.389418
8635,-0.208327
8636,-1.735564
8637,-0.889154
8638,1.396922
8639,1.671192
8640,0.564459
8641,-0.752232
8642,0.296229
8643,1.734259
8644,2.434217
8645,-0.442566
8646,0.671812
8647,1.092916
8648,0.738175
8649,0.696104
8650,-1.313335
8651,-0.806835
8652,-0.056627
8653,-0.508600
8654,-0.575206
8655,0.411076
8656,-1.667152
8657,-0.384330
8658,0.020678
8659,-0.692794
8660,1.618149
8661,0.051279
8662,-0.410397
8663,0.242103
8664,-0.919564
8665,0.100967
8666,0.851973
8667,0.120662
8668,0.968436
8669,0.235032
8670,-0.560330
8671,0.583800
8672,1.568356
8673,0.202899
8674,-1.466862
8675,0.866083
8676,0.189057
8677,-1.815727
8678,-0.945347
8679,0.245695
8680,-0.493436
8681,0.380338
8682,-2.579158
8683,-0.931886
8684,-0.860972
8685,-1.001216
8686,0.020247
8687,1.410775
8688,0.936472
8689,-0.341779
8690,0.829886
8691,0.215627
8692,0.123858
8693,-1.337375
8694,-1.327774
8695,-0.870003
8696,0.077425
8697,-2.464259
8698,-1.255651
8699,-1.156562
8700,-0.191932
8701,-1.063265
8702,-1.016736
8703,0.303695
8704,-3.348487
8705,-2.381583
8706,0.187829
8707,-1.102762
8708,0.291471
8709,-1.726636
8710,1.137204
8711,0.234046
8712,-0.893571
8713,0.923737
8714,-0.386972
8715,0.243648
8716,-0.330833
8717,-0.820307
8718,0.026488
8719,1.345201
8720,-0.314498
8721,1.910527
8722,0.576444
8723,1.703222
8724,0.970863
8725,0.282909
8726,0.418701
8727,-0.196330
8728,1.433392
8729,2.313252
8730,0.844282
8731,0.085278
8732,0.007970
8733,-0.309468
8734,0.374077
8735,1.146170
8736,0.451804
8737,0.053646
8738,0.759508
8739,0.522223
8740,-0.237128
8741,-0.471410
8742,-1.564089
8743,-0.366507
8744,0.141355
8745,0.512179
8746,1.581302
8747,0.795943
8748,-0.191087
8749,0.557129
8750,0.550526
8751,-0.453343
8752,0.131829
8753,1.529263
8754,0.468479
8755,-0.101568
8756,-1.772895
8757,-1.357863
8758,-0.379301
8759,0.524299
8760,1.719735
8761,-0.581292
8762,-1.714732
8763,0.518500
8764,1.007310
8765,0.370107
8766,0.866551
8767,1.774499
8768,-0.129678
8769,0.205914
8770,0.085143
8771,-0.723778
8772,-2.022591
8773,0.185635
8774,-0.437267
8775,-2.611162
8776,-0.641767
8777,-0.575487
8778,0.176674
8779,-0.215148
8780,0.792140
8781,1.173797
8782,0.505366
8783,-1.260995
8784,-1.636848
8785,-0.635904
8786,-0.588080
8787,-1.066750
8788,0.017612
8789,0.375628
8790,0.356223
8791,-1.868383
8792,-1.091814
8793,-0.071969
8794,0.445033
8795,-0.377727
8796,0.322735
8797,-1.256754
8798,0.314892
8799,1.051648
8800,-0.458602
8801,-2.003309
8802,-1.695266
8803,-1.193518
8804,1.718784
8805,1.260114
8806,-0.190134
8807,-2.116712
8808,0.382752
8809,-0.316409
8810,-1.260697
8811,-1.335419
8812,-1.266987
8813,1.143873
8814,-0.136340
8815,0.462460
8816,-0.799957
8817,-0.249242
8818,0.427686
8819,2.510807
8820,-0.310370
8821,0.568540
8822,-0.425887
8823,-1.236603
8824,-1.825817
8825,-1.048621
8826,1.272259
8827,-0.448507
8828,0.060736
8829,-0.356850
8830,-0.916578
8831,-1.252272
8832,-1.267879
8833,-2.860216
8834,-1.069903
8835,-0.356150
8836,1.638931
8837,-0.435161
8838,2.872710
8839,2.714879
8840,-0.208223
8841,0.180483
8842,1.478057
8843,1.186613
8844,-0.294336
8845,-0.437757
8846,-1.933545
8847,-1.944390
8848,-0.337714
8849,-0.967239
8850,-0.455364
8851,-0.329348
8852,-0.215687
8853,-0.142171
8854,-1.484447
8855,-0.841170
8856,-0.507405
8857,0.227827
8858,0.713051
8859,-0.788377
8860,-0.663878
8861,0.273125
8862,0.226350
8863,0.148305
8864,3.203158
8865,2.897539
8866,1.008803
8867,2.935714
8868,-0.600528
8869,-0.807390
8870,-0.677662
8871,-1.564033
8872,0.062745
8873,-0.178392
8874,-0.104240
8875,-0.351059
8876,0.431216
8877,0.694707
8878,0.106676
8879,0.294501
8880,-0.505832
8881,0.716218
8882,1.823831
8883,0.070929
8884,-0.728239
8885,0.946169
8886,-0.543398
8887,-0.108850
8888,-1.194081
8889,-0.196518
8890,0.390908
8891,-0.545498
8892,-0.103430
8893,0.317115
8894,1.829156
8895,1.320288
8896,0.844828
8897,-1.158567
8898,-2.097552
8899,1.311349
8900,-1.515470
8901,0.469592
8902,-1.013932
8903,0.810193
8904,-1.748359
8905,-0.425434
8906,1.435760
8907,0.515207
8908,0.884009
8909,0.397290
8910,1.062244
8911,1.044728
8912,0.973933
8913,0.227723
8914,-1.071394
8915,-1.699389
8916,-0.883128
8917,-0.884139
8918,0.412054
8919,-0.413119
8920,-0.377681
8921,-0.928838
8922,-1.697899
8923,-0.140308
8924,0.643070
8925,-0.325897
8926,2.879678
8927,2.424877
8928,1.636163
8929,1.570467
8930,0.949391
8931,0.468524
8932,1.792560
8933,0.283445
8934,0.603017
8935,1.354514
8936,-0.222178
8937,-0.226518
8938,-0.378993
8939,-1.619671
8940,0.974698
8941,1.283883
8942,0.821348
8943,0.428141
8944,-0.177288
8945,-1.193457
8946,-0.925865
8947,0.151921
8948,0.034619
8949,0.294972
8950,0.038454
8951,0.759384
8952,0.103420
8953,-0.420697
8954,0.864777
8955,-0.676712
8956,-0.590547
8957,-1.678267
8958,0.610906
8959,0.161967
8960,0.683455
8961,-0.956549
8962,-0.885504
8963,-1.194708
8964,0.136965
8965,-0.768992
8966,0.879877
8967,1.475298
8968,-1.117400
8969,-2.156747
8970,-0.567287
8971,-0.029487
8972,-0.904716
8973,2.105479
8974,-0.393131
8975,0.380096
8976,-0.822753
8977,-0.706333
8978,1.371119
8979,1.097875
8980,-0.376963
8981,-0.085464
8982,-0.117265
8983,0.756567
8984,-1.117268
8985,0.118279
8986,0.150834
8987,0.332825
8988,2.579684
8989,0.814491
8990,-0.467842
8991,-0.101655
8992,1.079768
8993,0.449110
8994,1.735079
8995,-0.261548
8996,2.913162
8997,-0.395157
8998,0.423332
8999,-2.592089
9000,-0.406814
9001,-0.643004
9002,0.747107
9003,-0.591623
9004,1.927587
9005,0.903373
9006,1.804852
9007,0.605649
9008,0.881434
9009,1.641362
9010,1.330593
9011,0.468363
9012,-0.548641
9013,-0.827033
9014,-0.666289
9015,1.509745
9016,-0.218379
9017,1.698628
9018,-0.425051
9019,0.148117
9020,0.433694
9021,1.155941
9022,0.106132
9023,0.153330
9024,1.148365
9025,1.715292
9026,1.094262
9027,1.606018
9028,0.562448
9029,1.568072
9030,0.251339
9031,-0.113938
9032,0.701191
9033,-0.832732
9034,-0.144545
9035,-0.256795
9036,-2.337209
9037,1.487963
9038,0.229637
9039,-0.648328
9040,1.044943
9041,1.346621
9042,1.119731
9043,0.588483
9044,0.973204
9045,0.446044
9046,-1.465200
9047,-0.335390
9048,-0.585797
9049,0.746722
9050,-1.664152
9051,-1.475361
9052,-0.739239
9053,2.377888
9054,1.366497
9055,0.929148
9056,0.538651
9057,0.975144
9058,-0.910023
9059,-0.831383
9060,-1.250506
9061,-1.659924
9062,-0.835114
9063,-0.949347
9064,0.054638
9065,0.424564
9066,0.668493
9067,0.575499
9068,-1.058571
9069,-1.423646
9070,-0.823709
9071,1.758544
9072,-0.560059
9073,1.052820
9074,0.116061
9075,-0.941804
9076,0.895644
9077,3.027744
9078,0.469578
9079,2.256686
9080,-0.044139
9081,0.086113
9082,0.455387
9083,0.695677
9084,1.187614
9085,-0.621460
9086,2.105581
9087,-0.109177
9088,0.012224
9089,1.223695
9090,0.908033
9091,-0.354472
9092,-0.109590
9093,1.046549
9094,0.159494
9095,-0.083730
9096,-0.678773
9097,0.174602
9098,1.092413
9099,0.725321
9100,-0.734711
9101,-0.416454
9102,-1.391646
9103,1.704382
9104,1.782228
9105,0.668459
9106,1.005580
9107,-1.408924
9108,-1.200018
9109,-0.269482
9110,-0.059084
9111,1.201960
9112,-0.039952
9113,-0.472006
9114,0.587570
9115,-0.631023
9116,-0.952098
9117,-1.200261
9118,-1.770326
9119,1.473682
9120,1.045822
9121,-0.250614
9122,0.082929
9123,-1.550145
9124,0.368941
9125,-0.923480
9126,0.455466
9127,-0.987428
9128,-0.427108
9129,-0.392734
9130,0.008890
9131,1.599566
9132,-0.401559
9133,-0.218139
9134,-0.164802
9135,-0.831888
9136,2.237178
9137,0.303183
9138,-1.292360
9139,-2.002827
9140,-0.164376
9141,-0.440744
9142,-1.251812
9143,-1.331328
9144,0.114886
9145,0.290985
9146,0.570997
9147,-0.513699
9148,1.677306
9149,0.703014
9150,-0.330059
9151,-1.195112
9152,-1.820093
9153,-1.540226
9154,-0.777075
9155,0.640448
9156,0.958904
9157,1.132377
9158,0.608659
9159,0.658394
9160,1.203856
9161,0.918560
9162,-0.378497
9163,-0.012673
9164,-1.038502
9165,-0.940801
9166,-1.971527
9167,-0.804625
9168,-1.795537
9169,-1.045115
9170,0.560354
9171,-0.065066
9172,-1.431437
9173,-1.588290
9174,-0.146100
9175,0.136281
9176,0.812277
9177,0.614633
9178,-0.046720
9179,0.489875
9180,-2.191009
9181,1.205169
9182,-1.349915
9183,0.176841
9184,1.278769
9185,1.058165
9186,-0.415503
9187,-0.219357
9188,1.688062
9189,0.822480
9190,-0.178633
9191,0.766602
9192,-1.328129
9193,-0.647375
9194,0.601825
9195,-0.208810
9196,1.465232
9197,-0.168716
9198,-0.734032
9199,0.891149
9200,0.214799
9201,1.011094
9202,-1.855744
9203,-1.563473
9204,0.428652
9205,-0.131894
9206,-1.308868
9207,-1.893526
9208,0.976633
9209,0.594180
9210,-0.685338
9211,-0.092190
9212,1.054954
9213,-1.073451
9214,0.003001
9215,-0.574085
9216,-1.025919
9217,-0.057187
9218,2.109654
9219,1.625965
9220,1.034596
9221,0.341565
9222,0.952342
9223,-0.427251
9224,-0.638248
9225,-0.082688
9226,0.029393
9227,0.608171
9228,-1.263649
9229,1.111882
9230,1.015197
9231,0.030319
9232,0.541292
9233,-0.492374
9234,-0.599333
9235,0.273597
9236,2.043259
9237,0.814998
9238,-0.003065
9239,0.347295
9240,-1.198779
9241,-0.843662
9242,1.073896
9243,2.013939
9244,0.625519
9245,0.219669
9246,-0.185205
9247,0.410661
9248,-0.360447
9249,-0.543883
9250,-0.355777
9251,-0.959371
9252,-0.768537
9253,-0.020119
9254,0.331039
9255,0.119083
9256,-0.389941
9257,-1.701254
9258,0.095793
9259,1.823929
9260,0.008883
9261,-0.926521
9262,1.502258
9263,-0.032842
9264,-1.542145
9265,-0.705190
9266,0.234371
9267,0.051720
9268,-0.755374
9269,1.385024
9270,1.796965
9271,-1.371286
9272,-0.016582
9273,-0.045824
9274,-1.215017
9275,-1.697029
9276,1.988487
9277,1.108799
9278,-0.744251
9279,0.455551
9280,0.307036
9281,-1.023280
9282,1.148438
9283,1.647126
9284,0.590329
9285,0.773758
9286,0.897706
9287,-0.700677
9288,-0.392151
9289,0.684207
9290,-0.935194
9291,0.364852
9292,1.194692
9293,1.099157
9294,1.051254
9295,0.380875
9296,-0.182202
9297,0.678112
9298,0.254761
9299,-1.422829
9300,-0.218777
9301,-0.127534
9302,-1.283551
9303,-0.814707
9304,-1.205084
9305,0.302298
9306,-0.158329
9307,-0.554003
9308,0.835472
9309,0.211751
9310,0.892421
9311,0.628701
9312,-0.860409
9313,0.263857
9314,-1.501621
9315,0.680066
9316,1.295863
9317,0.286229
9318,1.541573
9319,-1.101660
9320,-1.342999
9321,-1.209705
9322,1.426852
9323,0.964029
9324,2.820397
9325,1.369316
9326,1.719563
9327,0.122333
9328,-0.716275
9329,-0.219758
9330,0.060055
9331,0.971729
9332,0.936580
9333,0.880998
9334,1.714786
9335,-0.453644
9336,1.356799
9337,-0.801708
9338,0.106544
9339,-1.030669
9340,0.564752
9341,0.064362
9342,-0.146779
9343,1.054989
9344,0.812350
9345,0.742818
9346,0.559501
9347,1.613631
9348,-0.549779
9349,1.015155
9350,0.594516
9351,0.838029
9352,-1.117566
9353,-0.407237
9354,0.047173
9355,-0.308978
9356,0.873093
9357,-0.440073
9358,-0.835199
9359,0.427408
9360,0.382719
9361,-1.982518
9362,-0.753584
9363,-0.612202
9364,1.286878
9365,0.741293
9366,1.554172
9367,-0.066989
9368,-0.418871
9369,-0.801952
9370,-1.821695
9371,0.620723
9372,0.370894
9373,-0.530942
9374,-0.763756
9375,-2.420321
9376,-0.742433
9377,-1.478604
9378,0.663384
9379,-0.547987
9380,-0.083370
9381,-1.735550
9382,-1.359956
9383,-0.237237
9384,0.466757
9385,0.110730
9386,0.109121
9387,0.371562
9388,1.561704
9389,0.301578
9390,-1.185939
9391,-0.826815
9392,1.164618
9393,0.986863
9394,0.980345
9395,0.731884
9396,0.111667
9397,-0.158396
9398,-0.241717
9399,-2.173667
9400,-1.813815
9401,0.560313
9402,1.469731
9403,1.519533
9404,-0.775087
9405,-1.730328
9406,-0.931226
9407,-1.248789
9408,-2.769914
9409,1.007233
9410,0.926970
9411,0.165497
9412,-1.599291
9413,0.128914
9414,0.200424
9415,0.631208
9416,-0.573755
9417,-1.414121
9418,-0.818038
9419,-0.057470
9420,0.540362
9421,0.544886
9422,0.314097
9423,0.160575
9424,-0.424131
9425,-0.533839
9426,0.144418
9427,-0.398654
9428,-1.532640
9429,-1.102813
9430,0.093262
9431,0.787512
9432,-0.166107
9433,0.467037
9434,0.025980
9435,-0.387720
9436,0.828940
9437,0.724212
9438,-0.434777
9439,-1.662342
9440,-1.815351
9441,-0.366837
9442,0.136577
9443,1.057957
9444,-1.131681
9445,0.560299
9446,0.429690
9447,-0.351560
9448,-2.002077
9449,0.513652
9450,1.030541
9451,0.820884
9452,1.134514
9453,0.673336
9454,-0.010472
9455,-1.031115
9456,-0.143916
9457,-0.141608
9458,-0.231505
9459,0.180082
9460,-0.703728
9461,-0.642187
9462,-1.557746
9463,-0.503024
9464,0.738755
9465,0.449310
9466,-0.355613
9467,-3.343944
9468,0.264189
9469,-1.187551
9470,-0.415592
9471,0.837046
9472,1.387617
9473,-1.181449
9474,-1.541059
9475,-0.424708
9476,-0.257863
9477,-0.653457
9478,-1.767887
9479,-0.207452
9480,-1.766413
9481,1.521506
9482,0.112747
9483,0.187999
9484,1.504256
9485,1.089543
9486,-1.119642
9487,0.074561
9488,0.315270
9489,0.252044
9490,0.631298
9491,-0.601157
9492,-0.319722
9493,-0.602424
9494,0.495351
9495,1.246331
9496,1.830440
9497,-0.397392
9498,-0.240048
9499,0.749865
9500,-0.388751
9501,-1.017189
9502,0.670386
9503,0.192257
9504,0.452489
9505,-0.111843
9506,1.203591
9507,-0.031610
9508,1.173245
9509,0.172727
9510,-0.365601
9511,0.432895
9512,1.524229
9513,0.147416
9514,-0.030235
9515,-0.456268
9516,0.115377
9517,0.609240
9518,0.988468
9519,-0.518433
9520,-0.536428
9521,0.274357
9522,-1.534320
9523,-1.834933
9524,1.324130
9525,0.246208
9526,-0.938108
9527,0.319479
9528,0.476204
9529,0.989000
9530,0.221729
9531,-0.800384
9532,-1.108860
9533,2.174500
9534,-0.219814
9535,1.926429
9536,0.474065
9537,-0.868578
9538,-0.790411
9539,1.168232
9540,-1.083258
9541,-1.375255
9542,0.437436
9543,-0.587251
9544,-1.555543
9545,1.221458
9546,2.104051
9547,1.451615
9548,-0.062240
9549,1.070377
9550,-0.769170
9551,0.256653
9552,-0.567517
9553,-0.651905
9554,-0.517943
9555,0.203794
9556,-0.363163
9557,0.401305
9558,0.168640
9559,-0.873693
9560,0.286801
9561,-0.250832
9562,0.585417
9563,-0.182889
9564,1.063327
9565,0.314953
9566,-1.236771
9567,-0.157925
9568,-1.162706
9569,0.217322
9570,0.553038
9571,2.536225
9572,0.159301
9573,0.850640
9574,1.329681
9575,-0.302399
9576,-1.509206
9577,-0.481820
9578,-2.083585
9579,-0.995320
9580,-1.328372
9581,-1.110891
9582,0.455871
9583,-1.625376
9584,0.066349
9585,-0.401611
9586,2.061449
9587,1.141728
9588,-0.884393
9589,-0.005156
9590,0.501147
9591,0.332288
9592,-2.048147
9593,-0.892649
9594,-0.203478
9595,-0.533558
9596,-0.429583
9597,0.002620
9598,-0.003849
9599,-0.773286
9600,1.209333
9601,0.165087
9602,1.214787
9603,-0.572994
9604,0.263246
9605,1.613070
9606,1.830908
9607,2.083612
9608,1.381946
9609,0.879595
9610,1.318302
9611,-0.709294
9612,0.376179
9613,0.350308
9614,0.314355
9615,-0.009175
9616,-0.277412
9617,-0.579034
9618,-0.062197
9619,1.113681
9620,-0.464647
9621,0.362459
9622,-0.851779
9623,0.934415
9624,-0.688265
9625,1.329462
9626,0.712174
9627,0.030825
9628,0.307086
9629,-0.090053
9630,-0.984752
9631,1.444920
9632,0.758246
9633,-0.107754
9634,-0.319722
9635,0.239157
9636,0.010171
9637,-0.629447
9638,1.523101
9639,2.295623
9640,1.719881
9641,-1.085103
9642,-1.018112
9643,-0.296942
9644,-1.185179
9645,-1.117063
9646,0.404274
9647,-0.964367
9648,1.135998
9649,0.273846
9650,-1.909110
9651,0.311110
9652,-0.812279
9653,1.671758
9654,2.308144
9655,-0.862932
9656,-1.088344
9657,0.412520
9658,0.030051
9659,0.218182
9660,1.704415
9661,0.487409
9662,1.249728
9663,0.622871
9664,-1.553587
9665,-1.195132
9666,0.678790
9667,-0.409212
9668,-0.962221
9669,-2.712821
9670,-1.486721
9671,-0.895224
9672,-0.944440
9673,-1.187467
9674,2.038840
9675,0.830105
9676,0.648018
9677,1.397788
9678,0.025272
9679,-0.142421
9680,-1.316556
9681,-1.099684
9682,0.706799
9683,-0.256799
9684,-1.373740
9685,-0.334655
9686,1.364187
9687,1.466596
9688,0.428397
9689,0.737199
9690,1.293075
9691,-0.878833
9692,-1.030407
9693,0.807370
9694,0.214445
9695,-0.411821
9696,1.004159
9697,-0.369516
9698,-0.707929
9699,-0.689432
9700,-0.402574
9701,-0.109305
9702,1.806654
9703,-0.050188
9704,-1.153940
9705,-0.756899
9706,0.753288
9707,0.224026
9708,-0.121406
9709,0.551319
9710,-0.567292
9711,-1.335758
9712,0.406246
9713,0.441427
9714,1.341556
9715,0.080047
9716,-1.215716
9717,-0.553923
9718,-1.273453
9719,-0.514502
9720,0.575492
9721,0.005782
9722,0.436249
9723,0.555222
9724,0.694550
9725,2.039546
9726,1.443490
9727,0.343077
9728,0.527088
9729,-0.208239
9730,0.654732
9731,-0.017827
9732,-1.348816
9733,-0.939277
9734,-1.189500
9735,-1.199959
9736,0.228285
9737,-0.344381
9738,-1.333535
9739,-1.192292
9740,-0.352364
9741,0.426117
9742,-0.108148
9743,1.295580
9744,-0.494599
9745,-0.901553
9746,-0.302750
9747,1.503553
9748,1.194875
9749,1.641940
9750,-0.023404
9751,1.142833
9752,0.475204
9753,-1.737542
9754,0.512774
9755,-0.708080
9756,-0.606047
9757,1.232019
9758,1.099733
9759,1.365539
9760,-0.255298
9761,0.867214
9762,2.529912
9763,0.079231
9764,0.237544
9765,-1.224784
9766,-0.213637
9767,-1.054721
9768,-0.666754
9769,-0.294809
9770,1.949113
9771,2.725173
9772,1.093004
9773,0.973620
9774,1.139906
9775,0.817055
9776,0.245832
9777,0.028612
9778,0.173477
9779,-0.929022
9780,-1.956878
9781,-1.755190
9782,-0.451125
9783,-0.425924
9784,-1.001920
9785,1.525439
9786,0.449750
9787,0.200413
9788,-0.553780
9789,-0.879866
9790,0.039936
9791,-0.435176
9792,1.195472
9793,0.734087
9794,-1.143046
9795,-0.911748
9796,-1.158036
9797,0.186952
9798,1.823368
9799,0.779931
9800,1.358713
9801,0.899732
9802,0.033433
9803,0.020003
9804,-0.055475
9805,0.607562
9806,-0.709045
9807,0.443614
9808,1.920566
9809,-0.313017
9810,0.626553
9811,0.948438
9812,1.284837
9813,0.734367
9814,1.795070
9815,1.689691
9816,0.293244
9817,-0.310948
9818,-0.226965
9819,-1.001221
9820,0.775832
9821,0.351188
9822,0.476234
9823,0.416926
9824,0.776706
9825,-2.251492
9826,0.367269
9827,0.234463
9828,-0.696916
9829,-1.751928
9830,-1.680249
9831,0.335874
9832,0.325229
9833,2.620435
9834,-0.365178
9835,0.183407
9836,2.069386
9837,0.501846
9838,-1.100405
9839,1.229031
9840,-0.629827
9841,-0.299224
9842,-1.581738
9843,-0.605435
9844,-1.703438
9845,-1.366909
9846,-2.082706
9847,-1.459852
9848,1.226620
9849,0.395087
9850,-1.031110
9851,0.402901
9852,-2.027889
9853,-0.785116
9854,-0.676214
9855,-0.947651
9856,0.249706
9857,1.450358
9858,0.460539
9859,-0.614373
9860,1.870473
9861,-0.326316
9862,0.332440
9863,0.735568
9864,0.452182
9865,0.368660
9866,0.222059
9867,1.346445
9868,0.441858
9869,0.531676
9870,1.443304
9871,1.913011
9872,2.100110
9873,-0.070360
9874,-1.907329
9875,0.207367
9876,-0.306697
9877,-0.436728
9878,-0.069922
9879,0.416031
9880,-0.600729
9881,0.627986
9882,1.252985
9883,-0.646503
9884,0.094724
9885,-1.697484
9886,-0.363478
9887,-0.391843
9888,-1.484853
9889,-1.953891
9890,0.072165
9891,0.467970
9892,-0.872112
9893,-1.871235
9894,0.339906
9895,-0.578030
9896,-0.503534
9897,1.078096
9898,0.673854
9899,-2.184938
9900,-1.160130
9901,-0.720533
9902,-0.837716
9903,1.546603
9904,-1.129986
9905,0.064745
9906,-1.084782
9907,-0.552115
9908,0.920361
9909,1.810964
9910,0.261105
9911,0.004723
9912,1.002696
9913,-1.358891
9914,0.451859
9915,-1.170772
9916,0.534587
9917,0.582009
9918,-1.535579
9919,-0.410128
9920,1.726194
9921,1.960796
9922,1.185776
9923,0.061007
9924,-0.768630
9925,0.049261
9926,-0.042875
9927,0.696866
9928,1.053270
9929,-0.824684
9930,0.447232
9931,-0.731684
9932,1.279739
9933,1.458844
9934,0.526839
9935,-0.872194
9936,-2.381954
9937,0.031125
9938,-0.378768
9939,-0.607374
9940,0.341235
9941,-0.113639
9942,1.905047
9943,1.564723
9944,0.078825
9945,0.487717
9946,0.690445
9947,-0.214856
9948,-0.807632
9949,0.405532
9950,-1.277341
9951,-0.556601
9952,0.907194
9953,0.012696
9954,-1.211031
9955,-0.577367
9956,-1.590443
9957,0.268491
9958,1.121182
9959,-0.784309
9960,1.827311
9961,0.155604
9962,0.766858
9963,1.955228
9964,2.469368
9965,0.073619
9966,1.050979
9967,1.249161
9968,1.824955
9969,0.002101
9970,0.464612
9971,-0.278505
9972,1.091935
9973,-0.773172
9974,0.067053
9975,0.802425
9976,2.021417
9977,1.397628
9978,2.436329
9979,-0.578811
9980,-1.853192
9981,-0.702010
9982,0.337354
9983,0.487714
9984,-0.165533
9985,0.974585
9986,0.782085
9987,-0.640692
9988,-0.242539
9989,-1.806980
9990,-2.475923
9991,-0.648632
9992,-0.287188
9993,0.370216
9994,0.623507
9995,0.751271
9996,0.711261
9997,0.712838
9998,-1.669542
9999,0.693688
10000,1.346209
10001,0.200592
10002,0.441204
10003,-2.230435
10004,0.196651
10005,1.000879
10006,2.627840
10007,-0.706434
10008,-0.384982
10009,-1.469530
10010,0.670225
10011,-1.489582
10012,-0.837790
10013,-1.208106
10014,-0.139737
10015,1.406605
10016,2.136890
10017,1.590211
10018,-0.499770
10019,-0.852823
10020,-1.195241
10021,-0.665118
10022,-1.225255
10023,-1.503087
10024,0.807069
10025,-0.293805
10026,-0.059094
10027,-0.423146
10028,-1.236472
10029,-1.580921
10030,-0.244089
10031,-0.080536
10032,0.137959
10033,-2.918492
10034,-1.244761
10035,0.055950
10036,0.715160
10037,1.176762
10038,0.422757
10039,0.387797
10040,-1.124229
10041,0.770395
10042,-1.248861
10043,0.814450
10044,0.904648
10045,1.809131
10046,-0.627597
10047,-0.234491
10048,-0.136824
10049,-0.221325
10050,0.185147
10051,-0.260204
10052,1.245659
10053,1.224522
10054,0.227712
10055,-1.469344
10056,-0.186681
10057,-0.119291
10058,-0.353335
10059,0.484708
10060,-1.916741
10061,0.877122
10062,0.505905
10063,-0.533512
10064,-0.105553
10065,-0.749675
10066,-1.229630
10067,0.040551
10068,-0.000448
10069,-0.469827
10070,0.476021
10071,-1.589101
10072,0.373835
10073,-1.097229
10074,-2.170983
10075,1.153178
10076,-0.747076
10077,-0.648131
10078,-0.513201
10079,-0.604096
10080,0.006494
10081,-1.349584
10082,0.811789
10083,0.134508
10084,-1.805964
10085,0.043271
10086,0.204750
10087,0.604623
10088,1.583334
10089,0.815739
10090,-0.828905
10091,-0.331559
10092,-1.820487
10093,-2.156685
10094,-0.311720
10095,1.032454
10096,-0.139461
10097,0.406636
10098,-0.551350
10099,-0.967573
10100,-2.283012
10101,-1.367140
10102,-0.006570
10103,0.892136
10104,-0.401475
10105,0.216377
10106,-0.040441
10107,0.215211
10108,-1.365878
10109,-0.853021
10110,-0.693788
10111,2.915305
10112,0.182677
10113,1.960419
10114,3.980966
10115,0.516706
10116,-0.715467
10117,-1.283927
10118,-0.407172
10119,-0.512892
10120,0.291090
10121,0.377636
10122,1.333878
10123,1.647303
10124,0.132993
10125,0.873320
10126,-0.281333
10127,0.106678
10128,0.929159
10129,0.810754
10130,0.513235
10131,0.622431
10132,-1.086802
10133,-1.043252
10134,-0.390837
10135,-2.341384
10136,-0.871594
10137,0.157027
10138,-0.395409
10139,0.232747
10140,1.851914
10141,-0.395298
10142,-1.384889
10143,-0.876678
10144,2.532909
10145,1.511842
10146,0.837692
10147,1.719780
10148,0.754566
10149,-0.711522
10150,0.670258
10151,-0.152816
10152,-1.177704
10153,0.431125
10154,1.475525
10155,-0.744691
10156,0.519364
10157,-0.248965
10158,-0.221248
10159,0.880733
10160,-2.182462
10161,-1.963502
10162,-0.735581
10163,-0.991100
10164,0.838624
10165,0.090256
10166,-0.137260
10167,-0.553472
10168,-0.434801
10169,-0.143962
10170,1.260766
10171,0.144391
10172,1.322361
10173,0.339310
10174,0.544698
10175,-0.936991
10176,-0.238431
10177,-1.633708
10178,2.259625
10179,2.054977
10180,0.576492
10181,-0.965127
10182,0.338795
10183,-0.890258
10184,-0.840486
10185,-0.469191
10186,-0.901068
10187,1.585722
10188,0.637705
10189,-0.306111
10190,-1.935535
10191,-0.172138
10192,-0.718840
10193,0.127938
10194,-0.343860
10195,0.081927
10196,1.892973
10197,-0.475451
10198,2.189707
10199,1.402512
10200,0.645749
10201,-2.198382
10202,0.234483
10203,-1.181735
10204,-1.691044
10205,-0.566778
10206,-1.311484
10207,-2.086441
10208,0.957721
10209,0.279122
10210,0.205721
10211,-0.889512
10212,-1.047582
10213,0.191059
10214,0.664647
10215,-1.444999
10216,1.315827
10217,1.681402
10218,-1.020954
10219,-0.392695
10220,0.333953
10221,2.003004
10222,-0.470404
10223,-0.920506
10224,0.219001
10225,-0.914315
10226,1.179165
10227,0.526926
10228,1.367859
10229,0.541725
10230,0.093061
10231,-1.251856
10232,0.095534
10233,-1.608306
10234,-1.990172
10235,1.087016
10236,-0.444588
10237,0.504531
10238,-0.846480
10239,0.648564
10240,0.947211
10241,0.857681
10242,-1.034808
10243,-1.190991
10244,-1.537951
10245,-0.675368
10246,-0.563291
10247,-0.740952
10248,-0.365515
10249,-0.954273
10250,-0.641717
10251,-0.428184
10252,0.956687
10253,0.449607
10254,-0.179356
10255,-1.372676
10256,-0.971521
10257,0.948623
10258,0.506554
10259,0.604729
10260,-1.158832
10261,-0.802979
10262,-1.542977
10263,-0.970541
10264,0.183960
10265,-0.418274
10266,0.020318
10267,1.410324
10268,1.513024
10269,-2.104163
10270,1.025706
10271,0.029253
10272,0.419826
10273,-0.223228
10274,0.104233
10275,0.318383
10276,-0.832281
10277,-0.423030
10278,-0.876449
10279,-0.745371
10280,-1.286160
10281,-2.062615
10282,-0.005419
10283,0.023456
10284,-0.197764
10285,-0.940943
10286,0.321107
10287,1.195061
10288,-1.094823
10289,-1.380084
10290,-1.519443
10291,-0.610121
10292,0.467478
10293,-0.251731
10294,1.674086
10295,-1.022866
10296,-0.582401
10297,0.465128
10298,-0.095567
10299,-0.622320
10300,0.140849
10301,-1.094034
10302,-0.030966
10303,0.154875
10304,0.443728
10305,-0.472389
10306,1.796942
10307,0.537735
10308,1.796380
10309,1.783236
10310,0.066653
10311,0.386381
10312,0.647104
10313,1.320898
10314,1.483073
10315,0.217990
10316,-0.489320
10317,-1.108830
10318,-0.493733
10319,-1.520552
10320,-0.061895
10321,-0.161450
10322,0.091513
10323,0.680601
10324,0.656758
10325,-0.305654
10326,0.792470
10327,-1.925712
10328,-0.898256
10329,0.413243
10330,0.172170
10331,-0.369907
10332,0.904343
10333,-0.247037
10334,-0.140682
10335,2.177623
10336,1.415830
10337,-0.033594
10338,-0.846061
10339,0.942732
10340,0.252523
10341,-0.808208
10342,-0.437959
10343,-0.328236
10344,0.010936
10345,0.856315
10346,0.289242
10347,-0.109333
10348,0.010818
10349,-1.316772
10350,-1.654568
10351,1.569819
10352,1.229552
10353,1.485990
10354,-2.257612
10355,0.110990
10356,-0.584696
10357,0.807598
10358,1.254373
10359,0.301640
10360,1.473791
10361,0.167624
10362,0.206084
10363,1.961982
10364,-0.193759
10365,-0.108344
10366,0.701416
10367,1.817387
10368,1.825746
10369,1.030879
10370,1.623536
10371,1.129857
10372,0.874463
10373,1.870822
10374,2.233085
10375,0.629762
10376,0.427206
10377,-0.263795
10378,-0.141870
10379,0.882378
10380,1.049043
10381,0.881653
10382,-1.037827
10383,0.285547
10384,1.280912
10385,-0.444427
10386,2.302843
10387,-0.426979
10388,0.369238
10389,-0.137292
10390,0.109834
10391,2.107295
10392,0.756741
10393,-0.403740
10394,-1.381520
10395,0.119533
10396,0.067390
10397,0.767191
10398,1.002027
10399,0.511987
10400,0.194095
10401,-1.929669
10402,-1.047863
10403,-0.139749
10404,-1.023953
10405,1.389749
10406,0.936283
10407,1.115719
10408,-0.463942
10409,-0.011233
10410,0.214122
10411,2.342106
10412,1.615221
10413,-0.148055
10414,-0.743114
10415,-0.213326
10416,1.403035
10417,-1.228725
10418,-1.996392
10419,-0.141217
10420,0.140946
10421,-1.715168
10422,-0.789098
10423,-0.823074
10424,1.328025
10425,-0.696212
10426,-0.406148
10427,0.348932
10428,0.064764
10429,0.555092
10430,-0.272860
10431,-1.030770
10432,-0.344743
10433,2.003637
10434,-0.367844
10435,1.257282
10436,-2.054392
10437,-0.679214
10438,1.133125
10439,-1.341916
10440,0.720283
10441,-0.657163
10442,-0.986842
10443,-0.339275
10444,-0.650917
10445,-0.453132
10446,-2.405451
10447,1.633014
10448,-1.152030
10449,-0.496700
10450,-0.588560
10451,-0.001658
10452,-0.852026
10453,-0.311137
10454,-0.065937
10455,-0.426616
10456,1.814779
10457,-0.519458
10458,-1.009171
10459,2.041761
10460,1.758696
10461,2.172372
10462,0.567587
10463,-0.435185
10464,-0.722723
10465,-1.029019
10466,-1.895357
10467,-0.341913
10468,-0.246768
10469,-0.829581
10470,-1.379352
10471,-1.633740
10472,1.302710
10473,1.346377
10474,0.202239
10475,0.617201
10476,-1.205478
10477,-0.155469
10478,0.023411
10479,0.467473
10480,-0.561876
10481,-0.874611
10482,2.213439
10483,1.059254
10484,0.476607
10485,1.818542
10486,-1.852643
10487,-0.524126
10488,-2.029680
10489,-0.765829
10490,-0.090756
10491,-0.432769
10492,-1.817146
10493,-0.516628
10494,-0.091092
10495,-0.158266
10496,-2.092043
10497,-0.498305
10498,-0.434569
10499,-1.253901
10500,0.676645
10501,0.470764
10502,0.062032
10503,-1.947461
10504,-0.069156
10505,1.661324
10506,1.806987
10507,-0.461323
10508,-0.208036
10509,-0.064571
10510,-0.686249
10511,-0.035385
10512,0.098486
10513,-0.725882
10514,-1.025550
10515,-0.702506
10516,-1.084302
10517,-1.162771
10518,-0.211257
10519,0.009860
10520,0.361855
10521,0.019952
10522,-0.764474
10523,-0.935399
10524,-1.638456
10525,-0.375756
10526,-0.024541
10527,-0.126977
10528,1.402971
10529,1.226424
10530,1.515534
10531,-0.412269
10532,0.995142
10533,0.137187
10534,-1.486316
10535,-0.461384
10536,-1.656358
10537,-0.144395
10538,-1.144636
10539,-0.399782
10540,0.186162
10541,0.262775
10542,0.241370
10543,0.610844
10544,0.549375
10545,0.291013
10546,-0.480578
10547,0.612207
10548,-1.656689
10549,0.073216
10550,-0.272459
10551,-1.578550
10552,-0.646980
10553,2.381047
10554,0.407293
10555,0.303034
10556,1.394975
10557,-0.896286
10558,-1.695971
10559,-0.370069
10560,-1.031871
10561,0.307932
10562,0.103582
10563,-0.531064
10564,0.543713
10565,0.988171
10566,0.958470
10567,1.741667
10568,-0.233343
10569,0.146095
10570,1.179383
10571,-0.584285
10572,1.520705
10573,2.411945
10574,-0.984569
10575,-0.772587
10576,1.020619
10577,0.104074
10578,-0.311955
10579,2.199804
10580,0.464972
10581,0.336012
10582,-2.710545
10583,-2.744160
10584,-2.680258
10585,-0.568043
10586,-0.101019
10587,0.735213
10588,0.225536
10589,2.425563
10590,0.654009
10591,1.252769
10592,0.160172
10593,-1.007264
10594,-2.114306
10595,-0.125034
10596,-0.058281
10597,-0.802995
10598,0.392969
10599,2.452793
10600,0.742918
10601,-0.500724
10602,0.257876
10603,-1.068143
10604,0.239289
10605,-0.253806
10606,-2.059593
10607,-2.289482
10608,-1.849736
10609,0.454775
10610,0.178174
10611,0.738552
10612,1.822552
10613,2.001520
10614,-0.596164
10615,-1.042335
10616,-1.131840
10617,-1.785008
10618,0.341290
10619,-1.594207
10620,0.059078
10621,-0.455967
10622,-0.203024
10623,-0.186083
10624,-0.260386
10625,0.221986
10626,0.190844
10627,1.050802
10628,-0.736544
10629,0.802898
10630,1.418457
10631,-1.118057
10632,-2.104082
10633,0.070987
10634,1.422982
10635,-0.096596
10636,-0.316620
10637,-1.294389
10638,1.100832
10639,1.457921
10640,0.712555
10641,2.397079
10642,0.793855
10643,1.175835
10644,0.383528
10645,0.472645
10646,-0.003730
10647,-0.331119
10648,-0.741667
10649,0.616837
10650,0.213123
10651,-0.017861
10652,-0.225533
10653,0.848374
10654,-1.506365
10655,-0.831285
10656,-0.036370
10657,-0.486066
10658,0.527174
10659,0.033145
10660,1.259611
10661,0.654709
10662,1.662417
10663,1.784386
10664,-0.265010
10665,0.728770
10666,-0.109562
10667,0.238807
10668,1.755790
10669,0.945161
10670,0.280400
10671,0.490711
10672,-1.131277
10673,0.030612
10674,-1.708972
10675,-1.574984
10676,-1.248085
10677,-2.121759
10678,-2.793681
10679,-0.115132
10680,-0.886292
10681,-1.667774
10682,-1.709701
10683,-1.917119
10684,-1.035173
10685,-0.835849
10686,0.357891
10687,1.310860
10688,1.114974
10689,-0.859656
10690,-0.401369
10691,1.077586
10692,0.446749
10693,-0.818770
10694,0.443646
10695,0.629970
10696,0.332929
10697,-0.317095
10698,-0.010133
10699,-0.180796
10700,0.264775
10701,1.469984
10702,-0.336552
10703,-0.396340
10704,-1.189906
10705,0.336016
10706,0.600840
10707,0.199596
10708,0.492916
10709,-0.662026
10710,0.186872
10711,0.627260
10712,0.082214
10713,-1.059642
10714,-0.066030
10715,0.531601
10716,0.953878
10717,0.437508
10718,0.054658
10719,-0.564825
10720,1.107018
10721,1.069944
10722,0.427378
10723,0.027359
10724,-0.763487
10725,-0.123726
10726,0.782044
10727,-0.055265
10728,0.411645
10729,0.293861
10730,-0.041216
10731,0.499497
10732,0.148647
10733,2.011516
10734,-0.908034
10735,-0.003252
10736,-0.323957
10737,1.279126
10738,-0.086853
10739,-0.466361
10740,-1.970697
10741,-0.771115
10742,2.301384
10743,-0.885870
10744,-0.413270
10745,0.147486
10746,-1.185866
10747,1.211965
10748,2.231846
10749,-0.273963
10750,-0.421699
10751,-0.735757
10752,-1.341873
10753,0.710560
10754,0.409471
10755,2.542407
10756,0.373425
10757,-0.117689
10758,0.781032
10759,1.170976
10760,-0.138435
10761,-1.107837
10762,-1.924983
10763,0.717790
10764,-0.304441
10765,-0.630437
10766,1.191474
10767,1.486716
10768,1.149690
10769,-0.559735
10770,0.530226
10771,0.214919
10772,-0.240792
10773,0.765973
10774,-1.131571
10775,0.085515
10776,0.435248
10777,1.542444
10778,0.190004
10779,0.232530
10780,1.791034
10781,0.688755
10782,1.190467
10783,-0.124008
10784,1.656509
10785,-0.418366
10786,-0.835701
10787,-0.102249
10788,-1.652149
10789,1.146037
10790,-0.091362
10791,-0.184243
10792,0.481261
10793,-0.211999
10794,-1.557137
10795,-0.119927
10796,0.034812
10797,0.038708
10798,0.254616
10799,-0.392296
10800,-0.061478
10801,-0.322713
10802,1.401224
10803,-0.860063
10804,0.896142
10805,0.197836
10806,-0.932113
10807,-0.063360
10808,-1.283040
10809,-1.495788
10810,0.026841
10811,0.013920
10812,-1.994130
10813,-0.321832
10814,-0.201200
10815,0.511785
10816,-1.302663
10817,-0.254091
10818,1.271289
10819,-2.262907
10820,0.171234
10821,-0.383229
10822,-0.338944
10823,-1.267847
10824,0.263039
10825,-0.682941
10826,-0.665388
10827,-0.731294
10828,-0.370445
10829,1.971944
10830,1.021016
10831,0.158108
10832,0.621752
10833,-0.493730
10834,-0.877086
10835,-0.403324
10836,-0.607998
10837,-0.470463
10838,0.627143
10839,0.414695
10840,-1.016779
10841,0.474040
10842,-0.649303
10843,-0.316300
10844,-1.523533
10845,-1.606756
10846,0.739612
10847,2.403283
10848,-0.072292
10849,1.225323
10850,-1.066112
10851,-2.558715
10852,0.875786
10853,0.706627
10854,-0.000998
10855,-0.422673
10856,0.472650
10857,1.347337
10858,-0.360415
10859,0.347480
10860,-0.396684
10861,-1.322707
10862,0.588742
10863,3.497030
10864,-0.582751
10865,-0.711932
10866,0.432100
10867,-1.307972
10868,0.224528
10869,-1.079939
10870,-1.366523
10871,-0.120194
10872,0.425382
10873,0.593561
10874,-0.169613
10875,-0.198765
10876,0.524218
10877,0.400850
10878,1.391015
10879,-0.154338
10880,0.453223
10881,-0.425915
10882,0.761051
10883,0.691701
10884,-0.867276
10885,-0.385516
10886,-1.965275
10887,-1.039043
10888,-0.348006
10889,-0.328489
10890,1.104887
10891,-1.568459
10892,1.284803
10893,-0.853984
10894,-0.929291
10895,-0.406967
10896,-0.377362
10897,-0.155537
10898,-1.603499
10899,-1.815759
10900,-1.024875
10901,-0.006613
10902,0.116674
10903,1.016577
10904,-0.062924
10905,0.386613
10906,1.325515
10907,-0.481478
10908,-0.366361
10909,-0.502001
10910,-0.446561
10911,-0.230159
10912,-0.424586
10913,-1.389418
10914,0.769179
10915,-1.164299
10916,-1.799726
10917,1.238488
10918,1.917988
10919,1.792866
10920,0.524177
10921,0.958172
10922,-1.787645
10923,1.598771
10924,0.712149
10925,-0.095945
10926,-1.339881
10927,0.292021
10928,-0.370932
10929,0.475002
10930,2.438899
10931,0.591056
10932,-2.088437
10933,0.042491
10934,0.224041
10935,1.552999
10936,1.328180
10937,0.813615
10938,0.396138
10939,0.671534
10940,0.211575
10941,-0.119680
10942,-0.393432
10943,0.326868
10944,0.362186
10945,1.589229
10946,1.490653
10947,-0.293053
10948,-0.829918
10949,-0.157455
10950,-1.532863
10951,0.584132
10952,1.045689
10953,0.387289
10954,0.638310
10955,-0.127560
10956,1.333349
10957,-0.663896
10958,0.846872
10959,0.907330
10960,0.945437
10961,-0.382781
10962,-0.291157
10963,0.110944
10964,-1.381581
10965,-0.838257
10966,0.432007
10967,-2.793526
10968,0.655772
10969,-0.426869
10970,-0.317071
10971,0.080300
10972,-0.160749
10973,-2.274990
10974,0.260755
10975,0.573291
10976,1.103484
10977,2.395439
10978,0.558252
10979,0.120976
10980,1.283066
10981,0.737222
10982,-0.453338
10983,-0.556329
10984,-0.457134
10985,-0.981619
10986,-0.912227
10987,1.066286
10988,1.194945
10989,-0.757127
10990,2.010775
10991,2.328669
10992,1.947372
10993,0.525602
10994,0.095162
10995,0.735032
10996,-0.203872
10997,1.024075
10998,0.073931
10999,2.210861
11000,0.203546
11001,-0.255978
11002,-0.353966
11003,0.249968
11004,0.128194
11005,0.333594
11006,-0.168454
11007,-2.079169
11008,1.074929
11009,0.329027
11010,-1.611598
11011,-0.838747
11012,-0.146214
11013,0.328270
11014,-0.627569
11015,-2.394466
11016,-0.514594
11017,0.218419
11018,2.139160
11019,-0.738388
11020,-0.712199
11021,-2.771938
11022,0.450583
11023,0.551256
11024,-0.106409
11025,1.239635
11026,-0.509420
11027,-0.934174
11028,-2.488655
11029,-0.328975
11030,0.880177
11031,1.824783
11032,0.856058
11033,-1.080019
11034,-0.019493
11035,0.067545
11036,-0.624674
11037,-0.062837
11038,-0.949882
11039,-0.214223
11040,-0.713109
11041,0.486165
11042,-0.902661
11043,0.010318
11044,-0.740919
11045,-0.616505
11046,-0.959345
11047,0.651812
11048,-1.479726
11049,0.480581
11050,0.251375
11051,-0.842177
11052,0.719788
11053,0.533923
11054,0.977230
11055,0.187110
11056,-1.388667
11057,0.572623
11058,-0.370291
11059,-1.216448
11060,0.256993
11061,2.161780
11062,-0.168604
11063,0.216446
11064,-0.496358
11065,-1.145683
11066,-0.262996
11067,-1.193193
11068,-1.266876
11069,0.586224
11070,-0.946874
11071,0.472043
11072,0.728064
11073,0.180409
11074,0.484293
11075,-0.042876
11076,-0.877846
11077,0.447964
11078,0.128108
11079,-0.978941
11080,0.132099
11081,2.190695
11082,0.635699
11083,0.138170
11084,0.408804
11085,0.613924
11086,-0.780594
11087,0.301207
11088,0.347785
11089,0.165519
11090,-0.258867
11091,-0.258016
11092,-0.122134
11093,1.626928
11094,-0.923438
11095,-1.305703
11096,-1.749210
11097,-0.593810
11098,0.236714
11099,-0.508229
11100,0.028408
11101,0.062881
11102,1.063454
11103,0.849024
11104,-0.647435
11105,0.675147
11106,-1.017073
11107,-2.287344
11108,-0.964284
11109,-0.807865
11110,-1.101113
11111,-0.739434
11112,0.519365
11113,0.898226
11114,-1.710621
11115,1.229661
11116,1.528320
11117,0.328060
11118,-0.495952
11119,0.702116
11120,1.148030
11121,2.064719
11122,2.542748
11123,1.672519
11124,-0.228250
11125,1.179089
11126,-0.371691
11127,-0.299844
11128,-0.543743
11129,0.549109
11130,-1.127226
11131,-0.654836
11132,0.197734
11133,0.169127
11134,1.430876
11135,0.646996
11136,-2.135234
11137,-0.246495
11138,-0.275489
11139,1.260572
11140,-2.518371
11141,0.862370
11142,-0.549663
11143,0.574754
11144,0.109817
11145,0.529616
11146,0.150607
11147,0.859944
11148,1.113160
11149,0.943074
11150,0.275510
11151,-1.338121
11152,0.638245
11153,-1.050332
11154,-1.200775
11155,-0.452221
11156,0.469080
11157,0.959453
11158,0.038026
11159,-0.763224
11160,-0.515068
11161,-0.158860
11162,-0.218125
11163,-0.358774
11164,-0.810010
11165,-0.850902
11166,-0.605804
11167,-2.076559
11168,0.186619
11169,-0.400285
11170,1.993628
11171,0.626646
11172,0.049140
11173,-1.207604
11174,1.353178
11175,-2.464925
11176,-1.082014
11177,-1.144891
11178,0.787950
11179,0.524525
11180,-0.236507
11181,2.161696
11182,0.805451
11183,0.647543
11184,1.496112
11185,0.730807
11186,0.722942
11187,1.777619
11188,1.645255
11189,-1.690554
11190,0.867330
11191,0.502205
11192,-0.286275
11193,0.876414
11194,0.135231
11195,-1.150944
11196,0.418155
11197,1.694704
11198,-1.680452
11199,0.151562
11200,1.447727
11201,1.414349
11202,-1.608245
11203,1.600517
11204,2.291465
11205,-0.617373
11206,-2.195747
11207,-1.494394
11208,0.103476
11209,1.468579
11210,1.568098
11211,1.310205
11212,-0.345314
11213,0.085271
11214,-0.213645
11215,-0.254042
11216,-0.598954
11217,-1.067087
11218,0.069693
11219,0.178995
11220,-0.042515
11221,-0.035679
11222,-0.566425
11223,-1.349810
11224,-0.619876
11225,0.159298
11226,0.750758
11227,0.926305
11228,2.342674
11229,0.050714
11230,0.171148
11231,0.207805
11232,-0.396081
11233,-1.334858
11234,-0.173141
11235,0.899258
11236,-0.181640
11237,0.041806
11238,-0.238298
11239,-0.396843
11240,0.130077
11241,-0.481642
11242,1.304678
11243,1.495081
11244,-0.056105
11245,-0.797865
11246,-0.830373
11247,0.928982
11248,0.527482
11249,-0.685999
11250,-0.131870
11251,-0.244219
11252,-2.000816
11253,-0.860891
11254,0.945521
11255,-0.012136
11256,-0.767708
11257,-1.477190
11258,-0.610942
11259,-1.144180
11260,-2.245135
11261,-2.521280
11262,0.594013
11263,-0.626736
11264,-0.814602
11265,-0.141853
11266,1.296848
11267,1.468813
11268,0.645192
11269,-1.169341
11270,1.361085
11271,-0.864841
11272,-1.479077
11273,-2.115533
11274,-1.202752
11275,0.068342
11276,-0.846869
11277,1.448507
11278,-0.644971
11279,-0.660403
11280,-2.856410
11281,-1.069890
11282,1.730683
11283,2.432739
11284,0.438165
11285,-0.518052
11286,-0.845233
11287,-1.165600
11288,-0.217066
11289,-1.471464
11290,-0.402984
11291,-0.680987
11292,-1.194445
11293,-1.913240
11294,-0.001844
11295,-0.644759
11296,-0.941300
11297,-0.450630
11298,0.519439
11299,-0.944115
11300,0.077249
11301,-0.000539
11302,0.580616
11303,-0.539961
11304,1.096839
11305,0.833824
11306,0.532952
11307,-0.040053
11308,-1.069768
11309,-1.160569
11310,-0.364974
11311,-1.512044
11312,-0.108676
11313,2.429000
11314,1.185829
11315,-0.034289
11316,1.293197
11317,-1.318668
11318,0.267394
11319,-1.029311
11320,-0.265855
11321,-0.240008
11322,0.841448
11323,-0.786115
11324,-0.026066
11325,-1.965612
11326,-0.512452
11327,1.076236
11328,0.027973
11329,0.529986
11330,0.067209
11331,-1.758206
11332,-0.356501
11333,-2.225196
11334,-1.358662
11335,-2.674128
11336,0.173823
11337,1.802327
11338,-0.200427
11339,0.368508
11340,1.797246
11341,3.051838
11342,1.746352
11343,1.897579
11344,1.215607
11345,-1.542449
11346,1.473151
11347,-1.411021
11348,-0.285794
11349,-1.375782
11350,-0.262869
11351,-0.829820
11352,0.549392
11353,2.037390
11354,1.413475
11355,0.930065
11356,0.509787
11357,-0.592803
11358,-0.507330
11359,1.636494
11360,0.367808
11361,2.316875
11362,1.754656
11363,1.780670
11364,1.185444
11365,0.663604
11366,0.749961
11367,0.387690
11368,1.290454
11369,0.726292
11370,-0.534919
11371,0.507885
11372,0.554363
11373,0.229917
11374,-0.218126
11375,-0.666950
11376,-0.781042
11377,1.604724
11378,-0.404345
11379,0.087732
11380,-0.382855
11381,-0.472894
11382,0.404379
11383,2.343757
11384,0.516391
11385,-0.716075
11386,-0.939286
11387,0.916566
11388,-1.111759
11389,-0.120787
11390,-0.150520
11391,0.567257
11392,0.646555
11393,0.665512
11394,0.126072
11395,-0.008734
11396,-0.358957
11397,0.567222
11398,-0.613306
11399,1.446774
11400,0.064130
11401,-0.522724
11402,-1.316258
11403,0.751188
11404,-0.669255
11405,1.158080
11406,0.701609
11407,0.317597
11408,-1.848603
11409,1.379799
11410,0.459537
11411,-1.380653
11412,1.144170
11413,0.903723
11414,-1.259562
11415,-1.313913
11416,-0.408555
11417,-0.768075
11418,1.273355
11419,0.224806
11420,-0.024878
11421,0.411421
11422,0.959079
11423,-0.466348
11424,-0.682724
11425,0.669158
11426,1.355471
11427,2.108154
11428,2.315456
11429,0.665565
11430,-0.152905
11431,1.531785
11432,0.597920
11433,0.013425
11434,0.695182
11435,-1.693023
11436,2.221614
11437,2.272843
11438,0.467303
11439,1.355875
11440,-0.089759
11441,0.571499
11442,0.099712
11443,1.284894
11444,3.402800
11445,3.565968
11446,0.672041
11447,-0.143074
11448,-1.203146
11449,0.590601
11450,0.599812
11451,0.766210
11452,-0.501859
11453,-1.103165
11454,-1.093161
11455,0.468553
11456,-0.532210
11457,0.481162
11458,1.338121
11459,0.638935
11460,-0.543624
11461,1.411680
11462,0.771575
11463,0.405286
11464,-1.482239
11465,0.737770
11466,0.721140
11467,-1.634643
11468,-1.400425
11469,-0.170915
11470,0.416470
11471,0.904065
11472,0.653892
11473,-1.283023
11474,-0.166669
11475,0.639712
11476,-0.992510
11477,-1.862738
11478,-0.822735
11479,-0.530051
11480,-0.068918
11481,1.239484
11482,-0.628392
11483,-2.939033
11484,-0.272456
11485,0.188781
11486,0.610891
11487,1.584809
11488,0.028305
11489,0.727414
11490,0.691776
11491,-0.386208
11492,-1.759137
11493,-0.762116
11494,-0.058451
11495,0.278056
11496,-0.290929
11497,-1.425822
11498,-0.494331
11499,-0.022071
11500,-1.221993
11501,-0.262504
11502,2.505042
11503,0.289885
11504,-2.256475
11505,-1.611715
11506,-0.717639
11507,-0.077701
11508,0.867684
11509,-0.091634
11510,0.466844
11511,-0.006467
11512,-1.367169
11513,-0.045690
11514,0.795711
11515,0.052111
11516,0.817095
11517,0.199818
11518,1.734280
11519,-0.626167
11520,-0.315116
11521,1.765847
11522,-1.157940
11523,0.014562
11524,-0.666789
11525,-0.461901
11526,-0.562386
11527,-1.221749
11528,0.989470
11529,0.422054
11530,0.830929
11531,1.622933
11532,1.463136
11533,0.727099
11534,0.174821
11535,-0.215248
11536,-1.935329
11537,-2.375584
11538,-0.010639
11539,1.642446
11540,1.652179
11541,0.130120
11542,1.176062
11543,-1.389270
11544,0.288469
11545,1.180167
11546,0.014233
11547,0.431919
11548,-0.344675
11549,1.773338
11550,-0.363283
11551,-1.135669
11552,-1.995820
11553,-1.523958
11554,-1.120489
11555,-0.618408
11556,0.814218
11557,0.754715
11558,-0.085702
11559,-1.260937
11560,1.633293
11561,-0.684826
11562,-0.279293
11563,-0.232723
11564,0.260569
11565,-0.415717
11566,-0.359237
11567,0.564834
11568,-0.067171
11569,0.774154
11570,-1.422202
11571,0.861619
11572,0.899138
11573,-0.123934
11574,-1.732232
11575,0.329324
11576,0.552748
11577,1.063865
11578,0.921610
11579,1.542503
11580,2.077238
11581,0.903807
11582,2.468589
11583,1.082524
11584,0.528100
11585,-0.614879
11586,-0.793899
11587,0.212050
11588,0.438839
11589,0.272424
11590,-0.814135
11591,0.287081
11592,0.853605
11593,1.143147
11594,-0.557473
11595,0.450435
11596,0.219626
11597,-0.611548
11598,-1.056774
11599,0.286432
11600,-0.059958
11601,0.082718
11602,-0.481488
11603,-0.103439
11604,-1.818766
11605,-1.105172
11606,-1.231795
11607,-0.812135
11608,-0.955549
11609,1.148960
11610,0.744298
11611,0.617628
11612,0.053521
11613,1.143377
11614,0.909046
11615,1.067566
11616,0.998165
11617,2.810186
11618,0.722846
11619,1.495478
11620,0.384493
11621,0.771263
11622,0.046058
11623,-2.223938
11624,-0.973545
11625,-1.895648
11626,0.582657
11627,0.586453
11628,-2.317915
11629,-0.351612
11630,-0.425093
11631,0.305325
11632,0.491553
11633,-0.386238
11634,-1.485879
11635,0.022869
11636,-0.187791
11637,1.689138
11638,0.345051
11639,-0.152900
11640,-1.473201
11641,1.313626
11642,-0.475450
11643,-0.016796
11644,0.241930
11645,1.292189
11646,0.574255
11647,-0.869329
11648,-0.646354
11649,-2.280435
11650,-0.785595
11651,-0.630107
11652,0.719946
11653,0.985268
11654,-0.257000
11655,0.838237
11656,0.282704
11657,1.029924
11658,1.247767
11659,0.401642
11660,-0.654363
11661,1.390272
11662,1.289418
11663,0.333284
11664,2.101787
11665,2.248829
11666,-0.271052
11667,-0.839744
11668,-1.587329
11669,-0.214565
11670,0.133837
11671,-0.526568
11672,0.078125
11673,0.211882
11674,1.655793
11675,-0.370016
11676,-1.945428
11677,1.026487
11678,0.742343
11679,-0.039648
11680,-1.812981
11681,0.417332
11682,-0.607699
11683,0.311370
11684,1.760433
11685,0.593464
11686,-0.010085
11687,0.234893
11688,-0.937948
11689,-0.233292
11690,0.698863
11691,1.406268
11692,0.265272
11693,-0.975282
11694,0.284746
11695,-0.646147
11696,-0.386476
11697,-1.089098
11698,1.574074
11699,0.326174
11700,1.409834
11701,-0.446553
11702,-1.637812
11703,0.054451
11704,1.012936
11705,0.650441
11706,0.340903
11707,-0.254480
11708,-0.857814
11709,1.468768
11710,-0.777463
11711,0.041784
11712,0.971950
11713,-1.208419
11714,-0.582052
11715,-0.100530
11716,-1.092799
11717,-0.515283
11718,0.790849
11719,-0.264912
11720,-1.478578
11721,-1.210269
11722,0.792163
11723,0.571531
11724,-0.227185
11725,0.007368
11726,-0.499968
11727,-0.671096
11728,0.514191
11729,0.357003
11730,-1.685223
11731,0.950741
11732,-0.060511
11733,1.216832
11734,1.104420
11735,0.913270
11736,-0.038029
11737,-1.579276
11738,-0.453554
11739,-1.236997
11740,1.524056
11741,0.209206
11742,-0.149522
11743,-0.416820
11744,1.717833
11745,-1.683921
11746,-0.578291
11747,-0.156802
11748,0.467899
11749,-1.149412
11750,1.433597
11751,0.746187
11752,-0.193315
11753,1.185153
11754,0.869015
11755,-1.519326
11756,0.695743
11757,-0.040645
11758,0.575371
11759,0.176519
11760,-0.202107
11761,-0.146684
11762,-0.072917
11763,-0.970879
11764,-1.227474
11765,0.677565
11766,0.070794
11767,-0.075174
11768,0.876688
11769,-1.101763
11770,0.267461
11771,1.925639
11772,1.257651
11773,0.203670
11774,0.359874
11775,-0.527547
11776,1.531837
11777,-1.309737
11778,-0.788788
11779,-0.821671
11780,-0.002484
11781,1.962999
11782,2.227683
11783,-0.234935
11784,0.407237
11785,-0.101491
11786,1.558447
11787,-0.112912
11788,-0.808305
11789,1.163929
11790,-1.410161
11791,0.548746
11792,1.591651
11793,-0.620801
11794,-0.081786
11795,-0.563620
11796,-1.787408
11797,-0.637797
11798,-0.235898
11799,0.769020
11800,-1.777971
11801,0.493458
11802,-1.131234
11803,-1.163951
11804,-1.134848
11805,-1.117689
11806,-0.913243
11807,0.985773
11808,-0.203838
11809,-0.975531
11810,0.374817
11811,-0.378187
11812,0.868313
11813,1.186250
11814,1.878977
11815,1.132485
11816,0.048053
11817,1.008115
11818,-1.445914
11819,-0.698907
11820,0.218715
11821,0.564355
11822,-0.048729
11823,-0.113921
11824,0.944312
11825,1.474509
11826,0.719259
11827,0.956055
11828,0.624720
11829,0.044447
11830,0.655265
11831,0.469460
11832,-0.063305
11833,0.459231
11834,-0.755670
11835,-0.690575
11836,-0.614371
11837,0.239300
11838,-0.695407
11839,-0.415263
11840,-0.398847
11841,0.052421
11842,-0.335739
11843,-1.147721
11844,-1.757900
11845,0.643195
11846,-0.469668
11847,1.456685
11848,1.153222
11849,-0.921439
11850,0.341597
11851,0.567504
11852,1.361354
11853,-0.999573
11854,-0.391244
11855,0.833912
11856,0.667291
11857,0.922963
11858,0.827167
11859,0.623833
11860,-0.484923
11861,0.411861
11862,1.888437
11863,-1.251528
11864,0.189890
11865,0.125576
11866,-0.255766
11867,0.511639
11868,0.329039
11869,-0.276704
11870,1.030207
11871,-0.159103
11872,-1.472778
11873,-2.428540
11874,-1.636975
11875,0.784472
11876,0.631772
11877,1.530760
11878,-0.883480
11879,-0.459450
11880,-0.581099
11881,1.064844
11882,1.062381
11883,1.075752
11884,-0.093503
11885,-0.812164
11886,-0.479961
11887,-0.339190
11888,0.137352
11889,1.052578
11890,0.783190
11891,1.294171
11892,1.655651
11893,1.229824
11894,0.104642
11895,0.188200
11896,0.063607
11897,1.485859
11898,-0.492394
11899,-0.739393
11900,-0.483010
11901,-0.173103
11902,1.119293
11903,0.292993
11904,0.644287
11905,0.435237
11906,1.713414
11907,0.531908
11908,0.268541
11909,-0.491206
11910,-1.220731
11911,0.685266
11912,1.063228
11913,0.211826
11914,-0.634483
11915,1.749505
11916,-0.277177
11917,1.850122
11918,-0.090979
11919,0.484354
11920,-0.514315
11921,-1.477880
11922,-0.822670
11923,-0.295235
11924,-0.432162
11925,0.566634
11926,0.655120
11927,0.001682
11928,1.655434
11929,0.305594
11930,1.834511
11931,1.788333
11932,1.803232
11933,0.326381
11934,0.220773
11935,0.247363
11936,0.739971
11937,1.768187
11938,-0.263535
11939,-1.460884
11940,-0.063803
11941,-0.621670
11942,-1.050372
11943,-1.335271
11944,-0.794332
11945,-1.134969
11946,0.101497
11947,-0.996511
11948,1.490692
11949,0.991705
11950,0.047040
11951,-1.441088
11952,-0.416414
11953,-0.614224
11954,-3.060657
11955,-1.283340
11956,-0.536295
11957,-1.546507
11958,0.269196
11959,0.436902
11960,1.133172
11961,0.922260
11962,0.927233
11963,0.610708
11964,1.003213
11965,0.154378
11966,-0.480631
11967,-0.094387
11968,-0.170028
11969,-1.918986
11970,-0.046824
11971,-1.435774
11972,-0.002987
11973,0.445306
11974,2.225034
11975,-0.425153
11976,-0.241422
11977,0.004649
11978,-1.044643
11979,1.650179
11980,1.010519
11981,0.228833
11982,-2.189871
11983,-0.454965
11984,-1.913323
11985,-1.236047
11986,0.594746
11987,1.604186
11988,0.750613
11989,0.929068
11990,0.582767
11991,1.825141
11992,0.477707
11993,-0.960058
11994,-1.088253
11995,0.327318
11996,0.719278
11997,0.366651
11998,0.878575
11999,-0.108096
12000,-1.343654
12001,1.007747
12002,-1.856877
12003,-0.345435
12004,-0.929150
12005,0.522815
12006,-0.086249
12007,-0.318474
12008,-1.923832
12009,0.479135
12010,-0.391958
12011,-0.957629
12012,-0.947683
12013,-2.401156
12014,2.280353
12015,-0.838190
12016,0.332121
12017,1.332062
12018,-1.303974
12019,-1.564372
12020,-0.320215
12021,0.129373
12022,0.779090
12023,1.874627
12024,1.658984
12025,0.424593
12026,-0.376351
12027,0.777281
12028,-0.548197
12029,1.160579
12030,-0.340546
12031,2.355275
12032,1.010348
12033,0.410282
12034,-0.199016
12035,-0.197652
12036,-0.368850
12037,0.830116
12038,0.843736
12039,-0.688983
12040,-0.604617
12041,-2.098122
12042,0.842642
12043,-0.320452
12044,0.403284
12045,-1.654034
12046,0.523016
12047,-0.175937
12048,-0.588672
12049,0.038312
12050,-0.233872
12051,-2.356201
12052,-0.497789
12053,-0.262537
12054,-1.554473
12055,-0.821781
12056,0.568762
12057,-0.792637
12058,-0.531356
12059,0.112962
12060,-0.158189
12061,0.075055
12062,-0.163572
12063,0.998211
12064,1.340969
12065,-0.738092
12066,-0.042319
12067,-0.363357
12068,0.217715
12069,-1.071092
12070,0.591868
12071,-0.203946
12072,0.288449
12073,1.523026
12074,-0.469374
12075,0.147218
12076,2.258966
12077,0.181945
12078,0.065457
12079,-0.009220
12080,-0.811034
12081,0.520455
12082,1.753767
12083,-0.054049
12084,1.022709
12085,1.546704
12086,0.968255
12087,0.211609
12088,0.062022
12089,0.830943
12090,1.403906
12091,0.695016
12092,0.880711
12093,3.074813
12094,-0.065371
12095,-1.206886
12096,-2.786111
12097,-0.671050
12098,0.043497
12099,-0.005433
12100,0.135942
12101,0.677947
12102,-0.974612
12103,-1.341258
12104,-0.309030
12105,0.803554
12106,-1.323643
12107,0.263792
12108,-0.085418
12109,0.779102
12110,0.007336
12111,0.823633
12112,0.229246
12113,0.341778
12114,-0.283187
12115,-0.214094
12116,1.821852
12117,1.702922
12118,0.572032
12119,2.192796
12120,-0.523595
12121,-0.509811
12122,-0.089219
12123,1.764095
12124,-0.582042
12125,0.514236
12126,0.950827
12127,1.121061
12128,0.031329
12129,0.766903
12130,-0.144674
12131,-0.092730
12132,0.875557
12133,0.559137
12134,0.866343
12135,1.980020
12136,0.136005
12137,-0.317574
12138,-0.581283
12139,-1.853722
12140,0.388673
12141,0.157472
12142,-0.544921
12143,-0.067660
12144,-0.350569
12145,-0.741979
12146,0.967699
12147,2.544052
12148,-0.569190
12149,-0.611457
12150,-0.166448
12151,-0.344952
12152,-1.292438
12153,-1.830221
12154,-0.336484
12155,-0.329605
12156,0.532336
12157,0.285701
12158,0.963696
12159,0.129801
12160,0.819836
12161,1.712022
12162,-0.636377
12163,-1.139041
12164,0.069103
12165,0.132666
12166,2.316317
12167,-0.760661
12168,0.384206
12169,2.001394
12170,-0.590992
12171,-0.257180
12172,0.534630
12173,-1.826233
12174,-0.313399
12175,-0.314918
12176,0.796172
12177,-1.286137
12178,-1.312127
12179,-0.899757
12180,0.646338
12181,-0.829710
12182,1.362404
12183,-1.083123
12184,-0.157225
12185,-0.906628
12186,0.459500
12187,0.884964
12188,-1.357543
12189,0.685935
12190,0.394567
12191,1.698904
12192,-0.030493
12193,-0.450112
12194,-2.514003
12195,-0.803885
12196,1.102280
12197,-0.894726
12198,1.165291
12199,0.085872
12200,-0.867104
12201,0.339202
12202,0.661821
12203,-0.670565
12204,-0.008798
12205,0.515390
12206,-0.948927
12207,0.601954
12208,0.424529
12209,2.118937
12210,0.489203
12211,0.934934
12212,-0.448932
12213,-0.031663
12214,-0.251527
12215,-0.515571
12216,-0.975698
12217,-0.058070
12218,-2.233280
12219,-0.665817
12220,-0.577891
12221,-0.760712
12222,-0.113624
12223,0.511491
12224,-1.205417
12225,-0.717855
12226,-0.785814
12227,-1.017867
12228,-1.840000
12229,0.332334
12230,-1.549729
12231,-1.213283
12232,-0.569294
12233,2.000283
12234,0.547216
12235,1.985363
12236,-0.138969
12237,0.560938
12238,-0.791631
12239,-0.758840
12240,-0.134232
12241,-0.402944
12242,1.118972
12243,-0.062649
12244,-1.167670
12245,0.562241
12246,-0.416861
12247,0.499783
12248,0.823638
12249,0.220808
12250,1.228079
12251,1.212925
12252,0.377047
12253,-1.040366
12254,0.250300
12255,-0.198475
12256,0.052205
12257,0.017196
12258,0.324376
12259,0.126700
12260,-0.992504
12261,1.189661
12262,-1.144425
12263,-0.699527
12264,-1.257528
12265,1.874603
12266,1.026936
12267,-0.058971
12268,-2.039507
12269,-2.051813
12270,0.706204
12271,-2.554689
12272,1.022889
12273,-1.204820
12274,-0.447987
12275,0.326080
12276,-1.321277
12277,1.631971
12278,0.893800
12279,-0.741964
12280,-0.536295
12281,-2.565546
12282,0.446850
12283,-0.286422
12284,0.058234
12285,0.118906
12286,0.711318
12287,2.110193
12288,0.355998
12289,1.399849
12290,0.975141
12291,-0.082986
12292,-0.906486
12293,0.956252
12294,0.763674
12295,1.026718
12296,0.744583
12297,-0.178200
12298,0.105201
12299,-1.467815
12300,-0.110020
12301,-0.187347
12302,0.065817
12303,0.723366
12304,46.129319
12305,55.882107
12306,55.360736
12307,56.009566
12308,58.551850
12309,56.780546
12310,57.702497
12311,55.663881
12312,55.353104
12313,56.116398
12314,58.213507
12315,54.859267
12316,54.631030
12317,57.382996
12318,50.191827
12319,53.934590
12320,55.576463
12321,56.273280
12322,58.059977
12323,57.872992
12324,58.319998
12325,59.344875
12326,58.473884
12327,57.759272
12328,55.060809
12329,55.465204
12330,60.679461
12331,61.826363
12332,60.999092
12333,56.078946
12334,59.998780
12335,57.561949
12336,58.757955
12337,56.861950
12338,55.392492
12339,54.493640
12340,53.508635
12341,53.895333
12342,54.211895
12343,55.259508
12344,59.040584
12345,58.781911
12346,61.602997
12347,60.688502
12348,58.080110
12349,56.739187
12350,56.742324
12351,58.160521
12352,55.750223
12353,56.921788
12354,58.651451
12355,58.350876
12356,58.482074
12357,58.154289
12358,52.293847
12359,53.337038
12360,57.319053
12361,56.034534
12362,57.906803
12363,57.521738
12364,56.938842
12365,56.186498
12366,56.399759
12367,55.722969
12368,56.040202
12369,57.193395
12370,58.308702
12371,57.874179
12372,58.229175
12373,54.416945
12374,58.374758
12375,55.194509
12376,51.626731
12377,55.505475
12378,54.312614
12379,56.245224
12380,60.667537
12381,56.937235
12382,59.281975
12383,61.016408
12384,57.274848
12385,57.908284
12386,58.539221
12387,57.407774
12388,58.383873
12389,56.376193
12390,57.544822
12391,56.701299
12392,56.213833
12393,60.276363
12394,58.967069
12395,58.827638
12396,57.316945
12397,54.543909
12398,56.451395
12399,55.388971
12400,53.958885
12401,55.920801
12402,60.910590
12403,56.227605
12404,58.502344
12405,59.839723
12406,55.873232
12407,59.536918
12408,55.922596
12409,60.046363
12410,58.244818
12411,57.315941
12412,60.223151
12413,57.090405
12414,59.225762
12415,54.582420
12416,55.457401
12417,54.750973
12418,57.051423
12419,57.358264
12420,56.649632
12421,58.641463
12422,55.596352
12423,59.788737
12424,59.796645
12425,58.609930
12426,59.003471
12427,58.908370
12428,57.238629
12429,58.738517
12430,55.302574
12431,57.908438
12432,56.206466
12433,57.968255
12434,59.736333
12435,60.238504
12436,62.717549
12437,59.914286
12438,58.073541
12439,58.182011
12440,61.022985
12441,59.113078
12442,58.636605
12443,61.685291
12444,58.407869
12445,55.933583
12446,58.664849
12447,59.617486
12448,57.713373
12449,57.565069
12450,55.881640
12451,57.418592
12452,56.728234
12453,59.663564
12454,60.850066
12455,56.569603
12456,57.611406
12457,56.115194
12458,57.993944
12459,59.130102
12460,57.018187
12461,55.890164
12462,58.692151
12463,58.902245
12464,56.830682
12465,57.265404
12466,55.489157
12467,58.083007
12468,54.337900
12469,57.618334
12470,55.267860
12471,53.015585
12472,53.836929
12473,56.966972
12474,54.404675
12475,56.314655
12476,54.599230
12477,59.576790
12478,55.815828
12479,54.318533
12480,56.690808
12481,54.839187
12482,55.884599
12483,53.960324
12484,52.925228
12485,56.202490
12486,59.134043
12487,56.187034
12488,54.286948
12489,57.295801
12490,61.631433
12491,57.168802
12492,59.199538
12493,58.619854
12494,55.389132
12495,56.041016
12496,58.167187
12497,56.808316
12498,57.156336
12499,57.093202
12500,53.010983
12501,59.841709
12502,55.743917
12503,57.910303
12504,56.950382
12505,55.420298
12506,59.530735
12507,58.013018
12508,57.731468
12509,61.555389
12510,57.247290
12511,57.864791
12512,60.080376
12513,57.970140
12514,58.585793
12515,55.341315
12516,56.719744
12517,58.832383
12518,55.466482
12519,57.589240
12520,56.584611
12521,56.403276
12522,54.359172
12523,55.049403
12524,56.763411
12525,59.367984
12526,60.718342
12527,57.873441
12528,58.173991
12529,57.227780
12530,58.089754
12531,58.512384
12532,58.412986
12533,58.214883
12534,56.964857
12535,58.545801
12536,59.485547
12537,59.934352
12538,59.416257
12539,57.704283
12540,54.819301
12541,58.031824
12542,60.845614
12543,59.199110
12544,56.476638
12545,55.417400
12546,55.864498
12547,58.939128
12548,56.537014
12549,58.261736
12550,52.961959
12551,56.268837
12552,58.039910
12553,59.223386
12554,57.357842
12555,55.197698
12556,57.915838
12557,59.006321
12558,54.175606
12559,54.507280
12560,57.495898
12561,54.277795
12562,54.958830
12563,58.311314
12564,56.184182
12565,60.046064
12566,57.027902
12567,57.746351
12568,56.893719
12569,56.824107
12570,58.454394
12571,58.772179
12572,57.193636
12573,58.424263
12574,60.699304
12575,60.840940
12576,59.144724
12577,58.676278
12578,55.344833
12579,59.084614
12580,61.094526
12581,59.180291
12582,57.259274
12583,58.090126
12584,54.779538
12585,57.288832
12586,58.812359
12587,56.814124
12588,58.168648
12589,56.621850
12590,58.206251
12591,56.818962
12592,58.950882
12593,57.124289
12594,56.801098
12595,56.766513
12596,56.892216
12597,55.773410
12598,59.128878
12599,59.415351
12600,61.312451
12601,57.725814
12602,57.385726
12603,59.614575
12604,56.652655
12605,54.070173
12606,53.740977
12607,55.678514
12608,57.106897
12609,59.919893
12610,59.217609
12611,57.971792
12612,57.346621
12613,60.129309
12614,60.597826
12615,57.988019
12616,54.605140
12617,53.368438
12618,52.265508
12619,55.614346
12620,55.702109
12621,58.093693
12622,58.392322
12623,60.159422
12624,62.051029
12625,61.397083
12626,59.720925
12627,58.992171
12628,58.215732
12629,56.158019
12630,59.771879
12631,55.687874
12632,58.127381
12633,58.714472
12634,58.858191
12635,60.213419
12636,58.961479
12637,58.161898
12638,58.483279
12639,56.736189
12640,54.801688
12641,57.572469
12642,53.090229
12643,57.470397
12644,59.102269
12645,58.280936
12646,56.003417
12647,58.338953
12648,54.006805
12649,54.032219
12650,53.973769
12651,54.490937
12652,56.287851
12653,57.364208
12654,56.041039
12655,57.046569
12656,53.570824
12657,58.405669
12658,54.761354
12659,56.587677
12660,57.452181
12661,59.131371
12662,57.420712
12663,56.390629
12664,54.328992
12665,58.380132
12666,57.588368
12667,56.897433
12668,57.557575
12669,58.826071
12670,61.531895
12671,60.504777
12672,57.565587
12673,53.304375
12674,57.886812
12675,59.654716
12676,57.497462
12677,57.769442
12678,57.828761
12679,56.982652
12680,55.743353
12681,57.061494
12682,58.511622
12683,58.788593
12684,55.907800
12685,58.761953
12686,56.970632
12687,61.373437
12688,56.565096
12689,57.552406
12690,57.517585
12691,56.711759
12692,51.838912
12693,53.565069
12694,55.863018
12695,56.816213
12696,56.222935
12697,57.554654
12698,59.574258
12699,58.737567
12700,58.535119
12701,60.681564
12702,58.706609
12703,57.640678
12704,56.828851
12705,59.964332
12706,55.038395
12707,56.711706
12708,53.990816
12709,56.942154
12710,56.085072
12711,53.238878
12712,58.114135
12713,55.996667
12714,57.189509
12715,60.863522
12716,56.879391
12717,59.421552
12718,61.289095
12719,58.988367
12720,56.450795
12721,56.032295
12722,57.036086
12723,58.711552
12724,56.984462
12725,60.146054
12726,52.941525
12727,55.799616
12728,53.627080
12729,56.953946
12730,58.061446
12731,53.655819
12732,57.785361
12733,58.967863
12734,56.084963
12735,55.129452
12736,56.238656
12737,58.299900
12738,60.327707
12739,57.489942
12740,57.293439
12741,56.532544
12742,58.963874
12743,57.602124
12744,58.678290
12745,57.205414
12746,57.054654
12747,58.027698
12748,57.273099
12749,56.748776
12750,59.068418
12751,57.035789
12752,56.269868
12753,56.785287
12754,58.841133
12755,60.371910
12756,60.930465
12757,59.565070
12758,54.976908
12759,59.868717
12760,61.209647
12761,57.280515
12762,53.576626
12763,55.573667
12764,59.710948
12765,56.089518
12766,57.450330
12767,57.580306
12768,54.721420
12769,55.880854
12770,57.947614
12771,56.032271
12772,57.467505
12773,60.545292
12774,59.492851
12775,55.598699
12776,58.582206
12777,57.555229
12778,60.359377
12779,54.291314
12780,55.560875
12781,52.457985
12782,54.517552
12783,55.575458
12784,58.378458
12785,59.095109
12786,58.756963
12787,59.762542
12788,59.822172
12789,58.089362
12790,62.061286
12791,59.135734
12792,58.178958
12793,54.387907
12794,55.640783
12795,56.468392
12796,58.410479
12797,56.576334
12798,56.827287
12799,12.944872
12800,3.742575
12801,0.661742
12802,0.908859
12803,0.703276
12804,0.429983
12805,1.795409
12806,-0.716492
12807,-0.887475
12808,-1.027434
12809,0.269093
12810,0.128813
12811,0.428908
12812,0.604379
12813,0.245491
12814,-0.806363
12815,-0.298722
12816,-1.842611
12817,-0.846705
12818,-0.625824
12819,1.186479
12820,0.705915
12821,0.619374
12822,-0.409520
12823,0.943610
12824,0.129263
12825,0.802349
12826,-0.780899
12827,-1.421790
12828,-1.663500
12829,-0.670063
12830,-1.348555
12831,-1.805521
12832,-0.417769
12833,-0.579416
12834,-1.451802
12835,-0.824660
12836,-1.205500
12837,-1.617286
12838,1.193736
12839,1.285895
12840,1.441162
12841,-1.265189
12842,-1.709522
12843,-0.971943
12844,0.485092
12845,3.513589
12846,1.515972
12847,1.431707
12848,-0.827931
12849,0.400170
12850,0.079565
12851,-0.061386
12852,1.083892
12853,1.349190
12854,0.766203
12855,0.144738
12856,0.614866
12857,0.424844
12858,0.676192
12859,-0.858294
12860,0.046424
12861,1.500235
12862,-0.305602
12863,-1.254436
12864,1.300865
12865,-0.934088
12866,0.118646
12867,-1.354821
12868,-0.849396
12869,-0.806531
12870,-0.563983
12871,-0.721932
12872,0.198786
12873,0.900886
12874,-1.787669
12875,-0.659158
12876,-0.096073
12877,-1.075776
12878,-0.542315
12879,0.490809
12880,-0.689553
12881,-0.627157
12882,-0.048310
12883,0.746785
12884,-0.515174
12885,1.948102
12886,1.971171
12887,0.778177
12888,0.408084
12889,0.482648
12890,-0.609485
12891,-1.521643
12892,-0.051184
12893,1.355840
12894,0.021447
12895,0.402866
12896,-0.753777
12897,-0.326454
12898,0.323233
12899,0.002058
12900,-1.267551
12901,-0.055176
12902,-1.139461
12903,-1.127107
12904,-1.583713
12905,0.764927
12906,-0.315630
12907,-0.934568
12908,-0.447629
12909,0.926268
12910,1.248777
12911,-0.359138
12912,0.781997
12913,0.636378
12914,0.298057
12915,0.293299
12916,0.803759
12917,0.015567
12918,0.885073
12919,-0.484123
12920,-1.926177
12921,0.695389
12922,-0.207635
12923,-1.907765
12924,1.380432
12925,2.119369
12926,-0.815813
12927,-0.984865
12928,-0.810945
12929,-2.441745
12930,-1.710570
12931,-0.084949
12932,0.756700
12933,1.636961
12934,2.907405
12935,1.327142
12936,-1.153456
12937,-0.377702
12938,-1.648879
12939,-1.805546
12940,0.338666
12941,0.231246
12942,-0.738030
12943,0.311195
12944,-0.594537
12945,-1.259571
12946,-0.451422
12947,-0.865241
12948,0.303613
12949,-1.232349
12950,-0.709059
12951,-0.912459
12952,0.227895
12953,0.561069
12954,0.309865
12955,-1.613366
12956,-1.367150
12957,-2.140820
12958,0.292179
12959,1.104638
12960,0.936394
12961,0.248590
12962,-0.875458
12963,-0.326513
12964,-0.388470
12965,-0.711247
12966,-1.426671
12967,0.623151
12968,0.092452
12969,-0.044372
12970,0.009506
12971,1.567122
12972,0.507026
12973,0.513443
12974,-1.162657
12975,0.282173
12976,-0.930444
12977,1.529922
12978,0.722655
12979,-0.506239
12980,0.674232
12981,-0.046776
12982,-0.734004
12983,-0.718369
12984,-1.712189
12985,-2.830515
12986,-2.170510
12987,-1.596586
12988,-0.960654
12989,-1.413583
12990,-0.192194
12991,-0.298255
12992,-1.144003
12993,1.228116
12994,1.155140
12995,-0.222486
12996,-0.752258
12997,-1.040012
12998,-2.002207
12999,-1.246803
13000,-0.991184
13001,0.224375
13002,-0.864284
13003,-0.221211
13004,-0.078280
13005,-1.364938
13006,0.042810
13007,0.420549
13008,-0.020636
13009,-0.269831
13010,-0.015125
13011,-0.375755
13012,1.840858
13013,0.196949
13014,-0.669316
13015,-1.633966
13016,0.300813
13017,-0.430087
13018,1.755057
13019,0.493046
13020,0.966151
13021,-0.309264
13022,-0.898234
13023,1.242194
13024,0.525113
13025,0.221729
13026,0.242389
13027,0.644074
13028,-1.544613
13029,-0.823804
13030,-1.091486
13031,1.493215
13032,-0.365651
13033,0.325191
13034,0.857900
13035,0.584324
13036,0.115709
13037,0.462568
13038,0.070573
13039,0.254517
13040,0.256234
13041,-0.305077
13042,-0.321952
13043,-0.064322
13044,-0.701904
13045,0.195746
13046,0.560001
13047,0.263382
13048,-0.757401
13049,0.681175
13050,-0.536409
13051,-1.088883
13052,-0.277501
13053,0.024184
13054,-0.441667
13055,-1.766608
13056,0.770899
13057,0.034399
13058,1.760847
13059,1.180607
13060,-0.865457
13061,-0.154664
13062,-0.151941
13063,0.845186
13064,0.132090
13065,0.136473
13066,-0.083437
13067,-0.054538
13068,-0.324472
13069,0.090497
13070,0.448300
13071,0.023506
13072,1.007696
13073,2.294280
13074,0.049164
13075,-1.354317
13076,0.276439
13077,0.257943
13078,-0.221864
13079,0.244963
13080,-0.400665
13081,1.006322
13082,-0.047023
13083,0.214959
13084,-0.712796
13085,-0.079390
13086,0.382168
13087,0.859375
13088,0.125928
13089,1.425193
13090,-0.306879
13091,-0.483246
13092,0.350035
13093,0.761545
13094,-1.288598
13095,-0.752860
13096,-1.238570
13097,-1.210711
13098,1.011532
13099,-0.322283
13100,-1.439205
13101,0.009284
13102,0.674106
13103,-0.132421
13104,0.468509
13105,-1.230349
13106,0.629100
13107,1.046644
13108,-0.904121
13109,-2.082509
13110,0.387704
13111,0.357958
13112,0.255780
13113,1.078385
13114,-1.185889
13115,-0.865933
13116,-1.857165
13117,-2.358983
13118,0.642621
13119,-1.237041
13120,-0.007321
13121,1.762707
13122,-0.347415
13123,0.290703
13124,1.463307
13125,-0.236267
13126,0.302607
13127,-0.178294
13128,0.530828
13129,-1.381657
13130,0.328107
13131,-1.083662
13132,-0.944825
13133,0.115725
13134,0.307400
13135,-1.336802
13136,-0.461250
13137,0.429638
13138,1.885696
13139,1.212179
13140,-0.057174
13141,0.939013
13142,-0.912130
13143,-1.552827
13144,-0.061363
13145,-0.150693
13146,-0.912832
13147,-0.957379
13148,1.149826
13149,-0.676948
13150,-0.339743
13151,0.716622
13152,0.149144
13153,-0.645298
13154,-0.325917
13155,-0.522531
13156,-1.034840
13157,-1.178213
13158,-1.946105
13159,-1.525755
13160,1.283622
13161,-0.026686
13162,0.212482
13163,0.925628
13164,-1.025864
13165,-0.313051
13166,0.568762
13167,-0.639162
13168,1.796606
13169,1.679824
13170,0.253337
13171,-0.673502
13172,0.378703
13173,0.740388
13174,0.020350
13175,-0.538467
13176,-0.966701
13177,0.412641
13178,3.438355
13179,-1.303654
13180,-0.101759
13181,0.684816
13182,0.545649
13183,0.426861
13184,-0.896673
13185,0.660332
13186,-1.014959
13187,-0.062889
13188,1.551425
13189,0.162315
13190,0.039920
13191,-0.919696
13192,-0.363964
13193,0.984465
13194,2.660642
13195,-0.712575
13196,-0.493456
13197,-0.659804
13198,-1.658531
13199,-1.075071
13200,1.177268
13201,0.047876
13202,1.347546
13203,-2.674118
13204,-0.337810
13205,0.470055
13206,-0.193224
13207,-1.671056
13208,-1.787032
13209,0.120472
13210,0.040275
13211,0.241856
13212,-0.461302
13213,-2.177968
13214,-0.180505
13215,0.724351
13216,0.069354
13217,-0.366693
13218,0.440560
13219,-0.085850
13220,0.357600
13221,1.002719
13222,0.930731
13223,0.386600
13224,-0.450357
13225,-1.179869
13226,0.372069
13227,0.578913
13228,1.440511
13229,0.290651
13230,-0.395431
13231,0.582749
13232,-1.098030
13233,-0.158632
13234,-0.153142
13235,0.296501
13236,-1.513786
13237,-1.978678
13238,1.027603
13239,-1.187284
13240,-0.195413
13241,-0.732914
13242,0.823650
13243,-0.713962
13244,1.059712
13245,1.225876
13246,1.078986
13247,-0.459241
13248,1.087654
13249,0.066614
13250,0.424353
13251,1.200233
13252,0.994131
13253,-0.511024
13254,0.184057
13255,0.763062
13256,-0.227823
13257,-0.610955
13258,0.511571
13259,-1.125727
13260,0.033336
13261,3.018051
13262,0.320915
13263,-0.798443
13264,1.195593
13265,0.503738
13266,-0.967479
13267,-0.800494
13268,1.327710
13269,-0.176447
13270,-2.108379
13271,0.463245
13272,0.063350
13273,-0.212150
13274,-0.781967
13275,1.052310
13276,-0.111612
13277,-0.134150
13278,-1.585890
13279,0.231080
13280,-0.844431
13281,-0.266301
13282,-0.346010
13283,-0.520281
13284,0.399838
13285,-0.217235
13286,-0.832708
13287,-1.817553
13288,-2.584126
13289,-1.104807
13290,-1.344294
13291,0.769692
13292,0.105665
13293,0.020196
13294,-2.591644
13295,-1.778672
13296,-1.283064
13297,-0.714807
13298,1.544300
13299,1.803389
13300,0.201481
13301,-0.604347
13302,1.104730
13303,1.885154
13304,1.462084
13305,1.140394
13306,0.912717
13307,0.444654
13308,1.430187
13309,1.429204
13310,-0.505671
13311,-0.848331
13312,0.323709
13313,-0.364988
13314,-1.411219
13315,-1.126570
13316,-0.708113
13317,-1.008192
13318,2.651803
13319,0.850745
13320,1.634215
13321,-0.151958
13322,-1.002214
13323,0.190130
13324,2.696078
13325,0.783064
13326,-0.288424
13327,1.750075
13328,0.425062
13329,0.832940
13330,-1.210617
13331,0.198548
13332,0.828596
13333,0.066041
13334,0.264110
13335,-0.550592
13336,-1.007062
13337,-0.140807
13338,0.431912
13339,-0.570466
13340,0.269643
13341,0.130743
13342,-0.384789
13343,-0.317601
13344,-0.220899
13345,-1.205868
13346,-1.211712
13347,-0.157432
13348,1.333132
13349,0.617687
13350,1.009137
13351,0.280035
13352,-0.075211
13353,-0.267970
13354,1.292039
13355,-1.058924
13356,-0.133662
13357,-0.647419
13358,-0.436205
13359,1.073688
13360,-0.424034
13361,0.823099
13362,-0.312294
13363,1.926896
13364,-0.286881
13365,-0.362886
13366,-0.535174
13367,-1.322175
13368,-0.952095
13369,-0.000606
13370,-0.128984
13371,0.351134
13372,-1.790624
13373,-2.587526
13374,-1.718033
13375,0.156361
13376,1.961846
13377,-0.684993
13378,-0.852099
13379,-2.245999
13380,-0.550660
13381,-0.203400
13382,-0.132243
13383,0.976599
13384,-0.645023
13385,-1.798879
13386,-1.083973
13387,-3.625177
13388,-0.704871
13389,0.158356
13390,0.226463
13391,0.405810
13392,-0.747955
13393,-0.953857
13394,-0.408684
13395,2.027425
13396,0.836181
13397,-0.203004
13398,-0.579855
13399,-0.557510
13400,0.569907
13401,1.588078
13402,0.355448
13403,0.442015
13404,0.883232
13405,-0.380236
13406,0.326770
13407,0.022443
13408,0.619855
13409,-0.030418
13410,1.234416
13411,0.585224
13412,1.275123
13413,-0.167050
13414,-0.142945
13415,-1.941973
13416,-0.484190
13417,-0.681856
13418,1.086283
13419,0.167243
13420,1.822312
13421,2.708811
13422,1.666553
13423,0.325711
13424,-0.173418
13425,1.549874
13426,0.346618
13427,-0.782497
13428,1.335094
13429,-0.582461
13430,-0.772605
13431,-0.628396
13432,0.672601
13433,-0.651797
13434,0.046221
13435,0.855207
13436,-1.252896
13437,-0.279466
13438,1.179809
13439,0.139866
13440,1.099407
13441,0.471452
13442,-0.437352
13443,0.391767
13444,-0.132120
13445,-0.127361
13446,0.049744
13447,0.819472
13448,1.106915
13449,-1.415279
13450,0.861098
13451,1.268909
13452,1.045755
13453,0.102218
13454,2.486674
13455,0.904337
13456,-0.380160
13457,0.171799
13458,0.277449
13459,-1.276141
13460,-0.238042
13461,-1.109759
13462,-0.016700
13463,-1.469742
13464,-1.013983
13465,0.313016
13466,1.565375
13467,1.347227
13468,0.304164
13469,-1.755328
13470,-0.408592
13471,-2.271715
13472,-3.093691
13473,-0.682498
13474,0.769409
13475,-1.101556
13476,0.555071
13477,-0.476718
13478,-1.211302
13479,-0.465392
13480,-1.513418
13481,2.214179
13482,0.336457
13483,0.803787
13484,0.701806
13485,-0.869303
13486,1.124062
13487,-1.590887
13488,-0.805191
13489,-0.930594
13490,-0.147317
13491,-1.096631
13492,1.906237
13493,0.440239
13494,0.683407
13495,0.407730
13496,0.279064
13497,1.227606
13498,0.031109
13499,-0.762429
13500,-0.597646
13501,0.072667
13502,0.299408
13503,2.298150
13504,-0.613793
13505,-1.996162
13506,0.519544
13507,-0.056978
13508,1.119423
13509,0.632638
13510,-2.199530
13511,-0.787241
13512,1.067522
13513,1.148303
13514,0.311427
13515,1.200776
13516,0.603754
13517,-1.040195
13518,-0.509433
13519,0.448585
13520,-1.302379
13521,1.434201
13522,0.907303
13523,0.212100
13524,0.826800
13525,1.533480
13526,-0.638102
13527,0.439481
13528,-0.872256
13529,0.117093
13530,0.356800
13531,-1.498523
13532,-1.334926
13533,-1.189942
13534,-0.247918
13535,2.795272
13536,1.913296
13537,0.234257
13538,-0.062156
13539,-0.389160
13540,-1.187024
13541,-1.259094
13542,0.234293
13543,0.147552
13544,-0.479365
13545,-0.708287
13546,0.998432
13547,-1.083375
13548,0.537441
13549,0.589383
13550,-0.047591
13551,0.485409
13552,-0.533623
13553,-1.703042
13554,-0.682509
13555,-2.589779
13556,0.927539
13557,1.087631
13558,0.283239
13559,-0.260686
13560,-0.688657
13561,-1.574036
13562,-0.700330
13563,-1.308540
13564,1.322901
13565,-0.268415
13566,-2.097194
13567,0.444741
13568,-0.520465
13569,-0.351692
13570,0.042340
13571,1.427644
13572,-0.236458
13573,-0.292534
13574,0.564106
13575,-0.054871
13576,-1.771075
13577,0.970829
13578,0.234631
13579,0.645289
13580,-0.483108
13581,-1.283515
13582,-0.540730
13583,0.533438
13584,-0.121534
13585,-1.060553
13586,-0.292650
13587,1.553494
13588,0.290592
13589,-0.043649
13590,1.078273
13591,1.095077
13592,3.279405
13593,1.893466
13594,1.160032
13595,0.710293
13596,0.681569
13597,0.752242
13598,0.478544
13599,-1.685903
13600,-0.459080
13601,0.335537
13602,0.148896
13603,0.104547
13604,-0.171005
13605,0.241558
13606,1.515713
13607,1.871742
13608,0.495758
13609,-1.383718
13610,1.061711
13611,1.889249
13612,-1.019767
13613,-0.329236
13614,0.132362
13615,-1.880049
13616,-0.306197
13617,-0.175536
13618,0.160353
13619,-2.846965
13620,-0.785364
13621,0.002423
13622,0.260658
13623,-0.065339
13624,-2.666851
13625,-2.025127
13626,0.179624
13627,-0.534843
13628,-2.665971
13629,0.147524
13630,-0.665933
13631,1.007967
13632,1.030407
13633,-0.945301
13634,0.472787
13635,1.672545
13636,0.153861
13637,-0.865217
13638,-0.556904
13639,-0.673717
13640,-0.060758
13641,0.036443
13642,-0.281339
13643,-1.600719
13644,-0.785299
13645,-2.145215
13646,0.105142
13647,-0.309785
13648,-0.576726
13649,0.264041
13650,1.008227
13651,0.615294
13652,2.101176
13653,0.759049
13654,1.649341
13655,0.146126
13656,0.075055
13657,-1.283798
13658,0.611983
13659,-3.198351
13660,-0.580470
13661,-0.379637
13662,-1.252001
13663,0.732870
13664,-1.408315
13665,-1.653923
13666,-1.052263
13667,-1.101295
13668,0.292127
13669,0.066623
13670,1.771976
13671,0.870627
13672,0.139226
13673,-1.123025
13674,-0.066462
13675,0.693423
13676,-0.256244
13677,1.306337
13678,0.807756
13679,-1.353853
13680,-0.811324
13681,-0.421280
13682,0.858530
13683,0.553157
13684,0.977171
13685,0.230522
13686,0.345681
13687,-1.049966
13688,-1.019629
13689,-0.672049
13690,-0.771775
13691,-0.917170
13692,-1.066940
13693,-0.254373
13694,0.488655
13695,-0.276367
13696,1.285707
13697,0.283210
13698,-1.723117
13699,0.253637
13700,0.718085
13701,-0.488888
13702,0.433095
13703,-1.100678
13704,0.788510
13705,-0.513676
13706,-0.211269
13707,-0.098086
13708,0.944038
13709,0.804272
13710,-0.520263
13711,-0.119469
13712,1.807295
13713,-0.461026
13714,-0.100886
13715,0.420341
13716,0.137284
13717,0.365600
13718,0.418712
13719,0.411887
13720,0.249203
13721,-1.407234
13722,-0.713601
13723,0.223178
13724,0.632181
13725,-0.116225
13726,0.357579
13727,-0.427637
13728,1.331830
13729,0.571124
13730,0.119136
13731,1.557857
13732,0.564580
13733,0.981523
13734,0.144416
13735,0.993575
13736,0.897513
13737,0.401959
13738,1.015195
13739,0.214394
13740,0.857359
13741,0.569952
13742,-0.244447
13743,1.143465
13744,1.081507
13745,-0.641028
13746,-0.681485
13747,-0.840316
13748,-1.182372
13749,0.241342
13750,-1.488401
13751,0.216782
13752,0.236930
13753,-0.163836
13754,-1.217565
13755,-1.054602
13756,-0.043734
13757,-0.099992
13758,0.207160
13759,-1.821749
13760,-0.117243
13761,-0.308782
13762,0.957788
13763,0.073865
13764,0.818950
13765,0.139246
13766,-0.548658
13767,0.088948
13768,0.528064
13769,-0.985701
13770,-0.982886
13771,0.169630
13772,1.210980
13773,0.129205
13774,0.490064
13775,-1.710281
13776,-0.545147
13777,0.878453
13778,1.106715
13779,1.551324
13780,0.732364
13781,-1.094255
13782,-0.492825
13783,-0.141676
13784,-3.283464
13785,-2.738311
13786,0.612923
13787,-1.078139
13788,-1.149721
13789,-0.281234
13790,0.017702
13791,0.702409
13792,1.410153
13793,0.654208
13794,0.621770
13795,0.471656
13796,0.631358
13797,0.517185
13798,-0.115139
13799,0.293112
13800,-0.241660
13801,0.190173
13802,-1.294901
13803,0.187300
13804,-0.771614
13805,0.429874
13806,0.267436
13807,0.818078
13808,0.281288
13809,-2.711713
13810,-1.843301
13811,-2.674772
13812,-0.534769
13813,0.320829
13814,-0.101487
13815,-0.992905
13816,0.705455
13817,-1.098308
13818,-0.283123
13819,1.221033
13820,0.353572
13821,-1.581125
13822,-2.603318
13823,0.059872
13824,-0.500060
13825,0.309242
13826,-0.570931
13827,-0.534602
13828,-0.225936
13829,0.738790
13830,1.447856
13831,0.469997
13832,-0.643999
13833,-0.573996
13834,0.453341
13835,0.134954
13836,-1.131058
13837,1.850001
13838,-0.621459
13839,-0.569411
13840,0.516303
13841,0.988010
13842,0.911602
13843,-0.918324
13844,-1.649481
13845,-0.039207
13846,-1.054184
13847,-0.751519
13848,-1.632648
13849,0.501260
13850,-0.372962
13851,0.931601
13852,-0.402052
13853,1.995142
13854,2.282923
13855,-0.259966
13856,-0.179682
13857,-0.299712
13858,-0.389379
13859,0.377111
13860,-0.583880
13861,-2.424725
13862,1.452153
13863,2.679484
13864,-0.126492
13865,0.874792
13866,0.592904
13867,-1.170184
13868,0.778278
13869,0.559824
13870,1.061401
13871,-0.023121
13872,-0.950403
13873,0.057047
13874,-0.094091
13875,0.172776
13876,-0.392596
13877,-1.880487
13878,-1.026415
13879,-0.109325
13880,0.405166
13881,2.767534
13882,0.815840
13883,0.101137
13884,-1.582890
13885,-1.249650
13886,-0.207481
13887,1.208230
13888,-0.189564
13889,0.162928
13890,1.006845
13891,1.308783
13892,1.530359
13893,-1.075413
13894,0.338110
13895,0.056581
13896,1.887675
13897,0.005151
13898,2.177644
13899,0.176529
13900,-0.773351
13901,0.037714
13902,-0.153717
13903,1.053689
13904,1.020340
13905,-2.591091
13906,-1.485605
13907,0.583381
13908,-0.784476
13909,-0.062780
13910,1.512204
13911,0.379756
13912,-1.035805
13913,-0.142756
13914,-0.107058
13915,0.368697
13916,-0.326380
13917,0.656115
13918,-0.238879
13919,-0.417214
13920,0.064977
13921,-0.566767
13922,-1.358626
13923,1.021900
13924,-0.306228
13925,0.632666
13926,-0.594827
13927,0.217133
13928,0.890934
13929,0.930533
13930,2.182315
13931,-0.375181
13932,0.033245
13933,0.634967
13934,1.197756
13935,0.313312
13936,1.223317
13937,0.052324
13938,-0.369374
13939,-0.841178
13940,0.294746
13941,0.990612
13942,-0.232045
13943,0.959558
13944,1.333839
13945,-0.026982
13946,1.425319
13947,0.137364
13948,0.067531
13949,1.183175
13950,-0.368790
13951,-0.350764
13952,-2.162189
13953,-0.698587
13954,1.302376
13955,-0.910090
13956,-0.900373
13957,-0.485535
13958,-1.015166
13959,-0.596909
13960,-1.594044
13961,-1.923491
13962,1.785017
13963,1.803621
13964,1.899466
13965,-0.474743
13966,1.175547
13967,0.190309
13968,-1.569526
13969,-2.467153
13970,-0.107861
13971,-0.732341
13972,-0.598690
13973,1.086992
13974,1.670778
13975,-1.803574
13976,-1.698185
13977,1.837982
13978,-0.303550
13979,0.750406
13980,0.752031
13981,0.223837
13982,-0.926667
13983,-0.164899
13984,-2.170540
13985,-1.040860
13986,-1.453570
13987,0.206499
13988,1.862394
13989,0.073101
13990,0.541257
13991,0.794035
13992,1.398596
13993,-0.784200
13994,1.381173
13995,1.359374
13996,0.775503
13997,0.763632
13998,0.441701
13999,-1.734831
14000,-1.649274
14001,-1.352259
14002,0.785430
14003,0.445839
14004,0.849754
14005,0.991425
14006,-1.370171
14007,-0.311855
14008,-1.048208
14009,-0.093318
14010,-0.221063
14011,1.796605
14012,-0.649913
14013,-0.788034
14014,-0.981692
14015,-1.893710
14016,0.096728
14017,-0.398024
14018,0.168643
14019,-0.610465
14020,-0.864488
14021,-0.825070
14022,-0.383197
14023,-0.813305
14024,-0.363200
14025,-1.120445
14026,0.468296
14027,-1.942733
14028,-1.510158
14029,-1.974505
14030,0.753822
14031,1.150363
14032,0.243467
14033,0.404798
14034,-0.469367
14035,1.355836
14036,0.465752
14037,-0.773373
14038,0.371782
14039,0.030768
14040,0.572162
14041,0.119702
14042,0.360795
14043,-1.024714
14044,-0.224708
14045,1.388254
14046,-0.127400
14047,-1.196142
14048,-0.902482
14049,-0.862001
14050,-1.534208
14051,-2.158334
14052,0.339709
14053,0.330576
14054,-0.382031
14055,1.744737
14056,1.449748
14057,1.426105
14058,0.584243
14059,-1.771169
14060,0.331230
14061,0.095519
14062,-0.176193
14063,0.953813
14064,0.725925
14065,0.406895
14066,1.438559
14067,1.269858
14068,-0.163554
14069,-0.674957
14070,-0.566111
14071,0.890110
14072,1.133854
14073,1.260955
14074,-1.067210
14075,-0.862710
14076,-0.660258
14077,-1.909243
14078,-0.676240
14079,-0.163397
14080,-0.872945
14081,0.723452
14082,0.685892
14083,-0.706158
14084,-0.679319
14085,-0.593096
14086,0.015297
14087,1.295852
14088,2.498450
14089,1.027161
14090,0.827652
14091,1.158578
14092,1.036146
14093,1.309985
14094,-0.555207
14095,-0.257765
14096,0.463374
14097,1.890791
14098,-0.162025
14099,-0.798176
14100,-0.075023
14101,-1.780650
14102,-0.609260
14103,1.001738
14104,-0.877101
14105,0.262683
14106,0.348510
14107,-0.578249
14108,-0.121510
14109,-1.304086
14110,-0.189089
14111,-1.044800
14112,-0.996844
14113,-0.972737
14114,-1.504926
14115,0.153448
14116,-0.358604
14117,0.325769
14118,-1.132627
14119,-1.290351
14120,0.791483
14121,-1.012460
14122,-1.510726
14123,0.557960
14124,-0.940587
14125,0.464878
14126,0.398132
14127,0.261047
14128,-0.539834
14129,0.465170
14130,-0.531171
14131,0.021168
14132,0.134429
14133,-0.979670
14134,0.518518
14135,0.553292
14136,-0.335426
14137,0.286028
14138,-0.424195
14139,-1.730509
14140,0.254927
14141,1.538073
14142,-0.120668
14143,-0.404953
14144,0.746071
14145,-0.316279
14146,-0.653219
14147,0.301428
14148,-0.436080
14149,-0.651301
14150,0.314478
14151,1.168768
14152,1.372750
14153,0.431326
14154,1.298554
14155,0.222801
14156,-2.660874
14157,-0.347300
14158,0.205606
14159,-0.219990
14160,0.482881
14161,-1.591565
14162,-0.985239
14163,0.188405
14164,0.665436
14165,0.968742
14166,0.811658
14167,0.838528
14168,-0.440429
14169,-0.761185
14170,0.463192
14171,0.211276
14172,0.168381
14173,-0.232692
14174,0.169217
14175,-0.119007
14176,0.336157
14177,-1.314705
14178,-0.883695
14179,0.434462
14180,0.438650
14181,0.747346
14182,0.295834
14183,-0.222760
14184,0.746754
14185,-0.884519
14186,0.207391
14187,0.851653
14188,1.448765
14189,0.548104
14190,-1.217343
14191,-0.523246
14192,1.364986
14193,-0.685786
14194,-0.279899
14195,0.313555
14196,1.376874
14197,-0.268939
14198,-0.199446
14199,-1.201203
14200,-0.898156
14201,0.289084
14202,-0.760127
14203,-0.200246
14204,1.534016
14205,-1.110309
14206,-2.546838
14207,-0.466004
14208,-0.130452
14209,-0.030514
14210,1.653147
14211,0.126188
14212,-0.106804
14213,-0.848401
14214,-0.647694
14215,-0.305417
14216,-1.463442
14217,-2.060262
14218,-1.072467
14219,-0.300630
14220,1.060268
14221,-1.314174
14222,0.087384
14223,-0.087142
14224,-1.376239
14225,-0.666174
14226,1.276614
14227,1.253387
14228,2.149353
14229,0.603818
14230,1.373782
14231,-0.622312
14232,-1.226075
14233,-0.414666
14234,0.495228
14235,-0.187442
14236,0.038678
14237,0.348140
14238,-0.357612
14239,-1.077152
14240,0.498533
14241,0.797143
14242,1.417977
14243,-0.029444
14244,0.032255
14245,1.257129
14246,1.661267
14247,1.020459
14248,0.929009
14249,0.249887
14250,0.174961
14251,0.273377
14252,0.408190
14253,0.434847
14254,0.651514
14255,-0.018113
14256,0.913477
14257,1.649620
14258,-0.377545
14259,-0.674302
14260,1.047443
14261,-0.579844
14262,3.270211
14263,0.380511
14264,-0.308773
14265,-0.302778
14266,0.295753
14267,0.721833
14268,-0.424799
14269,-0.381292
14270,0.656710
14271,-2.950360
14272,-1.307771
14273,-0.372081
14274,-0.286279
14275,1.151823
14276,-0.757753
14277,-1.659280
14278,-0.138926
14279,1.076825
14280,-1.609490
14281,-1.630096
14282,0.192985
14283,0.053703
14284,-1.280442
14285,-0.505535
14286,-0.354728
14287,-1.658697
14288,-0.563963
14289,0.549104
14290,0.043364
14291,-0.521802
14292,0.692492
14293,2.427541
14294,2.361085
14295,2.292138
14296,0.993770
14297,0.625544
14298,1.089269
14299,-0.962620
14300,-0.545474
14301,0.991934
14302,0.151853
14303,-1.121407
14304,1.024056
14305,0.107934
14306,1.366026
14307,1.062504
14308,2.029544
14309,-0.149521
14310,-0.589848
14311,-0.356052
14312,0.322350
14313,-0.736524
14314,0.079571
14315,-1.283918
14316,-0.035062
14317,0.097346
14318,-0.537129
14319,0.900921
14320,0.573434
14321,-1.060034
14322,-1.356894
14323,-1.653323
14324,-1.798470
14325,0.878000
14326,-0.910640
14327,-0.830158
14328,-0.032395
14329,0.158369
14330,1.495619
14331,-4.019972
14332,-2.277751
14333,-1.654358
14334,-0.035769
14335,-0.739011
14336,-0.294084
14337,-1.308871
14338,0.147416
14339,-0.958331
14340,-0.433860
14341,-0.489128
14342,1.164601
14343,-0.263975
14344,1.131134
14345,2.295651
14346,0.593078
14347,-0.474362
14348,-1.005109
14349,-1.102217
14350,-0.356818
14351,0.008132
14352,0.239718
14353,0.794531
14354,-0.924919
14355,-0.092791
14356,-0.747050
14357,-0.610884
14358,-0.112555
14359,-0.110145
14360,-1.860782
14361,-1.327288
14362,0.142387
14363,-2.432870
14364,-1.781362
14365,-0.157328
14366,0.893841
14367,0.493062
14368,0.350104
14369,0.696403
14370,1.136717
14371,2.697988
14372,1.544228
14373,1.093559
14374,1.312492
14375,-0.006583
14376,1.322203
14377,0.355554
14378,0.047078
14379,0.177044
14380,-0.070229
14381,0.219126
14382,0.980307
14383,-0.775663
14384,1.014055
14385,1.190813
14386,0.599361
14387,1.282483
14388,0.799604
14389,-0.555185
14390,-0.374388
14391,-1.578189
14392,0.274610
14393,1.362871
14394,0.101720
14395,1.596709
14396,0.644627
14397,0.725210
14398,-2.050252
14399,-0.437504
14400,0.774430
14401,0.288002
14402,-1.263212
14403,-0.829236
14404,-1.876676
14405,-0.378592
14406,0.663644
14407,1.813144
14408,-0.666642
14409,-0.707332
14410,0.467007
14411,0.079788
14412,-0.343927
14413,-2.323470
14414,-2.110581
14415,-2.803597
14416,-1.199604
14417,-0.169394
14418,-0.382366
14419,-1.635636
14420,-2.565738
14421,0.652743
14422,-3.033453
14423,-1.091396
14424,0.051101
14425,1.025465
14426,0.086301
14427,-0.088306
14428,1.001143
14429,1.771134
14430,0.335440
14431,-0.828301
14432,-0.841399
14433,-0.885118
14434,-0.715094
14435,-0.589342
14436,1.653692
14437,-0.974968
14438,-1.189065
14439,-1.520450
14440,-2.031459
14441,-1.141354
14442,-1.402251
14443,0.392044
14444,1.091338
14445,1.743169
14446,1.110883
14447,-0.656127
14448,-0.022842
14449,-1.705003
14450,-1.190262
14451,-0.393532
14452,2.073993
14453,1.792010
14454,-1.084002
14455,1.338282
14456,2.091121
14457,1.270303
14458,1.421166
14459,-0.111208
14460,0.629388
14461,-0.231514
14462,2.303043
14463,-0.280147
14464,-0.796531
14465,0.345859
14466,0.716278
14467,-0.077039
14468,0.806757
14469,0.036678
14470,1.448091
14471,0.039319
14472,0.072374
14473,-0.530735
14474,-1.543624
14475,0.520496
14476,0.417298
14477,-1.605960
14478,-1.235377
14479,-1.976808
14480,0.132413
14481,-0.383613
14482,-0.821091
14483,0.563678
14484,-0.609537
14485,0.374769
14486,1.709732
14487,-0.100872
14488,-0.065403
14489,-1.059536
14490,0.711094
14491,-0.396221
14492,0.238964
14493,-0.403635
14494,0.417533
14495,0.858460
14496,0.612087
14497,0.091766
14498,0.477386
14499,1.636665
14500,0.464091
14501,-0.662666
14502,0.245809
14503,-0.451050
14504,-0.447869
14505,0.099823
14506,0.301989
14507,0.767496
14508,2.510451
14509,1.162711
14510,0.933935
14511,-0.626846
14512,-1.585374
14513,-0.403461
14514,1.123595
14515,-1.126851
14516,-1.776965
14517,-0.266889
14518,-0.439794
14519,3.730551
14520,0.612654
14521,-1.184242
14522,-0.116480
14523,0.313514
14524,-1.008952
14525,0.136682
14526,0.506889
14527,0.044745
14528,-0.099149
14529,-0.794459
14530,-0.043672
14531,-1.450159
14532,0.071350
14533,-1.654564
14534,0.612303
14535,-0.922697
14536,0.273383
14537,0.790870
14538,0.072232
14539,1.337465
14540,0.583217
14541,-1.100180
14542,-0.911677
14543,-1.200623
14544,-0.806550
14545,-0.547432
14546,0.616255
14547,0.139919
14548,-0.105143
14549,0.147309
14550,-0.394471
14551,-0.822961
14552,0.807803
14553,0.481359
14554,-0.849594
14555,-0.694979
14556,-1.116155
14557,-0.722497
14558,-0.651023
14559,-0.878088
14560,0.004076
14561,-0.708164
14562,-1.893531
14563,-1.622022
14564,0.468852
14565,-0.575277
14566,-0.788095
14567,0.045789
14568,-0.422213
14569,-1.027227
14570,-1.207996
14571,-0.306207
14572,-0.593506
14573,2.934086
14574,2.434568
14575,-0.154262
14576,-0.017562
14577,1.150227
14578,-0.481897
14579,-1.184749
14580,-0.033484
14581,1.259463
14582,2.256017
14583,0.525768
14584,-0.403981
14585,-1.297890
14586,-0.314315
14587,1.051429
14588,0.337607
14589,0.725453
14590,0.379973
14591,0.402770
14592,0.172766
14593,0.664856
14594,-0.559546
14595,-1.859557
14596,-0.850065
14597,-0.148065
14598,1.729007
14599,1.281797
14600,1.142399
14601,0.590707
14602,0.175510
14603,1.556811
14604,0.177717
14605,0.673246
14606,0.482375
14607,0.419279
14608,1.789656
14609,0.725286
14610,-1.515275
14611,-0.858852
14612,-0.106161
14613,0.572388
14614,0.486186
14615,-0.369150
14616,-0.707003
14617,0.536128
14618,1.354566
14619,0.912645
14620,-0.045445
14621,-1.614794
14622,0.585769
14623,1.334806
14624,0.727821
14625,1.430665
14626,0.652070
14627,0.241501
14628,-0.030486
14629,-0.249891
14630,-0.001187
14631,-0.133480
14632,1.149328
14633,0.203592
14634,1.390807
14635,1.365564
14636,0.848790
14637,1.487557
14638,0.309702
14639,-0.879996
14640,0.757041
14641,0.354078
14642,-0.396356
14643,-0.314465
14644,-0.218881
14645,0.583854
14646,-0.366261
14647,-0.357467
14648,0.117848
14649,-2.034066
14650,-1.743986
14651,0.449145
14652,0.059440
14653,-1.452009
14654,1.564232
14655,-0.516129
14656,-1.176475
14657,1.378564
14658,1.034723
14659,-0.185649
14660,0.571462
14661,1.411482
14662,0.309782
14663,0.183907
14664,0.478763
14665,0.555023
14666,-0.402274
14667,0.975840
14668,-0.283008
14669,-0.157645
14670,-1.373291
14671,-0.389153
14672,0.244249
14673,0.320546
14674,-1.232296
14675,-2.044044
14676,-0.127482
14677,-0.053416
14678,0.416272
14679,-0.708991
14680,-0.759027
14681,0.156954
14682,-0.660428
14683,-0.303857
14684,0.303596
14685,-0.830720
14686,-2.028461
14687,-0.788584
14688,-1.643183
14689,0.397383
14690,-1.619361
14691,-1.681655
14692,1.215652
14693,0.834468
14694,-1.713573
14695,1.236970
14696,-0.628505
14697,0.352957
14698,-0.351161
14699,0.029864
14700,0.818213
14701,0.311208
14702,0.369611
14703,2.473780
14704,1.609649
14705,0.789953
14706,0.802933
14707,-0.467966
14708,-0.449550
14709,1.351463
14710,-0.942900
14711,-0.905592
14712,-1.688455
14713,-0.748005
14714,0.027537
14715,0.811082
14716,1.775891
14717,0.597091
14718,-0.553278
14719,-1.071918
14720,0.776444
14721,1.837925
14722,0.366019
14723,0.547947
14724,-0.382591
14725,2.330156
14726,1.673092
14727,1.802881
14728,-0.741916
14729,0.742461
14730,-0.736541
14731,0.087167
14732,-0.624822
14733,0.021545
14734,0.843766
14735,-0.230111
14736,-0.372195
14737,-0.324629
14738,-0.063901
14739,0.655195
14740,1.062046
14741,-0.415861
14742,-0.861161
14743,-1.231550
14744,-0.852775
14745,1.046325
14746,1.678113
14747,-1.371237
14748,-0.167155
14749,0.551966
14750,-1.231453
14751,0.292176
14752,-0.211901
14753,1.099219
14754,-0.216102
14755,0.468368
14756,-1.595388
14757,-0.360593
14758,0.113459
14759,1.754958
14760,1.929168
14761,-0.886866
14762,1.551158
14763,0.583779
14764,0.043042
14765,-0.671983
14766,-0.751617
14767,1.083975
14768,0.497081
14769,-0.607102
14770,-2.684954
14771,-1.532734
14772,-0.690485
14773,-0.559304
14774,0.900608
14775,-1.055965
14776,1.996237
14777,0.800156
14778,-0.425087
14779,-0.047040
14780,-1.957245
14781,2.382966
14782,2.281757
14783,1.435743
14784,0.631527
14785,-0.276658
14786,0.469438
14787,-0.971142
14788,0.818606
14789,0.979944
14790,-1.345896
14791,0.674266
14792,-0.648425
14793,1.565353
14794,-0.830030
14795,-1.226644
14796,-0.481287
14797,-0.085954
14798,0.191390
14799,-1.646034
14800,1.425513
14801,0.523084
14802,0.485819
14803,0.493741
14804,0.284957
14805,-0.512470
14806,-0.110022
14807,-0.104601
14808,-1.235663
14809,-1.539390
14810,-0.941649
14811,1.317605
14812,1.449149
14813,0.155257
14814,0.477484
14815,0.089856
14816,-1.903164
14817,-0.812978
14818,-1.919569
14819,-0.806042
14820,-0.301713
14821,0.617917
14822,0.595934
14823,-0.494348
14824,0.824685
14825,-1.127590
14826,-0.614398
14827,-1.087904
14828,-0.767618
14829,-1.892165
14830,-2.845645
14831,-2.565291
14832,0.033233
14833,-1.476315
14834,-0.132199
14835,0.677381
14836,-0.843127
14837,-1.198772
14838,-0.034977
14839,0.851421
14840,0.563713
14841,0.056732
14842,-1.360814
14843,-0.886796
14844,0.156442
14845,2.287418
14846,1.072347
14847,2.520543
14848,1.323607
14849,0.700841
14850,0.716564
14851,0.274887
14852,0.314698
14853,0.512403
14854,1.927540
14855,-0.433025
14856,0.979535
14857,0.593330
14858,0.250018
14859,0.023736
14860,-1.153742
14861,-0.753616
14862,-1.579250
14863,0.917772
14864,2.065378
14865,2.222329
14866,1.406780
14867,1.479707
14868,1.658267
14869,-0.301817
14870,0.616600
14871,0.922392
14872,2.138037
14873,0.944882
14874,-0.558750
14875,0.687880
14876,1.175668
14877,1.711053
14878,2.120784
14879,-0.105002
14880,-0.380994
14881,1.265274
14882,-0.043018
14883,-0.043510
14884,0.488895
14885,0.160195
14886,-0.891440
14887,-1.007105
14888,-1.061900
14889,0.433719
14890,-0.639869
14891,-0.225580
14892,0.025426
14893,0.402742
14894,-0.665156
14895,-0.250222
14896,-1.385049
14897,0.378247
14898,-0.015014
14899,-0.712785
14900,-0.178456
14901,0.676234
14902,-0.868421
14903,0.172852
14904,-1.021001
14905,0.326604
14906,1.493881
14907,-1.283661
14908,0.410565
14909,0.668032
14910,0.212486
14911,1.604999
14912,1.565490
14913,-0.721359
14914,-0.598549
14915,0.247091
14916,1.112490
14917,-0.101297
14918,0.054438
14919,-1.029018
14920,0.014793
14921,-0.411404
14922,-0.805186
14923,-1.156935
14924,-1.062844
14925,-0.823104
14926,2.140024
14927,0.694143
14928,0.110634
14929,0.033432
14930,-0.385852
14931,-1.215238
14932,-1.765154
14933,-0.807287
14934,-1.922583
14935,-0.148310
14936,-0.665377
14937,0.219703
14938,1.136091
14939,0.284269
14940,-0.312395
14941,-0.238892
14942,-0.657104
14943,-0.191179
14944,-0.207355
14945,-0.276138
14946,-0.902901
14947,-0.152496
14948,-1.759199
14949,-0.933323
14950,1.276679
14951,-1.233404
14952,-0.289763
14953,0.799613
14954,0.496280
14955,2.075144
14956,3.034760
14957,1.674923
14958,0.822229
14959,-1.171366
14960,-1.423853
14961,-0.178818
14962,0.241347
14963,-0.120722
14964,-1.247413
14965,-0.041402
14966,-0.900437
14967,0.132492
14968,0.738763
14969,-1.869193
14970,0.813244
14971,-1.016320
14972,0.014670
14973,0.814015
14974,0.434497
14975,-1.490908
14976,-0.685613
14977,0.181991
14978,0.423947
14979,1.088473
14980,1.211026
14981,1.256955
14982,0.713143
14983,1.005783
14984,-1.504044
14985,-1.555914
14986,0.981271
14987,1.015460
14988,0.998865
14989,0.455880
14990,0.092041
14991,2.229788
14992,-1.108801
14993,0.178445
14994,0.289189
14995,1.081511
14996,0.133188
14997,-2.109618
14998,-0.774184
14999,0.374324
15000,1.126996
15001,-0.243618
15002,1.230977
15003,0.676802
15004,0.248209
15005,1.338000
15006,-0.290807
15007,-1.055260
15008,-0.802195
15009,0.705704
15010,-0.825097
15011,0.805685
15012,1.233329
15013,1.563427
15014,-0.992568
15015,-1.695491
15016,-0.868141
15017,-0.475321
15018,2.300030
15019,1.506607
15020,-0.700337
15021,0.198687
15022,0.272660
15023,1.347244
15024,0.462170
15025,0.644836
15026,1.511555
15027,2.190618
15028,0.106755
15029,-0.479664
15030,-1.612157
15031,-0.172077
15032,1.601026
15033,-0.136655
15034,1.228687
15035,0.798870
15036,0.080892
15037,-0.119047
15038,-0.328909
15039,0.297522
15040,-0.460184
15041,-0.262146
15042,-0.073616
15043,-1.017679
15044,-1.063274
15045,-0.424506
15046,1.379774
15047,1.151615
15048,0.418442
15049,-1.765978
15050,-1.178303
15051,0.532009
15052,-0.851972
15053,-0.335924
15054,0.965268
15055,-0.975685
15056,0.528747
15057,-0.114156
15058,0.815665
15059,-1.447374
15060,-2.456247
15061,-3.133885
15062,-1.972551
15063,-0.224743
15064,-1.126360
15065,-0.925665
15066,-1.495419
15067,1.685598
15068,0.079923
15069,0.759615
15070,1.114889
15071,-0.224036
15072,-1.247009
15073,-0.690546
15074,-0.580890
15075,0.052154
15076,-0.503179
15077,-0.458690
15078,-0.978002
15079,0.578905
15080,-0.380110
15081,-0.137304
15082,0.316817
15083,-0.982627
15084,1.309738
15085,-1.960866
15086,0.698234
15087,1.148689
15088,0.947293
15089,2.944820
15090,1.268339
15091,-0.126189
15092,1.022750
15093,0.473266
15094,-0.547170
15095,0.533125
15096,-0.215034
15097,0.078273
15098,-1.565175
15099,0.703584
15100,-0.915997
15101,1.213193
15102,-0.382609
15103,-0.438561
15104,0.147302
15105,0.292226
15106,-1.533268
15107,0.635418
15108,1.309678
15109,-0.940446
15110,0.611197
15111,0.552223
15112,1.057674
15113,0.138393
15114,0.767566
15115,-2.057625
15116,-1.683724
15117,0.045432
15118,-0.221594
15119,0.360249
15120,0.623387
15121,1.422394
15122,1.504667
15123,0.176370
15124,0.849788
15125,0.409234
15126,-1.145883
15127,-0.714596
15128,-1.928071
15129,-0.275769
15130,0.552568
15131,1.217633
15132,0.954397
15133,-1.034218
15134,-1.216207
15135,-0.491869
15136,-1.543930
15137,-0.596010
15138,0.812344
15139,-0.396509
15140,-0.192105
15141,0.851685
15142,2.128344
15143,0.913853
15144,1.659938
15145,0.074546
15146,1.523543
15147,-0.779955
15148,0.131094
15149,-0.026051
15150,-1.410600
15151,-1.527505
15152,-0.479472
15153,-1.156727
15154,0.257533
15155,0.223626
15156,-0.226451
15157,0.457633
15158,-1.185913
15159,-0.517495
15160,-0.134906
15161,-1.373151
15162,-1.939746
15163,-0.389202
15164,-1.119437
15165,-0.179243
15166,-1.580700
15167,0.869447
15168,-0.978661
15169,-1.277959
15170,1.167433
15171,-0.009482
15172,0.001057
15173,0.844876
15174,0.548036
15175,0.029322
15176,2.042292
15177,0.794663
15178,-1.213946
15179,1.867615
15180,2.189176
15181,-0.339732
15182,2.385423
15183,0.099504
15184,0.002047
15185,1.132183
15186,-1.391110
15187,-0.873306
15188,-0.122662
15189,0.552802
15190,2.705084
15191,-0.565684
15192,1.108222
15193,-0.319695
15194,-0.341974
15195,-0.460796
15196,0.354844
15197,-2.038972
15198,-0.550581
15199,-1.769317
15200,-0.819946
15201,-0.585844
15202,1.088487
15203,1.144751
15204,-2.478062
15205,-3.114837
15206,-1.320766
15207,-0.782185
15208,0.937638
15209,0.794622
15210,-1.406593
15211,1.187146
15212,0.464650
15213,1.671844
15214,0.864439
15215,1.215050
15216,-0.899777
15217,-1.743173
15218,-1.126464
15219,-0.230781
15220,-0.425854
15221,1.424751
15222,0.757318
15223,-1.790904
15224,-1.420997
15225,1.252977
15226,1.158730
15227,0.664454
15228,-0.313708
15229,-0.815566
15230,-0.519777
15231,0.408313
15232,0.673385
15233,1.994269
15234,0.476975
15235,-0.472128
15236,0.029010
15237,-1.255184
15238,-0.268176
15239,-0.076561
15240,-2.032759
15241,0.412256
15242,0.250535
15243,-0.959065
15244,-0.962751
15245,1.303918
15246,0.509904
15247,1.890279
15248,1.755959
15249,-1.074165
15250,-0.132872
15251,0.303990
15252,-0.022507
15253,0.522945
15254,2.454739
15255,-0.315651
15256,0.747240
15257,-0.750536
15258,-0.405552
15259,2.085008
15260,0.376350
15261,0.821963
15262,0.273153
15263,1.568264
15264,-0.528233
15265,0.794008
15266,0.829194
15267,-0.877769
15268,0.115480
15269,-0.467474
15270,-1.501433
15271,-3.404132
15272,1.984260
15273,-0.982743
15274,-0.412266
15275,-1.047870
15276,-0.116456
15277,0.743342
15278,-0.461273
15279,0.227431
15280,-1.040185
15281,0.105704
15282,-1.808075
15283,-0.357094
15284,-0.819710
15285,-0.613512
15286,-0.884696
15287,0.656815
15288,0.581008
15289,1.313834
15290,0.358469
15291,1.874806
15292,0.411352
15293,-0.922157
15294,-1.681325
15295,0.949475
15296,1.217265
15297,-1.500426
15298,-0.560952
15299,-0.159888
15300,-1.957334
15301,1.134020
15302,-0.670088
15303,0.333402
15304,1.537286
15305,-0.716480
15306,-0.205308
15307,-0.089425
15308,-0.606451
15309,0.236337
15310,-0.118160
15311,1.196129
15312,0.527914
15313,0.745262
15314,0.305041
15315,-1.148423
15316,-0.678376
15317,-0.291025
15318,-1.683956
15319,-0.380713
15320,-0.303407
15321,-0.472898
15322,-0.588098
15323,1.753093
15324,0.280992
15325,-0.455248
15326,-0.430325
15327,0.487589
15328,2.030685
15329,-0.221214
15330,1.016553
15331,0.014780
15332,0.173227
15333,0.959633
15334,-1.383245
15335,-1.459675
15336,-0.990366
15337,0.587546
15338,-0.273871
15339,0.062154
15340,0.033663
15341,1.530592
15342,2.028245
15343,0.792071
15344,1.032169
15345,-0.164073
15346,0.543246
15347,0.296923
15348,0.764499
15349,0.972622
15350,1.300454
15351,0.622259
15352,-0.521490
15353,0.025535
15354,-1.785961
15355,-0.129173
15356,-0.485208
15357,-0.369874
15358,-2.458231
15359,0.514832
15360,1.211123
15361,-0.352961
15362,0.840229
15363,-1.535392
15364,0.705664
15365,-0.088116
15366,0.741407
15367,1.678363
15368,2.470665
15369,-0.748195
15370,-0.195107
15371,0.357097
15372,-0.302780
15373,1.015422
15374,1.128594
15375,1.471678
15376,0.817835
15377,-0.133450
15378,0.316339
15379,-1.451567
15380,1.259949
15381,0.158114
15382,1.279577
15383,0.955565
15384,-0.351238
15385,-0.303388
15386,0.120348
15387,1.146361
15388,0.356509
15389,-0.365184
15390,0.895365
15391,0.474319
15392,-2.752589
15393,-1.448812
15394,-0.512884
15395,-0.855542
15396,-0.840661
15397,0.371386
15398,-0.613120
15399,0.178026
15400,-1.040019
15401,-0.726350
15402,-0.509186
15403,0.456879
15404,0.524500
15405,0.079405
15406,2.307656
15407,0.672552
15408,-1.071711
15409,1.567946
15410,-0.150156
15411,0.077704
15412,-1.469384
15413,-1.531456
15414,-0.857825
15415,1.424256
15416,0.088620
15417,1.084815
15418,-0.599708
15419,-0.250836
15420,-0.855875
15421,0.735306
15422,2.055122
15423,-0.379299
15424,0.860813
15425,0.716674
15426,0.709708
15427,1.640451
15428,2.610508
15429,-0.288120
15430,-0.416159
15431,-0.640952
15432,1.248130
15433,-1.157247
15434,0.689633
15435,0.649394
15436,-1.497264
15437,-0.590332
15438,1.244897
15439,1.062753
15440,0.350193
15441,1.103292
15442,0.870948
15443,-0.960870
15444,-0.648357
15445,0.796085
15446,-0.030223
15447,-1.325809
15448,-0.627316
15449,-1.054367
15450,0.036033
15451,-0.179392
15452,0.123637
15453,-0.723983
15454,0.784677
15455,0.374107
15456,1.041491
15457,55.083212
15458,66.931511
15459,70.193270
15460,72.655777
15461,74.191043
15462,67.802759
15463,68.740130
15464,66.382540
15465,69.693327
15466,71.535849
15467,69.279792
15468,69.211145
15469,70.905067
15470,73.971406
15471,69.834818
15472,71.481736
15473,70.486005
15474,64.483150
15475,68.225022
15476,65.823722
15477,67.583337
15478,73.381541
15479,70.730624
15480,70.839499
15481,72.737639
15482,72.282642
15483,69.156696
15484,67.941123
15485,69.104198
15486,70.070145
15487,72.440504
15488,74.059498
15489,70.620539
15490,72.281069
15491,75.780320
15492,73.736900
15493,73.050287
15494,67.520114
15495,73.080319
15496,71.795727
15497,73.735112
15498,69.162370
15499,72.193656
15500,73.791078
15501,67.835795
15502,69.638126
15503,69.229111
15504,71.243840
15505,73.990331
15506,72.009239
15507,71.027995
15508,75.028116
15509,72.108562
15510,68.995532
15511,67.972870
15512,67.722406
15513,70.674754
15514,69.806398
15515,70.019499
15516,69.211010
15517,73.572808
15518,69.265919
15519,68.621337
15520,70.164018
15521,73.083907
15522,69.768542
15523,67.485914
15524,69.195361
15525,72.983098
15526,72.037808
15527,73.977059
15528,68.641295
15529,68.912971
15530,70.258824
15531,70.461474
15532,68.847516
15533,70.054556
15534,70.404579
15535,68.101676
15536,68.834716
15537,71.246128
15538,72.467506
15539,68.976494
15540,71.859164
15541,17.354518
15542,4.431626
15543,2.017144
15544,-1.441749
15545,-0.774836
15546,-0.159644
15547,-0.040019
15548,-1.761473
15549,-0.178692
15550,-0.293715
15551,-0.315238
15552,-0.622751
15553,-0.802483
15554,-0.552965
15555,0.607694
15556,1.187923
15557,0.790332
15558,1.332315
15559,3.449805
15560,1.273854
15561,2.701882
15562,1.672244
15563,0.782549
15564,-0.182447
15565,1.824643
15566,0.010562
15567,-0.250422
15568,-0.676901
15569,0.455150
15570,-1.060204
15571,-1.546858
15572,-0.750128
15573,-0.463309
15574,-0.784890
15575,0.091766
15576,1.333681
15577,0.668387
15578,0.383959
15579,-0.438977
15580,1.070549
15581,0.908138
15582,0.936912
15583,-0.256608
15584,0.232635
15585,0.753835
15586,0.919390
15587,0.009523
15588,0.920318
15589,0.723409
15590,0.515988
15591,-0.498464
15592,-1.383227
15593,-0.563845
15594,0.537693
15595,2.017696
15596,1.194981
15597,-0.703557
15598,-0.395370
15599,-0.622711
15600,-0.819445
15601,-1.065211
15602,0.762937
15603,1.383437
15604,-0.765037
15605,-0.084014
15606,0.380690
15607,0.541237
15608,1.755461
15609,1.085734
15610,1.067592
15611,1.754318
15612,-1.045854
15613,0.253411
15614,-0.611436
15615,0.401874
15616,-1.402541
15617,-0.084319
15618,-0.375874
15619,-0.501484
15620,-0.331844
15621,-0.328364
15622,0.027370
15623,-0.117839
15624,-0.599654
15625,0.257666
15626,-1.705950
15627,-1.543489
15628,1.273699
15629,1.049853
15630,0.992294
15631,0.300629
15632,0.840894
15633,0.193899
15634,0.534943
15635,1.639112
15636,0.014933
15637,1.287908
15638,0.717401
15639,-0.692395
15640,-0.259909
15641,-1.545664
15642,-1.127621
15643,-0.600321
15644,0.661901
15645,-0.351175
15646,-0.372613
15647,-1.389420
15648,0.124388
15649,1.541829
15650,1.028248
15651,0.835021
15652,-0.425800
15653,-0.900017
15654,1.074221
15655,-0.535556
15656,-0.377106
15657,-1.566038
15658,-0.420766
15659,1.054335
15660,1.273238
15661,2.104147
15662,1.115155
15663,-1.591862
15664,-1.062213
15665,-0.566907
15666,-1.218622
15667,0.471233
15668,0.608383
15669,0.855262
15670,-0.158994
15671,-0.028362
15672,-0.630575
15673,-0.190623
15674,-0.111151
15675,-1.126223
15676,-0.478557
15677,-1.399316
15678,1.488249
15679,-0.031763
15680,-0.368318
15681,-1.164982
15682,-0.773045
15683,-1.072007
15684,0.808557
15685,-0.375003
15686,0.355379
15687,-1.685193
15688,0.072662
15689,-2.561832
15690,-1.366786
15691,-1.431368
15692,1.283421
15693,-0.784838
15694,1.686378
15695,-0.580783
15696,-0.556426
15697,1.256234
15698,1.800069
15699,1.103157
15700,1.644779
15701,-1.172683
15702,-0.560471
15703,0.158157
15704,-0.539497
15705,-0.751245
15706,0.143952
15707,-0.536730
15708,0.106776
15709,-1.345955
15710,0.170152
15711,1.709323
15712,1.099279
15713,-1.095219
15714,-2.057530
15715,-0.602968
15716,-0.455183
15717,-1.168467
15718,-0.558969
15719,2.301063
15720,0.201638
15721,-0.412365
15722,1.589826
15723,1.309206
15724,1.687774
15725,-0.922755
15726,-2.080246
15727,-1.224273
15728,-1.969164
15729,-2.815609
15730,-0.993738
15731,-0.538079
15732,-0.235813
15733,-0.137899
15734,-1.166586
15735,-0.859551
15736,0.062915
15737,-0.362372
15738,-0.338488
15739,-0.209225
15740,0.267105
15741,0.374568
15742,-0.319798
15743,0.211181
15744,-0.422116
15745,-1.299763
15746,-0.063182
15747,-0.814295
15748,-2.247189
15749,-0.135839
15750,1.786732
15751,0.589542
15752,0.506450
15753,-0.768563
15754,0.930016
15755,-0.413710
15756,-1.762838
15757,-0.920159
15758,-1.086790
15759,0.383277
15760,0.262042
15761,-0.608067
15762,-0.211279
15763,1.721340
15764,-0.745870
15765,-1.743157
15766,0.283994
15767,0.284704
15768,1.322956
15769,0.581927
15770,-0.214348
15771,1.844954
15772,1.084223
15773,0.693289
15774,0.356662
15775,0.466183
15776,-0.679784
15777,0.131598
15778,0.899561
15779,-0.546399
15780,0.271635
15781,0.078439
15782,-1.017300
15783,-0.303637
15784,-0.571382
15785,1.722401
15786,3.107789
15787,0.722632
15788,-0.524035
15789,-0.119947
15790,-0.089579
15791,-0.511669
15792,-0.950477
15793,0.495182
15794,2.136191
15795,0.022825
15796,0.065741
15797,-0.532844
15798,0.570498
15799,0.549840
15800,-0.066386
15801,-1.584700
15802,-0.100346
15803,1.421096
15804,-0.905374
15805,0.138038
15806,0.893349
15807,-0.767676
15808,-0.383428
15809,2.026906
15810,-1.151588
15811,-0.058535
15812,-0.284447
15813,-0.648535
15814,-1.657671
15815,-0.576578
15816,-0.476360
15817,1.495317
15818,2.600151
15819,0.225064
15820,0.153025
15821,0.157879
15822,0.206706
15823,-0.310452
15824,-0.104975
15825,0.658216
15826,2.141961
15827,1.139188
15828,0.437558
15829,-0.430241
15830,-1.164332
15831,-0.633514
15832,-1.527952
15833,1.685250
15834,0.754441
15835,0.363731
15836,-1.146823
15837,-1.600080
15838,-0.232544
15839,-0.433655
15840,1.288861
15841,-0.335983
15842,-0.234868
15843,0.759937
15844,1.471040
15845,-0.116916
15846,1.036887
15847,2.475129
15848,1.395984
15849,1.037094
15850,-0.363414
15851,-1.271647
15852,-1.526275
15853,-1.215513
15854,0.285557
15855,-0.177365
15856,-0.899003
15857,-0.713906
15858,-1.906680
15859,0.942494
15860,0.478113
15861,-0.005658
15862,1.040932
15863,-0.140908
15864,-0.568843
15865,-0.523365
15866,0.521194
15867,1.690576
15868,1.469708
15869,-1.054471
15870,0.398638
15871,0.744268
15872,0.038077
15873,-0.579543
15874,-0.048209
15875,-2.260201
15876,-1.729226
15877,-1.384631
15878,-0.606147
15879,-0.842055
15880,0.464416
15881,2.191849
15882,0.069763
15883,-1.558023
15884,0.268892
15885,-0.208028
15886,0.371716
15887,1.968138
15888,0.636054
15889,0.840054
15890,0.387922
15891,0.340690
15892,0.486295
15893,-0.333946
15894,-1.274734
15895,-1.007789
15896,0.198371
15897,-0.604656
15898,0.261702
15899,0.278058
15900,-0.503888
15901,-0.743855
15902,-0.697935
15903,0.362328
15904,2.257939
15905,1.550630
15906,1.780084
15907,-0.516349
15908,-0.240559
15909,0.986951
15910,-0.106193
15911,-0.102546
15912,0.958832
15913,1.161105
15914,-0.629594
15915,-0.718047
15916,0.008859
15917,-1.384652
15918,-0.930232
15919,-0.175105
15920,0.419012
15921,0.795593
15922,-0.096569
15923,0.783518
15924,0.414391
15925,0.746178
15926,-0.839642
15927,0.135363
15928,-0.597304
15929,-0.867785
15930,1.086630
15931,-0.510490
15932,-0.627653
15933,-0.325082
15934,-1.960144
15935,0.417556
15936,0.064687
15937,0.112575
15938,-0.547393
15939,-0.767715
15940,1.081656
15941,-0.220132
15942,-1.371620
15943,-1.796487
15944,-0.239632
15945,1.485602
15946,-0.040929
15947,0.760796
15948,1.022944
15949,1.320872
15950,1.023135
15951,0.213431
15952,-0.987396
15953,-0.825239
15954,-0.063284
15955,-1.575995
15956,-2.654436
15957,-0.854268
15958,-0.634393
15959,-2.327759
15960,-0.993469
15961,-0.747648
15962,0.889808
15963,1.455206
15964,-0.298182
15965,1.518145
15966,-0.526362
15967,-0.719811
15968,0.631831
15969,1.879906
15970,1.044105
15971,1.040990
15972,0.499481
15973,1.048255
15974,-2.154429
15975,0.500044
15976,0.664139
15977,0.943810
15978,0.895518
15979,0.475414
15980,-0.558050
15981,-0.637817
15982,0.713903
15983,-0.566139
15984,1.154699
15985,1.804320
15986,0.709415
15987,-0.777663
15988,0.893754
15989,-0.920366
15990,-0.059751
15991,-0.299867
15992,0.479644
15993,0.577508
15994,0.522924
15995,-0.561478
15996,-0.621731
15997,1.189238
15998,0.364595
15999,0.073195
16000,-0.763057
16001,0.178998
16002,-0.896130
16003,-0.380348
16004,-1.168274
16005,-0.736342
16006,-0.513949
16007,-1.626692
16008,-0.291195
16009,-0.422756
16010,1.197718
16011,0.718193
16012,0.261903
16013,-0.045146
16014,-0.356094
16015,-1.432056
16016,0.970412
16017,1.244629
16018,-1.644950
16019,-1.323168
16020,-1.799538
16021,-1.373935
16022,-0.585717
16023,1.320684
16024,0.462286
16025,1.963837
16026,-0.535503
16027,0.502255
16028,-0.657035
16029,-0.762675
16030,-0.947308
16031,0.103753
16032,1.294278
16033,0.904258
16034,0.606349
16035,0.134514
16036,0.724692
16037,0.360723
16038,-1.118296
16039,-1.399649
16040,-0.815650
16041,-0.387927
16042,1.099227
16043,1.500381
16044,-0.111459
16045,0.046275
16046,1.453748
16047,1.497777
16048,0.864328
16049,0.233574
16050,0.544752
16051,0.374400
16052,0.294671
16053,0.023506
16054,0.760971
16055,0.323607
16056,1.026907
16057,-0.766441
16058,0.379065
16059,0.058931
16060,0.180943
16061,-0.718093
16062,0.596085
16063,-0.650434
16064,0.071180
16065,1.361322
16066,-0.294752
16067,0.238779
16068,0.659910
16069,-0.976746
16070,0.631228
16071,-0.675257
16072,1.711619
16073,0.690022
16074,0.146514
16075,0.474735
16076,-0.470841
16077,-0.902826
16078,0.640008
16079,-1.345152
16080,-0.333174
16081,0.617548
16082,0.716712
16083,0.837804
16084,1.715936
16085,-0.434560
16086,0.626462
16087,-0.063369
16088,-0.663802
16089,-1.172661
16090,-2.873488
16091,-0.294857
16092,1.403338
16093,-1.083270
16094,-0.835524
16095,-0.900856
16096,-1.358254
16097,0.738143
16098,0.322841
16099,1.121097
16100,-0.001547
16101,0.806804
16102,-0.775071
16103,1.451127
16104,0.052539
16105,0.027524
16106,0.308763
16107,-0.557613
16108,-1.353329
16109,0.202196
16110,1.107503
16111,0.837699
16112,0.298622
16113,0.305098
16114,-0.936462
16115,0.040989
16116,0.684074
16117,-0.495499
16118,-0.440460
16119,0.327868
16120,1.524460
16121,-2.304633
16122,-1.748640
16123,-1.062199
16124,-0.834028
16125,-1.596184
16126,-0.456891
16127,2.467112
16128,-0.625210
16129,-0.046858
16130,0.560138
16131,1.295341
16132,1.152888
16133,-0.989457
16134,-0.865969
16135,-0.583002
16136,0.186864
16137,-2.113571
16138,0.204189
16139,1.016481
16140,0.085548
16141,0.769883
16142,-0.110912
16143,1.149820
16144,-0.504715
16145,-0.984602
16146,2.051253
16147,-0.788406
16148,2.222468
16149,-0.432724
16150,1.125072
16151,0.911314
16152,1.924345
16153,1.049099
16154,1.280795
16155,1.947431
16156,-0.285262
16157,0.105439
16158,0.473650
16159,-0.659467
16160,-0.812106
16161,-1.397569
16162,-0.487104
16163,-0.044497
16164,0.060075
16165,-0.709802
16166,-0.928496
16167,-0.141127
16168,-0.699935
16169,1.010276
16170,1.263869
16171,0.358554
16172,-0.333717
16173,-0.530200
16174,0.742877
16175,0.360456
16176,-0.948299
16177,-0.862317
16178,1.008684
16179,0.311026
16180,0.841810
16181,1.017769
16182,-0.214632
16183,-0.499455
16184,0.599308
16185,0.247017
16186,-1.328839
16187,0.154687
16188,1.273901
16189,-0.433550
16190,0.495234
16191,-0.181772
16192,0.353006
16193,-0.318797
16194,-0.259944
16195,0.945397
16196,-1.295381
16197,1.028492
16198,0.480150
16199,0.804535
16200,1.021221
16201,-1.051682
16202,-1.962325
16203,-1.565692
16204,1.321917
16205,-0.557911
16206,-1.930852
16207,0.181919
16208,-0.811664
16209,-1.020253
16210,0.178865
16211,2.116192
16212,1.426998
16213,-0.263480
16214,-1.012685
16215,0.016965
16216,-0.313267
16217,0.638572
16218,0.530959
16219,-0.265446
16220,0.176350
16221,-0.568938
16222,1.875529
16223,1.069173
16224,-0.075644
16225,0.923644
16226,1.605494
16227,-0.248971
16228,-2.058910
16229,0.483683
16230,-1.221035
16231,-1.796050
16232,-1.017213
16233,0.204408
16234,0.322556
16235,-0.191797
16236,-0.011109
16237,-0.076968
16238,0.405753
16239,0.684494
16240,-0.022816
16241,0.861935
16242,-0.094961
16243,0.275895
16244,0.081425
16245,-1.214580
16246,2.387931
16247,0.125545
16248,0.077650
16249,-0.486010
16250,-0.855883
16251,-0.922357
16252,0.133016
16253,0.582180
16254,-0.656499
16255,-0.205282
16256,-1.400767
16257,-0.863326
16258,1.823797
16259,0.339074
16260,-0.690094
16261,1.710283
16262,1.250437
16263,1.290000
16264,0.216356
16265,0.464022
16266,-0.664696
16267,0.887617
16268,0.967058
16269,0.958909
16270,0.577015
16271,0.584424
16272,0.874521
16273,1.542263
16274,0.502664
16275,2.799502
16276,0.327439
16277,-1.133917
16278,-0.127244
16279,0.093240
16280,0.234750
16281,0.796406
16282,0.057053
16283,1.306505
16284,1.537581
16285,0.411794
16286,-0.348289
16287,0.514440
16288,2.122023
16289,1.287755
16290,0.907170
16291,0.825540
16292,2.516610
16293,-0.565686
16294,0.852952
16295,-1.088429
16296,-1.565102
16297,-1.476125
16298,-1.481713
16299,-0.388778
16300,0.120327
16301,0.697696
16302,0.914627
16303,0.131320
16304,2.060295
16305,0.018559
16306,-0.192257
16307,0.143695
16308,-0.634760
16309,0.021203
16310,0.056095
16311,0.198019
16312,-0.697114
16313,-0.584828
16314,-0.517757
16315,-1.192472
16316,-0.417461
16317,1.054283
16318,1.601069
16319,1.053069
16320,0.946831
16321,0.040782
16322,0.990232
16323,0.469556
16324,-2.000901
16325,0.052761
16326,-0.607786
16327,1.602856
16328,0.449261
16329,-1.513528
16330,-0.227176
16331,-1.634717
16332,-0.592515
16333,0.210070
16334,0.407966
16335,-0.343693
16336,-0.632219
16337,-0.452244
16338,-2.271306
16339,-1.461928
16340,-1.371714
16341,-0.828975
16342,0.283867
16343,0.375330
16344,0.577748
16345,0.839806
16346,0.365993
16347,1.128053
16348,-0.294342
16349,-0.738413
16350,1.098593
16351,0.024742
16352,0.332997
16353,-0.659741
16354,0.245902
16355,0.238810
16356,-0.138791
16357,1.781881
16358,-0.315710
16359,0.157754
16360,-1.061692
16361,-1.296756
16362,-0.412082
16363,-1.494518
16364,-1.649872
16365,-1.105197
16366,0.359344
16367,-1.123684
16368,0.500916
16369,-0.957023
16370,0.400717
16371,-0.314805
16372,-2.297170
16373,-1.498273
16374,0.583028
16375,0.097978
16376,1.151824
16377,0.998555
16378,0.780106
16379,1.300037
16380,2.218988
16381,0.612474
16382,0.798240
16383,1.002738
16384,-0.943513
16385,0.359724
16386,-0.233281
16387,1.848346
16388,0.111485
16389,-1.201499
16390,-1.252064
16391,-0.818738
16392,-0.198760
16393,0.728253
16394,-0.324631
16395,-0.203932
16396,-1.010833
16397,-0.718786
16398,-1.496099
16399,-0.989528
16400,1.078422
16401,0.695352
16402,0.529263
16403,0.163846
16404,1.364409
16405,1.232539
16406,0.517378
16407,0.673152
16408,-0.051287
16409,-1.411590
16410,-1.117639
16411,-0.425080
16412,0.877283
16413,-0.053447
16414,1.335169
16415,0.199680
16416,-1.157714
16417,-0.086140
16418,1.150701
16419,1.122999
16420,-0.402687
16421,1.073131
16422,-0.214788
16423,0.833435
16424,-1.369562
16425,-0.512341
16426,0.312647
16427,0.812916
16428,0.207394
16429,0.034216
16430,-0.832000
16431,1.528498
16432,-1.372357
16433,0.782767
16434,0.698488
16435,1.497311
16436,-1.922106
16437,-1.372057
16438,-1.415000
16439,-1.674555
16440,-1.188227
16441,-1.399348
16442,0.877109
16443,-0.621096
16444,-1.120530
16445,-0.392020
16446,-0.457829
16447,-1.748153
16448,-1.806269
16449,-1.771953
16450,-0.751161
16451,0.346454
16452,-1.365291
16453,0.563616
16454,0.831250
16455,-0.576337
16456,-1.119963
16457,-0.177311
16458,-0.235265
16459,-0.077431
16460,-1.150831
16461,-0.398569
16462,-0.564253
16463,-0.301305
16464,0.054916
16465,-0.092593
16466,-0.352053
16467,-1.236082
16468,-0.755448
16469,-0.822055
16470,-1.118391
16471,-0.269979
16472,1.127182
16473,3.126532
16474,-0.003100
16475,1.212232
16476,0.630757
16477,0.450781
16478,-0.073460
16479,-0.179537
16480,-0.071487
16481,-1.427235
16482,0.118621
16483,1.274710
16484,2.240839
16485,2.337820
16486,1.403698
16487,-0.904512
16488,0.708257
16489,1.660578
16490,-1.355612
16491,0.092644
16492,0.201731
16493,1.133274
16494,-0.294159
16495,-1.577767
16496,-1.396269
16497,1.457490
16498,0.117075
16499,-0.772313
16500,0.862515
16501,-0.065968
16502,0.795474
16503,-0.227789
16504,-0.024768
16505,1.036327
16506,-0.983497
16507,0.058961
16508,0.312501
16509,-0.534577
16510,-1.049902
16511,-0.218215
16512,0.817421
16513,1.839939
16514,1.975520
16515,0.057115
16516,-0.285883
16517,-0.190027
16518,0.059227
16519,-0.416003
16520,-0.786418
16521,0.336282
16522,0.126720
16523,0.174971
16524,2.237799
16525,-0.694930
16526,0.590825
16527,-0.148141
16528,-1.077281
16529,-0.822898
16530,-0.069228
16531,-1.124458
16532,1.499057
16533,1.075767
16534,-0.303879
16535,-1.100127
16536,1.853688
16537,0.563479
16538,0.679769
16539,2.019434
16540,0.818193
16541,0.940888
16542,1.538479
16543,-0.065073
16544,1.853425
16545,0.405186
16546,-0.331658
16547,0.968717
16548,0.799252
16549,1.496280
16550,-0.573599
16551,-0.403074
16552,-0.138966
16553,-1.022012
16554,1.128266
16555,1.246948
16556,1.360088
16557,-1.736308
16558,0.044089
16559,1.575141
16560,0.982016
16561,1.499006
16562,1.933847
16563,-0.339001
16564,0.150708
16565,1.827187
16566,0.103884
16567,-1.702458
16568,-0.883784
16569,0.528547
16570,0.331580
16571,0.023151
16572,-0.441084
16573,-0.839471
16574,-1.232343
16575,-1.426419
16576,-1.414415
16577,0.911486
16578,-1.303078
16579,0.333420
16580,-1.266946
16581,-0.595897
16582,-0.890274
16583,-0.237156
16584,-0.855178
16585,0.078603
16586,-0.413761
16587,0.014186
16588,-0.444842
16589,0.110245
16590,-2.051626
16591,1.139186
16592,-0.274584
16593,-1.763668
16594,0.907457
16595,0.449652
16596,0.540236
16597,0.607770
16598,-0.956184
16599,0.335086
16600,-0.783457
16601,0.817426
16602,-0.338447
16603,-1.243581
16604,1.239906
16605,-1.717467
16606,-1.836376
16607,0.880442
16608,-0.172537
16609,2.014747
16610,1.963447
16611,0.783592
16612,-2.057867
16613,-0.347358
16614,-1.752221
16615,-0.581537
16616,0.028704
16617,1.244157
16618,0.583184
16619,0.483036
16620,0.272086
16621,0.198389
16622,0.362605
16623,1.536500
16624,1.930764
16625,2.456367
16626,0.474225
16627,-0.431993
16628,0.558528
16629,0.964971
16630,-0.613111
16631,0.472036
16632,-0.111276
16633,0.979664
16634,0.337434
16635,-0.882041
16636,-2.039110
16637,-0.114345
16638,-0.232465
16639,1.504461
16640,0.715364
16641,0.375318
16642,-0.490275
16643,-0.451936
16644,0.732821
16645,1.382719
16646,0.534854
16647,0.603056
16648,-0.288754
16649,-0.963352
16650,-0.399924
16651,-0.636716
16652,0.436640
16653,-0.215210
16654,-1.285213
16655,0.879831
16656,-0.116963
16657,-1.139977
16658,-1.484477
16659,0.365461
16660,0.748136
16661,0.317332
16662,-0.370580
16663,0.638558
16664,-0.434022
16665,-0.227006
16666,-0.943561
16667,0.045116
16668,0.280560
16669,-0.345528
16670,0.752465
16671,-0.373729
16672,0.658866
16673,-2.082757
16674,-2.637096
16675,-1.880398
16676,-0.763756
16677,-0.984945
16678,-0.687126
16679,0.613576
16680,-0.893937
16681,0.139747
16682,2.033911
16683,1.097054
16684,-0.283895
16685,-0.704368
16686,0.817806
16687,0.088994
16688,1.177545
16689,1.566587
16690,0.304205
16691,-2.577208
16692,0.279171
16693,1.660220
16694,-1.543054
16695,0.165737
16696,0.243175
16697,3.441147
16698,1.721813
16699,1.619398
16700,0.632410
16701,0.715040
16702,-0.824643
16703,0.444159
16704,-0.922299
16705,0.167105
16706,1.500657
16707,-0.663223
16708,-0.106904
16709,0.236846
16710,-0.000535
16711,0.240809
16712,1.161925
16713,0.490883
16714,-0.935884
16715,-0.705476
16716,0.011704
16717,0.296591
16718,0.054394
16719,-2.958736
16720,-2.295606
16721,-0.271248
16722,0.775383
16723,0.652541
16724,1.537495
16725,1.043468
16726,-0.389149
16727,-0.820469
16728,-1.577606
16729,-0.267015
16730,1.087184
16731,-0.607194
16732,-0.168643
16733,0.841711
16734,0.826424
16735,0.213239
16736,-0.997556
16737,-0.855273
16738,-0.529158
16739,-0.404331
16740,0.026110
16741,-0.474282
16742,-1.168887
16743,0.743028
16744,0.048932
16745,0.582214
16746,0.939176
16747,-0.636722
16748,0.358341
16749,1.118222
16750,-0.540235
16751,-0.025682
16752,-0.847367
16753,-0.342018
16754,0.790460
16755,0.468728
16756,-0.432079
16757,-1.685345
16758,1.966059
16759,-0.107197
16760,0.182758
16761,-1.153710
16762,-0.772450
16763,1.198155
16764,0.813058
16765,0.020827
16766,0.216118
16767,1.814046
16768,0.404582
16769,0.037964
16770,0.805921
16771,-0.369630
16772,-0.960363
16773,0.508557
16774,-0.220894
16775,-0.313789
16776,1.072238
16777,0.056027
16778,-0.263249
16779,-1.269035
16780,-0.964363
16781,-0.276475
16782,0.173852
16783,0.484926
16784,1.121949
16785,0.057890
16786,0.406379
16787,0.839507
16788,0.207304
16789,0.467516
16790,0.876394
16791,2.095462
16792,1.362148
16793,1.560041
16794,0.508888
16795,1.305808
16796,1.293956
16797,1.878626
16798,0.397871
16799,0.111534
16800,-0.614196
16801,0.421122
16802,-0.382592
16803,0.720370
16804,0.458564
16805,0.599479
16806,3.555419
16807,0.475675
16808,-0.008150
16809,-1.502917
16810,0.382298
16811,-1.049850
16812,-0.535537
16813,1.393600
16814,-1.445499
16815,-1.609064
16816,-0.764344
16817,0.053544
16818,0.604429
16819,1.039269
16820,0.431168
16821,-1.831332
16822,-0.479491
16823,-0.774575
16824,2.096020
16825,1.204226
16826,-0.337336
16827,-1.143606
16828,-1.075122
16829,-0.625581
16830,1.123050
16831,-0.828747
16832,2.310678
16833,1.811561
16834,-0.676525
16835,0.265774
16836,0.353300
16837,0.840910
16838,0.794400
16839,1.381699
16840,-0.244322
16841,-1.965368
16842,0.619851
16843,0.653296
16844,-1.525421
16845,0.527570
16846,-0.966953
16847,0.831414
16848,1.009013
16849,-0.721380
16850,-1.455721
16851,0.664239
16852,-0.611493
16853,1.001795
16854,-0.887426
16855,0.896631
16856,2.218267
16857,1.038768
16858,2.800659
16859,1.099021
16860,-0.062093
16861,-0.020198
16862,0.232472
16863,-1.396587
16864,-0.429100
16865,0.477806
16866,-0.551685
16867,-0.032344
16868,0.483166
16869,-0.551880
16870,-1.071979
16871,0.563963
16872,0.781939
16873,0.127587
16874,0.523240
16875,-0.187502
16876,-0.012365
16877,0.061778
16878,0.191513
16879,-0.509562
16880,0.476298
16881,1.086894
16882,0.001135
16883,-2.574315
16884,-0.390175
16885,-0.531095
16886,0.203417
16887,1.519700
16888,1.461769
16889,-0.779306
16890,-0.648618
16891,1.997794
16892,-0.597852
16893,0.285565
16894,0.716498
16895,0.412632
16896,1.879755
16897,2.277258
16898,1.359925
16899,0.714687
16900,-0.146248
16901,0.603661
16902,0.199637
16903,1.608095
16904,0.025434
16905,-1.487772
16906,-0.883126
16907,-0.197961
16908,0.270606
16909,1.096732
16910,0.945578
16911,0.863797
16912,-1.302828
16913,0.489973
16914,-1.099661
16915,-0.870968
16916,-0.107317
16917,-0.170821
16918,1.818243
16919,1.443110
16920,-0.112561
16921,0.769572
16922,-1.206601
16923,-0.523932
16924,-0.993713
16925,0.340087
16926,-0.576955
16927,1.080957
16928,-0.984963
16929,-0.606475
16930,-1.648663
16931,-1.945939
16932,-0.957122
16933,-0.302948
16934,-0.505531
16935,0.984644
16936,-2.079121
16937,0.153339
16938,-0.892841
16939,0.353772
16940,1.463446
16941,0.691061
16942,-1.647480
16943,-0.903350
16944,0.201872
16945,-0.403583
16946,-0.514593
16947,-0.892768
16948,-0.341287
16949,1.149311
16950,-1.845723
16951,0.605683
16952,-0.765463
16953,-1.612393
16954,0.004673
16955,0.528768
16956,0.492600
16957,-0.840144
16958,-1.255740
16959,-0.325762
16960,-0.674774
16961,-0.936411
16962,-0.580518
16963,-0.823554
16964,-0.797202
16965,-0.517588
16966,-0.394594
16967,0.753603
16968,0.311609
16969,-0.154258
16970,-0.451470
16971,-0.818658
16972,0.160615
16973,0.290592
16974,0.029904
16975,-0.107937
16976,0.424418
16977,-0.959859
16978,1.227875
16979,-0.642684
16980,0.516432
16981,0.843610
16982,-1.097019
16983,-0.359351
16984,-0.339364
16985,-0.019781
16986,1.351473
16987,-0.494693
16988,1.011716
16989,0.216748
16990,-1.489798
16991,-0.521339
16992,0.794115
16993,-0.265192
16994,-0.237133
16995,0.987793
16996,2.253453
16997,1.238059
16998,0.485433
16999,-0.599888
17000,0.279080
17001,-0.953900
17002,-0.001381
17003,0.130448
17004,-0.001198
17005,0.069792
17006,-0.776720
17007,1.571826
17008,0.586688
17009,-1.508463
17010,-1.230868
17011,0.322532
17012,-0.497054
17013,-0.593526
17014,-0.366610
17015,0.485405
17016,-0.813532
17017,0.975002
17018,-1.335170
17019,-1.002823
17020,0.839336
17021,0.932273
17022,2.021276
17023,-1.418778
17024,0.251853
17025,-1.610734
17026,0.519005
17027,0.652202
17028,-0.274925
17029,0.816040
17030,-0.459945
17031,-1.634159
17032,-1.124253
17033,-0.727326
17034,-0.487068
17035,0.763181
17036,-0.970094
17037,-1.739041
17038,-0.362851
17039,-0.426486
17040,0.290272
17041,0.974177
17042,1.975058
17043,0.906663
17044,-0.296057
17045,-0.228977
17046,0.909042
17047,0.951091
17048,-0.825998
17049,-0.747118
17050,-1.237890
17051,-0.654407
17052,0.467907
17053,-0.374875
17054,0.209549
17055,0.088963
17056,0.994211
17057,-1.611781
17058,-1.453710
17059,-0.161027
17060,0.098701
17061,0.442228
17062,-1.651692
17063,1.168898
17064,1.240583
17065,-0.117895
17066,0.372895
17067,-0.757824
17068,-0.846948
17069,-0.033903
17070,-0.403084
17071,-0.725723
17072,0.276883
17073,-0.639338
17074,-0.198813
17075,-0.460326
17076,-1.575370
17077,-0.567532
17078,0.358426
17079,0.691136
17080,1.018209
17081,1.486509
17082,0.447482
17083,0.400197
17084,0.373126
17085,0.422005
17086,-0.473163
17087,1.092632
17088,0.004796
17089,2.110932
17090,0.164685
17091,-0.018827
17092,1.097863
17093,0.715693
17094,0.069978
17095,-0.301210
17096,1.289471
17097,1.074218
17098,0.270277
17099,-0.265367
17100,0.241785
17101,1.175309
17102,0.409041
17103,1.504179
17104,0.781550
17105,-1.225813
17106,1.176977
17107,0.014071
17108,-1.765462
17109,1.170613
17110,-0.284845
17111,0.223799
17112,-0.764762
17113,1.221990
17114,-0.385190
17115,1.112003
17116,-0.261942
17117,-0.301563
17118,0.664736
17119,-1.172309
17120,-0.908318
17121,0.909971
17122,-0.563889
17123,0.453493
17124,0.554426
17125,1.976143
17126,-0.446898
17127,-1.496065
17128,-0.276382
17129,-0.467154
17130,-0.220481
17131,0.731816
17132,-1.654331
17133,-0.832508
17134,-0.146775
17135,0.415749
17136,1.615358
17137,0.600435
17138,-0.837162
17139,-1.557188
17140,2.087034
17141,0.622112
17142,-0.038001
17143,0.658840
17144,0.492262
17145,0.444133
17146,1.010848
17147,0.032672
17148,-0.135953
17149,0.196755
17150,-0.729196
17151,0.197866
17152,-1.530055
17153,-0.017992
17154,-1.488814
17155,-1.036413
17156,0.870312
17157,-0.766139
17158,0.968338
17159,1.276479
17160,-1.522072
17161,-1.117903
17162,-1.366729
17163,1.511460
17164,0.924352
17165,-1.149232
17166,0.111654
17167,2.024393
17168,0.071721
17169,0.206994
17170,0.453717
17171,0.376574
17172,-0.436743
17173,-1.155684
17174,1.245301
17175,-0.054653
17176,-2.072234
17177,-2.301056
17178,-0.945910
17179,1.336438
17180,0.789423
17181,-1.173738
17182,-0.319329
17183,-2.176226
17184,0.897645
17185,0.366182
17186,0.469742
17187,-1.347551
17188,-0.206815
17189,0.938518
17190,-1.276756
17191,-1.500532
17192,-1.116705
17193,-0.385124
17194,-1.388064
17195,-0.719538
17196,0.655465
17197,1.259034
17198,0.877004
17199,-0.895714
17200,-0.899883
17201,-0.074293
17202,-1.214391
17203,-1.775687
17204,2.567728
17205,-0.171612
17206,1.182037
17207,-1.239217
17208,0.413181
17209,1.473554
17210,0.589807
17211,-0.749795
17212,0.071200
17213,-1.291039
17214,-1.291147
17215,-0.608071
17216,-3.237585
17217,-1.032808
17218,-2.218001
17219,-2.073650
17220,-0.903489
17221,0.170590
17222,0.413855
17223,0.934352
17224,-0.373065
17225,-0.990597
17226,-1.451967
17227,-1.435082
17228,0.985977
17229,0.460097
17230,1.461215
17231,2.237861
17232,1.775085
17233,0.896556
17234,-0.445950
17235,2.129002
17236,-0.872387
17237,-1.774783
17238,-0.528318
17239,-0.137519
17240,-1.284705
17241,-0.507006
17242,0.689226
17243,0.297712
17244,0.771030
17245,-0.376654
17246,0.102090
17247,-0.575656
17248,-0.728798
17249,0.926612
17250,-0.857976
17251,0.216164
17252,-0.545165
17253,-0.884772
17254,-1.419527
17255,-0.716583
17256,-0.173248
17257,-1.050776
17258,0.495471
17259,1.870655
17260,-0.207325
17261,0.069712
17262,1.532531
17263,0.167121
17264,2.350212
17265,-0.333912
17266,-0.511154
17267,-0.326636
17268,0.105620
17269,0.485946
17270,0.650597
17271,1.081414
17272,1.885569
17273,-0.084477
17274,-1.439568
17275,-1.059032
17276,-2.082432
17277,-1.924980
17278,-0.352357
17279,0.732099
17280,-0.319957
17281,1.517531
17282,-1.810689
17283,-1.224053
17284,-1.150840
17285,-0.063897
17286,2.262900
17287,-0.289452
17288,-0.352110
17289,0.245432
17290,-1.893524
17291,-0.640828
17292,0.592654
17293,-1.239227
17294,1.275021
17295,-0.028231
17296,-1.347840
17297,-1.420794
17298,-1.159416
17299,0.992871
17300,1.664291
17301,2.125630
17302,0.029180
17303,0.123604
17304,0.375518
17305,0.859805
17306,0.558585
17307,-0.936928
17308,-0.259517
17309,-0.161793
17310,0.562170
17311,0.426970
17312,-0.672586
17313,-0.754139
17314,0.809381
17315,0.183199
17316,-1.756560
17317,-1.077598
17318,-1.442236
17319,-0.098260
17320,-0.753754
17321,0.267034
17322,2.401421
17323,1.234018
17324,-0.667709
17325,0.549927
17326,0.478912
17327,-0.044610
17328,-1.220530
17329,1.383782
17330,-0.437298
17331,-0.587692
17332,-1.102577
17333,0.004497
17334,0.354960
17335,-0.603328
17336,0.509847
17337,0.387791
17338,-0.487455
17339,0.819448
17340,-0.547694
17341,1.090248
17342,0.572267
17343,0.076777
17344,1.880956
17345,0.407603
17346,0.391847
17347,-1.074165
17348,0.407029
17349,-0.075573
17350,-0.072638
17351,1.097530
17352,-1.883691
17353,-1.454981
17354,-1.226502
17355,-1.255749
17356,-0.902296
17357,-0.128053
17358,-0.263647
17359,-0.353681
17360,0.738034
17361,-0.675746
17362,0.001921
17363,0.950277
17364,1.307116
17365,0.131023
17366,-0.993343
17367,-1.538420
17368,0.991823
17369,-1.087815
17370,0.268210
17371,-1.001673
17372,2.386952
17373,-1.443717
17374,-1.362277
17375,0.160490
17376,-1.196477
17377,0.985263
17378,0.562536
17379,0.042704
17380,-0.307070
17381,-0.229282
17382,-0.445108
17383,0.402282
17384,0.077912
17385,1.223727
17386,-0.630191
17387,1.373512
17388,-0.060684
17389,-1.086327
17390,-1.151432
17391,0.396696
17392,0.689476
17393,2.362025
17394,1.838100
17395,0.503569
17396,-1.676793
17397,0.242508
17398,0.197058
17399,-1.613919
17400,2.946732
17401,0.004465
17402,1.018916
17403,0.306098
17404,-1.483613
17405,1.001639
17406,0.933881
17407,-0.884276
17408,-0.564237
17409,0.374213
17410,0.795320
17411,0.066143
17412,-0.027930
17413,0.052436
17414,0.077793
17415,0.999849
17416,-0.863358
17417,-0.430850
17418,0.231785
17419,-2.663716
17420,-0.815414
17421,-1.854548
17422,-0.996858
17423,-0.461487
17424,-0.179167
17425,0.179992
17426,1.523604
17427,1.831975
17428,0.723465
17429,-0.799444
17430,-0.913287
17431,-0.430860
17432,-1.863621
17433,0.431269
17434,-0.620747
17435,0.154882
17436,1.580234
17437,0.784419
17438,-1.269350
17439,0.844788
17440,-1.021864
17441,-0.807495
17442,-0.416990
17443,1.074162
17444,1.225945
17445,-0.250870
17446,-0.525284
17447,-1.121760
17448,-0.579618
17449,0.563880
17450,0.073118
17451,0.466636
17452,0.018171
17453,0.554093
17454,2.167318
17455,-0.093996
17456,-1.557810
17457,0.039652
17458,-0.772928
17459,-1.150591
17460,-0.243413
17461,-0.163328
17462,-0.796508
17463,0.148891
17464,1.173462
17465,-0.025745
17466,-1.030758
17467,0.646667
17468,1.715201
17469,-1.081396
17470,-0.071598
17471,1.105857
17472,1.514069
17473,0.836708
17474,0.180982
17475,-1.553737
17476,-0.022079
17477,1.060315
17478,2.322759
17479,1.907510
17480,1.343707
17481,-1.436079
17482,-0.691196
17483,1.511658
17484,0.548728
17485,0.704659
17486,-0.398407
17487,0.250488
17488,0.816452
17489,-0.026841
17490,-0.353153
17491,-1.217517
17492,-0.763341
17493,-0.330054
17494,1.119307
17495,-1.147781
17496,-0.076868
17497,0.256289
17498,-1.726302
17499,-0.964815
17500,0.490865
17501,-1.823431
17502,-0.007619
17503,0.763493
17504,0.856189
17505,1.440300
17506,-0.725388
17507,-0.776172
17508,-1.167038
17509,-1.825512
17510,0.375523
17511,2.192402
17512,0.197268
17513,0.650110
17514,0.847931
17515,1.187221
17516,0.061031
17517,0.830088
17518,-0.654664
17519,-0.364314
17520,-1.605065
17521,0.723919
17522,1.047756
17523,-0.999848
17524,-0.692218
17525,0.569717
17526,-0.260437
17527,0.004333
17528,0.174561
17529,0.418686
17530,-2.413034
17531,0.651500
17532,0.131932
17533,0.350551
17534,0.555708
17535,0.558204
17536,1.319134
17537,2.363620
17538,1.889456
17539,0.925375
17540,0.138846
17541,-0.262561
17542,1.500464
17543,1.913632
17544,1.022333
17545,0.759388
17546,-0.503839
17547,0.837671
17548,-0.352070
17549,-1.091038
17550,-0.022981
17551,0.628186
17552,-0.638707
17553,-0.100172
17554,0.055588
17555,-1.573094
17556,-0.057523
17557,0.394338
17558,-2.265973
17559,1.447491
17560,-0.720277
17561,-0.466899
17562,-0.690321
17563,0.840553
17564,1.175581
17565,0.992743
17566,0.897299
17567,0.926370
17568,-0.105003
17569,1.547651
17570,0.472353
17571,0.235526
17572,0.775732
17573,0.861560
17574,-1.033350
17575,0.303824
17576,-1.403972
17577,-0.848602
17578,-0.559499
17579,0.652003
17580,0.086170
17581,0.069292
17582,-0.924917
17583,-1.256835
17584,-0.567460
17585,-0.635368
17586,0.528498
17587,1.356440
17588,1.936653
17589,1.590891
17590,0.264712
17591,1.099977
17592,0.513506
17593,1.058234
17594,0.461217
17595,-0.149702
17596,0.314705
17597,-0.775641
17598,0.054862
17599,0.573357
17600,1.519138
17601,-0.503446
17602,-0.801630
17603,-0.711072
17604,-1.562075
17605,-2.543752
17606,-0.766401
17607,2.083676
17608,1.223925
17609,-0.288919
17610,-0.159889
17611,-1.134472
17612,-1.009861
17613,-2.163215
17614,-0.004437
17615,0.402935
17616,-0.154009
17617,0.108802
17618,-0.239284
17619,-1.431474
17620,-0.299569
17621,0.540727
17622,0.653121
17623,-0.815501
17624,-0.094774
17625,-0.038267
17626,0.153194
17627,2.596725
17628,0.400927
17629,-0.048364
17630,-0.845917
17631,-1.901933
17632,-0.739921
17633,0.126354
17634,0.264285
17635,1.172052
17636,0.006369
17637,0.460183
17638,1.311114
17639,-0.140333
17640,0.545356
17641,-1.128081
17642,1.150986
17643,-0.010023
17644,0.762045
17645,-0.179847
17646,-1.089719
17647,-2.467721
17648,-0.670538
17649,-0.499822
17650,-1.610775
17651,-0.210068
17652,-1.700327
17653,-0.153607
17654,-1.761198
17655,-1.103329
17656,1.175442
17657,-0.361486
17658,1.049208
17659,2.312711
17660,0.825705
17661,1.038931
17662,2.108224
17663,1.380535
17664,0.714491
17665,0.090974
17666,0.596437
17667,0.024921
17668,-0.065941
17669,-1.556722
17670,-0.719419
17671,-1.139512
17672,0.526175
17673,0.651855
17674,-2.028063
17675,-2.064768
17676,0.029350
17677,1.016542
17678,0.517240
17679,-0.427389
17680,-0.278662
17681,-0.893225
17682,-1.399081
17683,-1.154717
17684,2.079465
17685,0.958252
17686,0.284544
17687,1.574110
17688,-0.358223
17689,1.183701
17690,1.430850
17691,0.626337
17692,-0.003803
17693,-1.720151
17694,-1.552802
17695,-1.449953
17696,0.664964
17697,-1.232605
17698,1.107997
17699,-1.386221
17700,-1.613908
17701,-0.749394
17702,-0.929287
17703,-0.775654
17704,-1.704324
17705,-0.080286
17706,0.884603
17707,0.705784
17708,0.390543
17709,-0.493966
17710,-1.383312
17711,1.550986
17712,0.548919
17713,0.488140
17714,0.269046
17715,0.835365
17716,1.315597
17717,0.677711
17718,1.527045
17719,0.380419
17720,1.796776
17721,0.590470
17722,2.911738
17723,0.681832
17724,0.016504
17725,-1.472492
17726,0.672282
17727,-0.099778
17728,-1.036725
17729,-0.016422
17730,0.019816
17731,0.472206
17732,-1.256630
17733,-0.463716
17734,-1.187272
17735,-0.424567
17736,0.478782
17737,0.027983
17738,-1.896451
17739,2.166625
17740,1.882532
17741,0.915329
17742,-0.009141
17743,1.157977
17744,2.631967
17745,-0.377683
17746,-0.766195
17747,-1.159806
17748,-0.362857
17749,-0.971474
17750,-0.358527
17751,-0.760210
17752,0.454378
17753,1.162494
17754,0.083540
17755,-0.697784
17756,-1.057735
17757,-0.549857
17758,1.213881
17759,-1.471479
17760,0.185909
17761,-1.157537
17762,-0.340887
17763,0.027180
17764,1.054575
17765,0.968612
17766,-0.666639
17767,0.620270
17768,0.637889
17769,0.697124
17770,1.238194
17771,-1.742402
17772,-0.341002
17773,0.315001
17774,-0.586320
17775,0.080041
17776,-1.614641
17777,0.011147
17778,-0.115194
17779,-0.711643
17780,0.036616
17781,0.903586
17782,1.174141
17783,1.589806
17784,-0.202457
17785,-0.274603
17786,0.227449
17787,-0.587235
17788,0.858145
17789,1.876226
17790,1.126576
17791,2.422449
17792,1.320706
17793,-0.046221
17794,0.723666
17795,1.982756
17796,-1.561536
17797,2.165822
17798,0.620242
17799,-0.454809
17800,-0.792968
17801,-1.658402
17802,0.030126
17803,-0.830556
17804,-0.646915
17805,-2.007066
17806,-0.684864
17807,-0.770952
17808,1.490071
17809,2.215338
17810,1.629877
17811,-0.080192
17812,0.321352
17813,-0.008222
17814,-0.525653
17815,-0.975493
17816,-0.517373
17817,-0.688247
17818,-0.428928
17819,-0.524422
17820,-0.070350
17821,1.141252
17822,-0.320244
17823,-0.188710
17824,0.429255
17825,1.756875
17826,-0.624386
17827,-0.204566
17828,-0.471523
17829,0.660645
17830,-1.030577
17831,-1.615893
17832,0.001723
17833,-0.359364
17834,0.271796
17835,2.470064
17836,1.272670
17837,-0.006669
17838,-0.293906
17839,-1.588857
17840,-0.976176
17841,-0.060192
17842,0.327750
17843,-0.213415
17844,0.955086
17845,-0.796951
17846,1.293204
17847,1.039807
17848,-0.147894
17849,0.279143
17850,-0.907017
17851,0.367882
17852,-0.081584
17853,-0.188318
17854,-0.683207
17855,0.391516
17856,0.501158
17857,0.981461
17858,-2.623120
17859,0.152541
17860,-1.101816
17861,0.763737
17862,-0.511181
17863,-0.684786
17864,0.736610
17865,-0.991915
17866,-1.214849
17867,0.863473
17868,-1.387926
17869,-0.462821
17870,-0.567545
17871,1.270016
17872,0.373317
17873,0.261045
17874,-1.532523
17875,-0.103906
17876,1.217759
17877,0.614048
17878,-0.627209
17879,0.162696
17880,0.987695
17881,-2.545815
17882,-0.960154
17883,-0.955990
17884,-0.886776
17885,-0.409369
17886,1.587367
17887,0.579691
17888,0.005595
17889,-0.345677
17890,0.266084
17891,0.175281
17892,-0.420201
17893,-0.085502
17894,0.649725
17895,0.551562
17896,-0.954228
17897,0.915764
17898,1.389151
17899,0.641442
17900,0.704922
17901,0.256943
17902,0.289068
17903,0.446874
17904,-1.697365
17905,-0.535144
17906,1.106565
17907,1.237364
17908,1.765545
17909,-0.012587
17910,0.872295
17911,-0.134802
17912,1.308502
17913,0.271835
17914,1.766172
17915,1.464610
17916,0.956983
17917,0.279057
17918,-0.174373
17919,-0.169147
17920,-2.008275
17921,0.917254
17922,-0.682563
17923,0.565350
17924,1.241765
17925,1.488999
17926,2.046757
17927,2.389423
17928,0.698003
17929,-1.033204
17930,-2.946888
17931,0.308501
17932,-0.923862
17933,0.976253
17934,-0.024650
17935,-1.307307
17936,-0.778670
17937,-0.080862
17938,-0.755243
17939,0.964471
17940,-1.680670
17941,0.824746
17942,-0.644636
17943,0.288891
17944,-0.260313
17945,0.254875
17946,0.409401
17947,-0.328391
17948,-1.680070
17949,-0.155386
17950,0.283670
17951,0.120914
17952,0.467113
17953,0.953974
17954,0.028153
17955,0.641497
17956,1.626135
17957,0.322856
17958,-2.355328
17959,-0.089143
17960,0.850624
17961,-0.525011
17962,0.659503
17963,0.136983
17964,0.475860
17965,-1.062941
17966,-0.066194
17967,0.182290
17968,0.584378
17969,-0.663170
17970,-0.368427
17971,-0.397326
17972,0.268373
17973,-1.969682
17974,-1.463225
17975,-1.337958
17976,-1.299442
17977,-1.188803
17978,0.343212
17979,0.094502
17980,0.943307
17981,-0.494180
17982,-0.177346
17983,0.327677
17984,-1.480630
17985,1.538549
17986,1.407076
17987,0.885202
17988,-0.655963
17989,0.555189
17990,1.051897
17991,-0.452219
17992,0.488987
17993,0.319848
17994,0.073491
17995,-1.365527
17996,-0.107568
17997,1.308173
17998,0.056426
17999,-1.929320
18000,-2.208288
18001,-1.229502
18002,-0.680701
18003,0.383009
18004,-0.318904
18005,-1.073226
18006,0.638860
18007,0.893054
18008,1.437030
18009,0.987641
18010,0.909444
18011,0.108695
18012,1.266787
18013,-0.650974
18014,-1.046683
18015,2.053563
18016,0.246417
18017,-2.215340
18018,-2.557444
18019,0.282974
18020,0.153022
18021,0.592713
18022,-0.486890
18023,1.001091
18024,0.245104
18025,0.433483
18026,-0.402662
18027,0.492014
18028,1.141109
18029,-0.079947
18030,1.250428
18031,-1.372276
18032,0.143154
18033,1.332868
18034,-1.052906
18035,0.212878
18036,-1.107206
18037,0.044499
18038,-0.293139
18039,-1.130600
18040,-0.227696
18041,-0.247646
18042,-0.377906
18043,2.203526
18044,1.224503
18045,0.451592
18046,0.228406
18047,-1.061475
18048,1.353653
18049,2.395857
18050,-0.884751
18051,0.637080
18052,-0.221673
18053,1.288904
18054,0.418746
18055,2.168057
18056,0.551679
18057,-0.395021
18058,0.668639
18059,1.014191
18060,0.959379
18061,2.134650
18062,1.422947
18063,-1.381339
18064,0.580922
18065,0.528104
18066,0.568291
18067,0.006184
18068,-0.419716
18069,-1.403312
18070,0.979647
18071,1.030641
18072,1.893291
18073,1.202644
18074,-2.178799
18075,-0.358721
18076,-0.063365
18077,1.215562
18078,1.495083
18079,-1.446484
18080,-1.856995
18081,-0.969732
18082,0.249883
18083,-1.659603
18084,-0.857324
18085,-1.459798
18086,-1.715846
18087,0.846065
18088,-0.872069
18089,0.733860
18090,-0.777154
18091,0.629157
18092,-1.218697
18093,-0.944519
18094,-1.128239
18095,0.192927
18096,0.084798
18097,-0.505526
18098,0.041340
18099,-0.674688
18100,0.851914
18101,0.053605
18102,-0.728302
18103,0.112865
18104,0.254800
18105,-0.333866
18106,0.646824
18107,-1.971327
18108,0.535518
18109,1.230880
18110,0.237779
18111,-0.267247
18112,0.885447
18113,-0.034116
18114,-0.434073
18115,0.326373
18116,0.151347
18117,0.402672
18118,-0.687827
18119,0.657318
18120,0.262886
18121,0.329934
18122,0.098341
18123,0.701301
18124,-1.905159
18125,1.509678
18126,2.139752
18127,-0.828493
18128,-2.862693
18129,0.861123
18130,0.618471
18131,0.768027
18132,0.415700
18133,-0.411613
18134,0.844793
18135,0.228988
18136,-0.144936
18137,0.033454
18138,0.262465
18139,-1.392772
18140,0.088418
18141,-1.153930
18142,-0.625471
18143,0.088363
18144,0.383306
18145,0.743317
18146,0.220482
18147,-1.246795
18148,-1.046594
18149,0.818865
18150,1.261891
18151,0.628483
18152,1.030830
18153,-0.467178
18154,-0.665311
18155,0.144771
18156,-0.758090
18157,-1.535114
18158,-0.939260
18159,0.074467
18160,0.565001
18161,-0.181096
18162,1.013651
18163,-0.006549
18164,1.034957
18165,-0.328770
18166,1.507404
18167,0.077931
18168,-1.234462
18169,-0.975381
18170,-1.125609
18171,0.795132
18172,-0.548554
18173,-1.074416
18174,-1.580654
18175,1.852097
18176,1.045103
18177,-0.352848
18178,-1.594392
18179,-1.236577
18180,0.479307
18181,-1.485513
18182,-0.005277
18183,-0.091000
18184,-1.321864
18185,-1.058189
18186,0.224871
18187,0.159378
18188,1.726257
18189,-0.848626
18190,0.479189
18191,-0.641685
18192,-0.350892
18193,-0.750212
18194,-1.901384
18195,0.509848
18196,1.285439
18197,1.156579
18198,1.740784
18199,0.964217
18200,-1.073246
18201,0.339121
18202,0.027543
18203,0.429039
18204,2.101001
18205,1.928536
18206,-0.086934
18207,0.749801
18208,0.931084
18209,-0.200840
18210,-0.369719
18211,1.935603
18212,2.265218
18213,0.654730
18214,-0.720648
18215,1.314576
18216,1.431714
18217,-0.094682
18218,0.554079
18219,1.296965
18220,-0.069595
18221,0.925589
18222,1.970752
18223,3.366107
18224,0.848263
18225,-0.944891
18226,0.717385
18227,1.190930
18228,-1.005959
18229,0.536670
18230,1.346474
18231,-0.220730
18232,1.336664
18233,0.393770
18234,-0.361768
18235,1.937797
18236,-0.070256
18237,-1.285089
18238,-1.178735
18239,-0.719774
18240,-1.064294
18241,-0.391029
18242,1.930073
18243,-0.845991
18244,-0.687584
18245,-0.032298
18246,-1.978897
18247,0.061650
18248,-0.310909
18249,2.266696
18250,0.819168
18251,1.367964
18252,-0.180566
18253,-0.886780
18254,-1.199197
18255,-0.366706
18256,-0.840477
18257,-1.226766
18258,-0.861355
18259,1.599217
18260,1.168081
18261,-0.131882
18262,-0.448157
18263,-1.381194
18264,1.289324
18265,0.797480
18266,0.892757
18267,-0.113158
18268,1.415056
18269,0.371465
18270,-0.076698
18271,0.664030
18272,0.671949
18273,-1.082934
18274,-0.602770
18275,-1.051401
18276,-0.115001
18277,-0.935871
18278,-0.749989
18279,0.698841
18280,0.781342
18281,1.615536
18282,0.330809
18283,1.477067
18284,1.794335
18285,-0.445875
18286,-0.568239
18287,0.682455
18288,0.737383
18289,1.150557
18290,1.174154
18291,-0.236444
18292,0.835365
18293,-0.615834
18294,0.178981
18295,-0.168052
18296,1.040941
18297,-0.165634
18298,1.176662
18299,0.800772
18300,0.190828
18301,1.406806
18302,-0.189252
18303,1.465401
18304,0.333087
18305,0.060089
18306,-0.220766
18307,-1.289123
18308,0.080499
18309,0.094537
18310,-0.657782
18311,1.974704
18312,1.647709
18313,-0.696872
18314,-0.836497
18315,0.312956
18316,0.580256
18317,0.160416
18318,1.586464
18319,0.837410
18320,-0.786687
18321,2.130153
18322,2.384766
18323,-0.056445
18324,-2.531377
18325,0.384638
18326,0.045892
18327,-0.089369
18328,1.028392
18329,0.903902
18330,-0.707480
18331,0.068007
18332,0.650283
18333,-1.356205
18334,0.000561
18335,-0.937171
18336,0.242560
18337,0.141110
18338,0.792091
18339,0.573391
18340,0.266188
18341,1.834639
18342,-1.949076
18343,-1.656629
18344,0.207529
18345,-0.881463
18346,1.435591
18347,-0.357971
18348,2.293635
18349,1.250386
18350,-0.648282
18351,-0.086946
18352,-0.790422
18353,0.887407
18354,-0.769647
18355,1.150058
18356,0.252147
18357,0.865361
18358,0.637376
18359,0.876295
18360,0.727025
18361,-0.493601
18362,0.274798
18363,-0.253067
18364,0.106846
18365,1.543193
18366,0.550201
18367,2.068616
18368,0.558180
18369,-0.771675
18370,-0.203360
18371,-0.441195
18372,-0.567983
18373,-1.363970
18374,-0.090668
18375,-1.328187
18376,0.241817
18377,-0.597953
18378,-0.265164
18379,0.126639
18380,0.269042
18381,0.793553
18382,1.200986
18383,-0.403307
18384,1.921362
18385,0.416326
18386,0.889104
18387,-0.093134
18388,0.315533
18389,-1.264888
18390,-0.962017
18391,0.482766
18392,-2.028952
18393,0.917902
18394,-0.924450
18395,1.428553
18396,2.261737
18397,-0.820286
18398,-0.320842
18399,0.570438
18400,-0.027755
18401,0.591616
18402,-2.311656
18403,0.632146
18404,0.380880
18405,-1.414324
18406,-2.256247
18407,-0.970909
18408,2.034894
18409,0.904683
18410,1.213925
18411,-0.609369
18412,0.448970
18413,-1.119363
18414,0.818710
18415,0.842496
18416,-0.599516
18417,-0.984205
18418,-1.375461
18419,-0.677454
18420,-0.696205
18421,-0.293699
18422,0.490395
18423,-0.712347
18424,-0.469950
18425,-0.861663
18426,0.238632
18427,0.609413
18428,0.895208
18429,-0.822287
18430,0.509040
18431,2.413311
18432,1.785025
18433,-1.105640
18434,0.347433
18435,-0.147852
18436,1.857324
18437,1.057662
18438,0.456174
18439,-1.140876
18440,-0.058631
18441,-0.721711
18442,-0.730229
18443,1.460869
18444,-0.229250
18445,-1.110938
18446,0.689723
18447,-0.290118
18448,-1.466410
18449,0.437064
18450,-1.216268
18451,0.799095
18452,0.719447
18453,-0.381771
18454,1.389953
18455,1.933470
18456,-0.341344
18457,-0.408472
18458,1.572576
18459,-0.011491
18460,0.744074
18461,0.683757
18462,-0.485705
18463,-0.972757
18464,-0.234170
18465,1.283017
18466,-0.928167
18467,0.697111
18468,2.615660
18469,-0.038110
18470,-0.299085
18471,-0.666585
18472,-1.991863
18473,-0.990603
18474,-0.541065
18475,0.572305
18476,0.186979
18477,1.011583
18478,0.916534
18479,-0.724995
18480,-0.312301
18481,0.793840
18482,0.731783
18483,0.165689
18484,-2.044887
18485,-0.992734
18486,-1.837135
18487,0.549107
18488,-0.107492
18489,-1.022789
18490,-1.534651
18491,-1.424066
18492,0.465322
18493,-0.283724
18494,-2.484412
18495,-1.340598
18496,0.927929
18497,1.610595
18498,-0.748567
18499,0.106717
18500,1.286091
18501,-0.092342
18502,-0.076271
18503,0.686770
18504,0.274854
18505,-0.062319
18506,-1.366766
18507,-0.573297
18508,1.145848
18509,0.588482
18510,0.663844
18511,1.569964
18512,-0.059431
18513,-0.690446
18514,-2.377350
18515,-2.214689
18516,-1.572610
18517,0.991155
18518,0.743096
18519,-1.026128
18520,-1.664247
18521,-0.866815
18522,0.394455
18523,-1.001397
18524,0.381605
18525,-0.486647
18526,-0.478884
18527,-0.118361
18528,0.968440
18529,-1.080848
18530,-0.363431
18531,-1.089850
18532,-1.719126
18533,-0.701563
18534,-0.272994
18535,-1.855921
18536,-0.916793
18537,1.026663
18538,0.869718
18539,0.573276
18540,1.259041
18541,1.381807
18542,1.722471
18543,-0.425782
18544,-1.377859
18545,-2.058941
18546,0.382121
18547,0.433028
18548,0.421613
18549,1.226148
18550,-1.148089
18551,0.596671
18552,0.975612
18553,-0.443162
18554,0.552493
18555,-2.186292
18556,-0.993725
18557,0.845973
18558,1.837874
18559,-0.015454
18560,0.838183
18561,0.870018
18562,-0.333007
18563,-1.696134
18564,0.458057
18565,-0.082475
18566,0.770387
18567,0.630550
18568,-0.493034
18569,0.811279
18570,-0.146159
18571,1.327327
18572,0.874306
18573,1.565433
18574,0.379918
18575,1.611417
18576,-0.549208
18577,0.764367
18578,-0.993272
18579,-0.029583
18580,0.374449
18581,-2.213164
18582,-1.206837
18583,0.095268
18584,-1.709961
18585,-0.828719
18586,-0.768532
18587,-1.005957
18588,3.040724
18589,1.568366
18590,1.391507
18591,0.078484
18592,-0.979073
18593,-0.557490
18594,0.226407
18595,-0.163708
18596,-0.958456
18597,0.339105
18598,-0.848264
18599,-0.303523
18600,-1.209430
18601,1.181804
18602,1.856663
18603,-0.338300
18604,-0.432334
18605,-1.023922
18606,-0.675881
18607,-0.725599
18608,1.607044
18609,0.567805
18610,1.318776
18611,0.258654
18612,0.641064
18613,-0.437057
18614,0.427267
18615,0.954106
18616,-0.540303
18617,-0.349421
18618,0.665605
18619,-1.059479
18620,1.441260
18621,0.895226
18622,-0.027613
18623,0.354803
18624,1.067825
18625,0.430500
18626,0.272891
18627,-0.828183
18628,0.093796
18629,-0.643633
18630,0.725428
18631,-0.194585
18632,-0.019487
18633,0.172731
18634,-0.249983
18635,-0.522626
18636,0.468890
18637,1.113910
18638,-2.022493
18639,-0.162145
18640,-0.278368
18641,0.452567
18642,1.005172
18643,1.830817
18644,-0.945912
18645,0.319832
18646,0.069996
18647,-1.390523
18648,-1.259442
18649,-0.211370
18650,0.339523
18651,0.532369
18652,-0.801805
18653,-0.738561
18654,-1.167857
18655,-0.922981
18656,-0.978946
18657,-0.159174
18658,0.322030
18659,0.802808
18660,-1.270053
18661,-1.554496
18662,1.776443
18663,-0.158641
18664,-1.672929
18665,-0.676454
18666,-0.499654
18667,0.122473
18668,-0.618708
18669,-0.929928
18670,0.041977
18671,-1.018545
18672,0.561162
18673,0.218844
18674,-1.764265
18675,0.960251
18676,-0.933461
18677,-0.639924
18678,0.026858
18679,-1.411275
18680,-2.259301
18681,-0.680029
18682,-1.398168
18683,0.130324
18684,-0.467072
18685,0.086738
18686,0.453159
18687,-0.199284
18688,-0.245961
18689,1.198726
18690,1.775967
18691,2.008654
18692,-0.208458
18693,-0.840903
18694,1.848846
18695,0.016599
18696,0.153096
18697,0.438218
18698,-0.652159
18699,0.117170
18700,-0.882327
18701,-0.687927
18702,-1.169888
18703,-1.696143
18704,-0.332894
18705,0.604643
18706,1.698190
18707,0.411604
18708,0.087686
18709,0.443589
18710,-0.034267
18711,-0.206918
18712,0.200376
18713,-0.335683
18714,-1.796755
18715,-0.592696
18716,-0.654134
18717,0.395608
18718,-0.199867
18719,-0.726282
18720,0.471795
18721,-0.978581
18722,-2.109965
18723,-0.285325
18724,-0.209748
18725,-0.085277
18726,-1.265451
18727,-1.981230
18728,0.045970
18729,0.404025
18730,1.288394
18731,-1.199504
18732,-1.061202
18733,1.335120
18734,0.805548
18735,0.540144
18736,1.072895
18737,-2.725662
18738,-0.799286
18739,0.481122
18740,-2.685084
18741,-1.050600
18742,-0.402089
18743,1.626240
18744,-0.077702
18745,-0.235495
18746,0.560914
18747,-0.303902
18748,0.786559
18749,-1.161885
18750,-0.891285
18751,-1.743288
18752,-2.021552
18753,-0.105527
18754,0.175468
18755,0.414213
18756,1.029641
18757,-0.167726
18758,0.299890
18759,0.430520
18760,-0.152765
18761,0.685411
18762,-0.788270
18763,-1.384739
18764,1.112178
18765,-0.368786
18766,-0.561660
18767,1.683741
18768,-0.794779
18769,1.500036
18770,2.611611
18771,-0.617561
18772,-2.085447
18773,0.069025
18774,-0.028184
18775,-1.318817
18776,0.021251
18777,0.875994
18778,1.050308
18779,-1.290601
18780,0.001397
18781,-0.078834
18782,-0.920928
18783,0.882375
18784,-0.478714
18785,-1.272086
18786,-1.560424
18787,-0.415118
18788,-1.695711
18789,0.382764
18790,0.866809
18791,-0.966634
18792,0.334417
18793,0.279094
18794,-0.187037
18795,2.211947
18796,0.342360
18797,-1.207019
18798,-0.635694
18799,1.541538
18800,1.697423
18801,-1.057175
18802,0.099478
18803,0.927117
18804,1.960100
18805,0.631261
18806,-1.137406
18807,-0.584983
18808,0.660079
18809,-0.101785
18810,1.992871
18811,-0.856288
18812,0.318813
18813,-0.605251
18814,-0.937846
18815,-2.062117
18816,1.861387
18817,0.430114
18818,1.879280
18819,0.586873
18820,0.722196
18821,-0.484048
18822,0.936604
18823,-0.939252
18824,-1.362838
18825,-1.555538
18826,-0.478306
18827,0.518109
18828,-0.279895
18829,-0.704363
18830,-0.567590
18831,0.206024
18832,-0.041391
18833,0.154063
18834,3.042039
18835,0.403437
18836,-0.753975
18837,0.659298
18838,1.644731
18839,0.904576
18840,0.306731
18841,-1.361017
18842,-0.311349
18843,0.855036
18844,0.367453
18845,0.504594
18846,0.140778
18847,-0.067791
18848,1.190799
18849,0.765464
18850,2.021173
18851,-0.294130
18852,-0.841503
18853,0.602783
18854,1.193209
18855,0.348930
18856,-0.439670
18857,0.265619
18858,-2.470079
18859,-0.661736
18860,-0.208621
18861,-2.266228
18862,-0.461116
18863,1.155523
18864,-1.547764
18865,0.765484
18866,0.033371
18867,1.553406
18868,0.522693
18869,1.388530
18870,1.975968
18871,0.303627
18872,-1.126051
18873,0.109498
18874,-1.453132
18875,-2.400995
18876,-0.835964
18877,61.798526
18878,81.613300
18879,84.057736
18880,83.173260
18881,89.372435
18882,83.831937
18883,88.373359
18884,88.995717
18885,87.778831
18886,86.449203
18887,84.101270
18888,85.391259
18889,87.288067
18890,89.095291
18891,88.162408
18892,85.077078
18893,86.097282
18894,86.575571
18895,86.335475
18896,87.445992
18897,84.823806
18898,82.634434
18899,88.778432
18900,88.242436
18901,82.673436
18902,83.796638
18903,87.359229
18904,87.891178
18905,84.723622
18906,84.968472
18907,84.117186
18908,88.953314
18909,87.633196
18910,87.190519
18911,86.509939
18912,86.948374
18913,90.355543
18914,89.105209
18915,87.799101
18916,88.210343
18917,85.352887
18918,83.944219
18919,83.777508
18920,84.964158
18921,83.857742
18922,86.798046
18923,86.909650
18924,88.062950
18925,86.602416
18926,86.025466
18927,87.542465
18928,87.276279
18929,88.023732
18930,85.175203
18931,87.204754
18932,87.203526
18933,88.393821
18934,86.174193
18935,83.790025
18936,84.427040
18937,87.788546
18938,87.381408
18939,87.749982
18940,86.647610
18941,89.598313
18942,90.437422
18943,88.966751
18944,88.439572
18945,85.559180
18946,85.015244
18947,84.216199
18948,85.099789
18949,82.965222
18950,84.503777
18951,87.670764
18952,87.910837
18953,86.714823
18954,86.777201
18955,89.677866
18956,88.280852
18957,82.920730
18958,86.811631
18959,87.066341
18960,85.990112
18961,87.488739
18962,83.278952
18963,84.216417
18964,83.865980
18965,86.493599
18966,88.736449
18967,89.137614
18968,85.268614
18969,89.815208
18970,88.111209
18971,87.125444
18972,85.741635
18973,89.290308
18974,88.203492
18975,87.560878
18976,88.281868
18977,89.947230
18978,85.881542
18979,85.238404
18980,84.222115
18981,86.445803
18982,85.701409
18983,83.346216
18984,86.401058
18985,85.393015
18986,84.547720
18987,84.821075
18988,87.777923
18989,93.839814
18990,89.899626
18991,89.478983
18992,88.458404
18993,85.340425
18994,87.359998
18995,87.720664
18996,88.982623
18997,86.311440
18998,85.397888
18999,86.332806
19000,84.944532
19001,87.075269
19002,84.721957
19003,85.693327
19004,85.140522
19005,91.699399
19006,87.155756
19007,84.425722
19008,80.603366
19009,87.987460
19010,88.193956
19011,89.655896
19012,89.524535
19013,87.663896
19014,87.357294
19015,87.359595
19016,86.230800
19017,88.365814
19018,88.244761
19019,85.784776
19020,86.939796
19021,89.920581
19022,89.172073
19023,87.887900
19024,87.025602
19025,86.291303
19026,85.700237
19027,85.927565
19028,89.271329
19029,83.127382
19030,86.243524
19031,85.176993
19032,85.537773
19033,90.171798
19034,87.546074
19035,84.080125
19036,82.941749
19037,87.179997
19038,87.352116
19039,86.715518
19040,84.887019
19041,82.150124
19042,86.699008
19043,85.422489
19044,84.281817
19045,85.719270
19046,87.353106
19047,88.266302
19048,88.886546
19049,87.714496
19050,86.430499
19051,87.764534
19052,89.038073
19053,86.676727
19054,87.707274
19055,84.829907
19056,85.838699
19057,86.120054
19058,85.412936
19059,86.047806
19060,86.732507
19061,86.648826
19062,87.697146
19063,85.452445
19064,87.617177
19065,86.961820
19066,87.157845
19067,86.515167
19068,88.325858
19069,84.917003
19070,84.973166
19071,85.716322
19072,86.336344
19073,88.009377
19074,87.800563
19075,91.522978
19076,90.323736
19077,90.292107
19078,84.184908
19079,90.006349
19080,88.446325
19081,88.364039
19082,85.301696
19083,85.671344
19084,84.770179
19085,87.363965
19086,86.904017
19087,84.951052
19088,84.661540
19089,83.450403
19090,81.085904
19091,82.669636
19092,87.050841
19093,86.175470
19094,87.148004
19095,86.371628
19096,90.384132
19097,86.809721
19098,87.556194
19099,88.594188
19100,86.513385
19101,87.201125
19102,90.490250
19103,86.851500
19104,87.853891
19105,87.054593
19106,85.646103
19107,88.230527
19108,87.079413
19109,86.222384
19110,85.122701
19111,82.925444
19112,87.632445
19113,84.168200
19114,79.371054
19115,87.689078
19116,87.231387
19117,86.132102
19118,84.892071
19119,85.404581
19120,83.935106
19121,80.037942
19122,82.842480
19123,82.189253
19124,83.629823
19125,87.962605
19126,87.352322
19127,89.014864
19128,92.139504
19129,86.877075
19130,82.908287
19131,87.531219
19132,87.716795
19133,83.199955
19134,87.812113
19135,84.564619
19136,85.159693
19137,87.958857
19138,88.631785
19139,89.925390
19140,84.941379
19141,84.714250
19142,85.223947
19143,84.810954
19144,87.216873
19145,81.068753
19146,85.460413
19147,20.752272
19148,4.516296
19149,1.336155
19150,0.631575
19151,1.221658
19152,-0.480298
19153,-0.645724
19154,-0.793123
19155,-0.534886
19156,-0.528448
19157,-0.598102
19158,2.173804
19159,0.356802
19160,0.041596
19161,-1.142912
19162,0.125657
19163,1.200707
19164,-0.880410
19165,-0.194342
19166,-0.249094
19167,0.204702
19168,0.169446
19169,0.538367
19170,-0.344352
19171,-1.158044
19172,-0.288907
19173,-1.370852
19174,-1.860566
19175,-0.499603
19176,-1.059293
19177,-0.923076
19178,-0.432004
19179,-1.100544
19180,0.327903
19181,0.262907
19182,2.325525
19183,0.914032
19184,0.582154
19185,0.311792
19186,0.585662
19187,-0.797999
19188,0.581921
19189,0.868318
19190,0.923705
19191,2.329244
19192,2.343364
19193,2.450353
19194,0.784573
19195,1.427426
19196,1.416263
19197,0.960104
19198,0.564035
19199,-0.039282
19200,0.847698
19201,-0.778963
19202,-0.178602
19203,0.602145
19204,0.889844
19205,1.309782
19206,1.211237
19207,-1.121087
19208,1.206994
19209,0.321311
19210,0.706897
19211,-0.403840
19212,1.261550
19213,-0.976464
19214,0.534171
19215,-0.360709
19216,0.487374
19217,0.704506
19218,-1.121269
19219,-0.388844
19220,-1.215728
19221,-0.060136
19222,-0.637616
19223,-1.507088
19224,-0.286484
19225,0.361505
19226,1.271188
19227,0.423170
19228,-0.931341
19229,-1.205067
19230,-0.411086
19231,-1.603438
19232,0.417437
19233,0.468667
19234,-0.705548
19235,-1.157737
19236,-2.121179
19237,-1.429835
19238,-0.409243
19239,0.079947
19240,-0.814655
19241,0.774991
19242,0.427176
19243,1.257250
19244,-0.771695
19245,0.318424
19246,0.108041
19247,0.010930
19248,-1.174797
19249,-1.420391
19250,-1.848530
19251,-0.373795
19252,0.748565
19253,0.189631
19254,-1.565658
19255,-0.194508
19256,-0.389913
19257,0.526397
19258,0.579800
19259,0.749098
19260,-1.084818
19261,0.118217
19262,-0.393138
19263,-0.104542
19264,0.471893
19265,-0.891677
19266,-0.992297
19267,-0.658649
19268,1.215522
19269,0.661581
19270,0.850980
19271,0.127203
19272,-0.032696
19273,-0.421656
19274,0.768075
19275,0.910004
19276,0.881853
19277,-1.834640
19278,1.011369
19279,-1.230562
19280,-0.826134
19281,-1.283234
19282,0.310806
19283,0.208674
19284,-2.178586
19285,-1.697431
19286,-1.091685
19287,1.068702
19288,-2.144194
19289,-1.675544
19290,0.581957
19291,1.939533
19292,0.684929
19293,0.425575
19294,0.794583
19295,-1.807875
19296,-0.894788
19297,1.066218
19298,1.205235
19299,-0.017965
19300,-0.841105
19301,0.112460
19302,-0.566250
19303,1.137717
19304,0.790181
19305,-0.000152
19306,1.069676
19307,0.038140
19308,1.210679
19309,0.413268
19310,0.478375
19311,-1.866377
19312,0.116336
19313,0.602606
19314,-0.910319
19315,1.064868
19316,0.551438
19317,-0.012188
19318,-0.129771
19319,0.063260
19320,-0.918389
19321,0.594420
19322,2.379810
19323,1.034865
19324,0.762453
19325,-0.478598
19326,-0.008597
19327,2.022576
19328,-0.459671
19329,0.270143
19330,0.367274
19331,-0.938599
19332,-0.174425
19333,-1.774161
19334,-0.625565
19335,-0.922467
19336,-0.336827
19337,-0.361939
19338,-0.359827
19339,-0.877487
19340,0.255201
19341,0.668254
19342,-0.350597
19343,-2.077541
19344,-1.127173
19345,0.802128
19346,-0.054319
19347,1.583082
19348,0.332850
19349,-1.827657
19350,0.586479
19351,0.352041
19352,0.691960
19353,-0.150265
19354,-1.192767
19355,-0.017876
19356,0.672786
19357,-0.377492
19358,-0.188442
19359,-1.475150
19360,-0.833718
19361,-0.588506
19362,0.257035
19363,0.570926
19364,-1.163204
19365,-0.575924
19366,0.305233
19367,0.281081
19368,0.012633
19369,0.602888
19370,0.732939
19371,0.361811
19372,0.809504
19373,0.891815
19374,-0.039446
19375,1.258942
19376,-1.368499
19377,-0.796473
19378,-0.583758
19379,-1.650777
19380,-1.249334
19381,-2.373250
19382,-2.352499
19383,0.008090
19384,-0.686006
19385,-1.418225
19386,-1.111963
19387,-0.890174
19388,-0.839702
19389,1.089220
19390,-1.687966
19391,-1.421610
19392,-1.952182
19393,-1.118535
19394,-1.772814
19395,-0.937684
19396,0.225791
19397,-0.769781
19398,-0.867287
19399,-0.696258
19400,-0.492474
19401,-0.749838
19402,0.350883
19403,0.022400
19404,0.098813
19405,-0.206812
19406,0.930730
19407,-0.055262
19408,-0.736040
19409,0.537505
19410,0.071171
19411,-0.507178
19412,0.613350
19413,1.092185
19414,0.419735
19415,0.240630
19416,0.618012
19417,1.197602
19418,-0.813849
19419,0.228170
19420,-1.871059
19421,0.281337
19422,-1.240926
19423,0.594557
19424,1.269849
19425,0.899659
19426,2.994991
19427,0.027381
19428,-0.429756
19429,0.132310
19430,0.529094
19431,1.412127
19432,0.876204
19433,-0.531596
19434,-0.676632
19435,-0.369318
19436,-0.132849
19437,0.294625
19438,-0.295451
19439,-1.062389
19440,-0.650041
19441,0.185605
19442,-2.307086
19443,0.141802
19444,2.212099
19445,0.446610
19446,-1.209638
19447,0.633473
19448,-1.433694
19449,-0.473639
19450,-1.033995
19451,0.713775
19452,-0.393017
19453,-0.026201
19454,-0.275198
19455,1.468849
19456,-0.455359
19457,-0.067933
19458,-0.022310
19459,-0.460843
19460,-0.981362
19461,2.157468
19462,-1.645517
19463,-1.405364
19464,-0.904231
19465,-1.182726
19466,-0.377013
19467,2.223155
19468,0.393907
19469,-0.516101
19470,0.039726
19471,0.568809
19472,1.099726
19473,0.124212
19474,-0.138506
19475,-1.504188
19476,-1.198123
19477,-1.027410
19478,1.474850
19479,1.223837
19480,-0.516484
19481,0.561450
19482,-1.176318
19483,0.136870
19484,2.802331
19485,1.209608
19486,2.213297
19487,0.222572
19488,1.215051
19489,0.428255
19490,-0.780712
19491,-0.157712
19492,1.611357
19493,0.319442
19494,0.787865
19495,-1.778680
19496,-1.314695
19497,0.016814
19498,0.492239
19499,-0.285260
19500,0.111002
19501,-1.167113
19502,-0.220009
19503,-1.053710
19504,-1.783735
19505,2.174650
19506,1.787729
19507,-0.969074
19508,1.111011
19509,0.243575
19510,-1.182457
19511,0.877436
19512,0.174178
19513,-1.304326
19514,0.515064
19515,1.425280
19516,-0.229013
19517,-1.335275
19518,0.132693
19519,-0.355106
19520,-0.215473
19521,-0.050197
19522,-0.751333
19523,-1.415688
19524,-0.482811
19525,0.988836
19526,-0.599472
19527,-1.019489
19528,-1.620625
19529,0.299739
19530,-0.538655
19531,-1.867240
19532,0.544380
19533,0.584158
19534,-0.170737
19535,0.190148
19536,0.760654
19537,0.343895
19538,0.928926
19539,-0.318771
19540,-0.199821
19541,1.173899
19542,1.111984
19543,-0.332479
19544,0.389121
19545,-0.694285
19546,2.310013
19547,-0.738188
19548,-0.987930
19549,-0.163248
19550,-0.791463
19551,-0.034084
19552,-1.070404
19553,-0.933376
19554,-1.475549
19555,-1.133049
19556,0.622967
19557,0.589113
19558,0.594283
19559,-0.839614
19560,-0.511321
19561,-0.699718
19562,-0.847840
19563,-0.741325
19564,0.512801
19565,0.988852
19566,-0.952762
19567,1.712463
19568,1.044588
19569,-0.453802
19570,1.057335
19571,0.998217
19572,-1.297893
19573,-2.438075
19574,-1.768423
19575,-0.534681
19576,-0.070787
19577,-0.626840
19578,-1.232663
19579,0.571759
19580,-0.897981
19581,1.122580
19582,0.707884
19583,1.227303
19584,-0.639151
19585,-0.080073
19586,1.783771
19587,0.466336
19588,0.657442
19589,-0.874760
19590,-1.921877
19591,-0.447546
19592,0.082493
19593,0.619672
19594,-0.249308
19595,-0.100577
19596,0.221209
19597,0.266487
19598,1.306708
19599,-0.300160
19600,-0.030774
19601,-0.825885
19602,-0.996974
19603,-2.024951
19604,-1.566542
19605,-2.005620
19606,-0.572853
19607,0.738452
19608,-0.531792
19609,0.465378
19610,1.103080
19611,0.560350
19612,-0.991979
19613,1.273218
19614,-1.458553
19615,-0.396201
19616,0.386210
19617,0.237054
19618,-0.371465
19619,-0.282824
19620,-0.199197
19621,1.031262
19622,-0.885992
19623,-0.370165
19624,-1.097872
19625,1.322224
19626,-0.094142
19627,-0.411806
19628,0.343519
19629,0.224042
19630,0.560503
19631,-1.212703
19632,0.468923
19633,1.313272
19634,0.298818
19635,-0.326800
19636,-1.703542
19637,1.613719
19638,0.283375
19639,-1.379358
19640,-0.728611
19641,0.468142
19642,-0.655454
19643,0.376146
19644,0.796655
19645,0.576892
19646,-0.643191
19647,0.573531
19648,-1.259757
19649,-2.415339
19650,-0.009285
19651,-1.021908
19652,-1.832081
19653,-0.763000
19654,0.132116
19655,-2.249495
19656,0.643711
19657,-2.143026
19658,-0.671001
19659,1.796770
19660,-0.279088
19661,0.028980
19662,0.524494
19663,0.889278
19664,0.468975
19665,1.141181
19666,-0.597664
19667,-0.173346
19668,0.674225
19669,2.648043
19670,0.139085
19671,-0.995779
19672,-0.066125
19673,-1.553294
19674,-0.252865
19675,1.167408
19676,0.076144
19677,-0.894902
19678,-1.746747
19679,-1.732759
19680,-2.598999
19681,0.022523
19682,0.165097
19683,-1.510664
19684,0.103573
19685,-0.728605
19686,0.905804
19687,0.658414
19688,-0.671432
19689,-0.470418
19690,-1.116023
19691,0.346159
19692,0.551951
19693,0.141962
19694,-1.366544
19695,-1.610957
19696,0.261277
19697,1.288039
19698,-1.240091
19699,0.396153
19700,1.375623
19701,1.401190
19702,-0.136152
19703,0.932417
19704,0.867835
19705,0.156287
19706,-0.065329
19707,1.306827
19708,0.667300
19709,-0.415015
19710,0.814197
19711,-1.634969
19712,-0.772557
19713,-1.114962
19714,0.948991
19715,-2.439876
19716,-0.976914
19717,0.851015
19718,0.284196
19719,0.979193
19720,1.499935
19721,0.538993
19722,-1.437737
19723,-2.073039
19724,1.034137
19725,0.060184
19726,-0.619212
19727,-0.450827
19728,-2.313256
19729,0.123043
19730,-1.277266
19731,1.289564
19732,0.141918
19733,0.691684
19734,0.411082
19735,-0.033946
19736,-0.800031
19737,0.486685
19738,0.362940
19739,-0.578137
19740,-1.378415
19741,0.528932
19742,0.483450
19743,0.333341
19744,0.772783
19745,0.653783
19746,-0.118165
19747,0.644538
19748,0.331668
19749,2.771000
19750,0.343192
19751,-0.429521
19752,-2.205334
19753,-3.477650
19754,-2.760254
19755,-1.164108
19756,-0.274979
19757,-1.579370
19758,-0.700760
19759,0.380424
19760,-1.025582
19761,-0.341439
19762,-0.568827
19763,0.237136
19764,1.797624
19765,0.303877
19766,1.450642
19767,1.147527
19768,1.683379
19769,1.985661
19770,1.458787
19771,-0.580587
19772,-1.408501
19773,0.899482
19774,-0.636488
19775,-0.658608
19776,-0.418566
19777,-0.098943
19778,1.432727
19779,0.692914
19780,0.164206
19781,-0.894298
19782,0.064976
19783,1.610154
19784,1.450177
19785,-0.552571
19786,-0.054555
19787,1.545291
19788,2.774166
19789,-0.176679
19790,0.653698
19791,-1.272811
19792,0.439133
19793,0.448949
19794,-0.582971
19795,1.659414
19796,1.405202
19797,0.624401
19798,-2.062666
19799,-1.055621
19800,2.097045
19801,0.728390
19802,1.152611
19803,-0.310179
19804,1.065840
19805,0.691346
19806,-0.121173
19807,-1.017684
19808,-1.187189
19809,0.623091
19810,1.873155
19811,1.551933
19812,-0.462215
19813,-1.611996
19814,0.993139
19815,0.259550
19816,-0.543229
19817,-0.926199
19818,-0.056227
19819,-1.405315
19820,-0.886424
19821,0.842379
19822,-0.971506
19823,0.219665
19824,2.604295
19825,1.979074
19826,0.729996
19827,0.832566
19828,-1.306255
19829,0.503715
19830,0.606084
19831,1.032439
19832,-0.154877
19833,-0.057906
19834,-0.309735
19835,1.006124
19836,0.010097
19837,0.432161
19838,0.172277
19839,-0.701020
19840,0.105923
19841,-0.953648
19842,2.893097
19843,3.300178
19844,-0.313054
19845,-0.062988
19846,-1.407407
19847,-0.979720
19848,-1.851679
19849,-0.796835
19850,0.003541
19851,0.156155
19852,0.538451
19853,-1.136445
19854,1.246736
19855,0.083264
19856,-0.600796
19857,-0.790630
19858,0.745969
19859,-0.779166
19860,0.511309
19861,-0.065579
19862,0.872642
19863,-0.426703
19864,-0.967793
19865,-0.923652
19866,-0.084133
19867,1.330051
19868,-1.126923
19869,-1.648871
19870,-0.008676
19871,0.159258
19872,1.019314
19873,0.286528
19874,0.195156
19875,2.081400
19876,1.840111
19877,0.338688
19878,0.610537
19879,-2.216164
19880,-1.248352
19881,1.017638
19882,1.689461
19883,0.147843
19884,1.413666
19885,1.041075
19886,1.756866
19887,0.444252
19888,-0.020451
19889,1.740210
19890,1.389345
19891,0.467116
19892,0.068449
19893,0.531365
19894,-1.504080
19895,-1.339108
19896,-0.263744
19897,0.692001
19898,0.208123
19899,-0.477333
19900,-1.121635
19901,1.351993
19902,1.737141
19903,-0.091374
19904,0.076474
19905,0.352975
19906,0.957258
19907,-0.474225
19908,0.156280
19909,-1.377821
19910,1.003657
19911,0.517631
19912,1.129646
19913,0.196625
19914,-0.036593
19915,-0.026176
19916,-0.185567
19917,-1.074455
19918,1.406465
19919,0.304229
19920,-0.250020
19921,0.185477
19922,1.004583
19923,-0.608477
19924,-0.179566
19925,1.619823
19926,1.477195
19927,2.135749
19928,0.091179
19929,-0.527607
19930,-0.352649
19931,-1.975787
19932,-0.915170
19933,-0.273065
19934,0.184288
19935,-0.361218
19936,0.174848
19937,0.807476
19938,-1.150163
19939,-0.435169
19940,0.421647
19941,1.074373
19942,0.770919
19943,-0.991282
19944,1.109107
19945,-0.149300
19946,-0.597238
19947,-0.774423
19948,0.733873
19949,1.671416
19950,1.302707
19951,-0.884729
19952,-0.553669
19953,-1.456530
19954,-0.369342
19955,1.252490
19956,1.898569
19957,0.036597
19958,0.145609
19959,-0.291837
19960,-0.121665
19961,0.783759
19962,0.869542
19963,0.760721
19964,0.666005
19965,0.713933
19966,0.955095
19967,0.134018
19968,0.920430
19969,2.276220
19970,0.737325
19971,-0.463242
19972,-0.720874
19973,-0.361532
19974,-1.286056
19975,0.046932
19976,0.321733
19977,-0.713926
19978,1.280688
19979,-0.092734
19980,-1.212561
19981,0.834861
19982,-0.402267
19983,0.578269
19984,-1.473474
19985,0.813313
19986,2.410983
19987,0.906432
19988,0.312307
19989,0.703156
19990,1.477328
19991,-1.070928
19992,0.485862
19993,0.687371
19994,-0.118126
19995,0.004388
19996,-1.110986
19997,-0.141243
19998,1.391158
19999,-0.361165
20000,-0.231279
20001,-1.265250
20002,-0.356180
20003,-1.878133
20004,-0.582027
20005,1.463764
20006,1.210091
20007,-0.468208
20008,0.075200
20009,1.097413
20010,-0.286222
20011,-0.250365
20012,0.642910
20013,-0.745021
20014,0.530478
20015,0.078706
20016,0.499933
20017,1.226300
20018,0.751711
20019,0.497786
20020,0.636085
20021,0.968066
20022,0.518576
20023,-0.074871
20024,0.653210
20025,0.857568
20026,-0.256697
20027,1.092048
20028,-0.017075
20029,-0.327789
20030,2.040618
20031,-1.421696
20032,-0.560124
20033,0.052276
20034,0.722835
20035,1.748941
20036,-0.508404
20037,-0.635222
20038,-0.082043
20039,0.407118
20040,-1.040196
20041,1.237083
20042,1.078774
20043,0.852685
20044,0.420643
20045,1.289144
20046,-0.324838
20047,-0.512573
20048,0.073845
20049,-0.126367
20050,-1.577192
20051,-0.813746
20052,-0.653476
20053,0.729604
20054,0.200271
20055,-0.196891
20056,-0.070937
20057,-0.610125
20058,0.311026
20059,0.400031
20060,0.157074
20061,-0.984180
20062,-0.074977
20063,0.983870
20064,-1.539344
20065,-0.655999
20066,-0.414487
20067,-0.409392
20068,-0.588562
20069,1.156326
20070,0.926572
20071,-1.104476
20072,2.350238
20073,0.440074
20074,-1.525841
20075,-2.191476
20076,0.538130
20077,1.770233
20078,1.935885
20079,1.958040
20080,2.465032
20081,-0.291599
20082,0.337174
20083,0.101083
20084,-0.449596
20085,-0.707756
20086,-0.430949
20087,-0.888475
20088,-1.975063
20089,-0.105872
20090,0.449195
20091,1.379881
20092,0.881153
20093,0.171190
20094,1.232994
20095,0.017208
20096,0.074450
20097,-1.258339
20098,1.533320
20099,2.065117
20100,0.577493
20101,0.930929
20102,1.248544
20103,0.344445
20104,-0.465534
20105,-1.307927
20106,0.163057
20107,0.213902
20108,-0.655635
20109,0.526474
20110,0.503170
20111,1.344557
20112,-0.889011
20113,-0.525175
20114,-1.507407
20115,1.322583
20116,0.110022
20117,1.158536
20118,0.584252
20119,-1.477511
20120,-1.443806
20121,0.442785
20122,1.172564
20123,0.687271
20124,-0.211483
20125,1.324238
20126,0.829176
20127,1.872539
20128,1.095707
20129,-1.651574
20130,0.273675
20131,-0.073436
20132,2.330988
20133,-0.146471
20134,-0.363874
20135,-1.141167
20136,0.111615
20137,0.543384
20138,-0.530762
20139,-0.502739
20140,-1.646342
20141,-0.835037
20142,-1.540155
20143,-0.661616
20144,0.549251
20145,0.105866
20146,-0.419737
20147,-1.199662
20148,1.091709
20149,0.208001
20150,0.489835
20151,0.116161
20152,-0.759671
20153,0.236496
20154,-0.326285
20155,-1.086533
20156,-1.020612
20157,-0.077322
20158,1.473249
20159,-1.035332
20160,-1.261341
20161,-0.976759
20162,-1.010016
20163,-0.281745
20164,-0.970627
20165,0.276468
20166,0.598492
20167,-0.380205
20168,0.379669
20169,0.636007
20170,-0.175174
20171,-1.032264
20172,0.933233
20173,0.806441
20174,-2.419126
20175,-1.051893
20176,-0.459834
20177,1.661848
20178,1.806392
20179,-0.416822
20180,-0.688176
20181,-0.518126
20182,-0.056470
20183,-0.369252
20184,0.521297
20185,-1.563056
20186,0.201366
20187,-1.426051
20188,-0.999288
20189,-0.396384
20190,-0.840286
20191,-0.678898
20192,1.850295
20193,0.525795
20194,0.825835
20195,0.088550
20196,-0.769334
20197,0.031665
20198,0.251584
20199,-1.397692
20200,-0.548027
20201,0.098257
20202,-0.239355
20203,0.496886
20204,-0.806812
20205,-0.150819
20206,2.584031
20207,-0.120071
20208,-3.058031
20209,-0.425600
20210,-0.754492
20211,-2.254213
20212,-0.483032
20213,0.209706
20214,1.595164
20215,-0.162042
20216,-1.597937
20217,-4.517278
20218,-2.101147
20219,0.078239
20220,1.587920
20221,0.173555
20222,1.087219
20223,-0.226802
20224,-0.615687
20225,0.337262
20226,0.179337
20227,-0.069254
20228,0.037747
20229,0.292045
20230,-0.688909
20231,-2.867908
20232,-2.578082
20233,-1.203331
20234,0.032350
20235,1.154648
20236,1.078959
20237,0.195726
20238,0.060524
20239,1.939964
20240,1.430074
20241,-0.975244
20242,-0.058335
20243,-2.493553
20244,0.033797
20245,0.380085
20246,1.679590
20247,0.670456
20248,2.423251
20249,-0.449241
20250,0.088428
20251,-0.403102
20252,1.608859
20253,1.736141
20254,0.196259
20255,-1.984327
20256,-0.454320
20257,1.629473
20258,-0.405303
20259,-0.749184
20260,-1.174521
20261,-1.205549
20262,-1.417985
20263,0.042152
20264,0.261845
20265,-0.860685
20266,-0.686250
20267,1.823659
20268,3.308102
20269,1.671982
20270,-0.154981
20271,-1.116299
20272,1.514934
20273,-1.113949
20274,0.113897
20275,0.035394
20276,-0.547658
20277,-1.629324
20278,-0.593383
20279,0.660619
20280,0.424452
20281,-1.279072
20282,0.831787
20283,0.338590
20284,-0.414297
20285,-0.491210
20286,0.496240
20287,2.405698
20288,0.171601
20289,-0.652714
20290,-0.266637
20291,-0.630781
20292,-0.267882
20293,0.451837
20294,0.234793
20295,-0.166701
20296,1.987344
20297,-0.414869
20298,-0.089961
20299,-0.499521
20300,-0.778763
20301,0.899439
20302,-0.466510
20303,0.892506
20304,-0.060044
20305,0.287666
20306,-0.001486
20307,-1.929018
20308,-0.435203
20309,-1.088609
20310,-0.581775
20311,0.395916
20312,0.546713
20313,0.470682
20314,0.817797
20315,1.027370
20316,-0.695090
20317,-0.547863
20318,-0.539199
20319,-0.787176
20320,0.711893
20321,0.303013
20322,0.525087
20323,1.237312
20324,0.998729
20325,-0.551163
20326,1.164012
20327,-0.785680
20328,-0.282805
20329,0.558948
20330,-0.640231
20331,0.535564
20332,1.531206
20333,0.593840
20334,1.150493
20335,-1.851890
20336,0.362923
20337,-0.627791
20338,-1.008873
20339,0.487194
20340,-0.937969
20341,-1.071184
20342,-0.315189
20343,-1.894154
20344,-0.246470
20345,-0.144913
20346,1.671810
20347,0.381564
20348,-1.607547
20349,0.309776
20350,1.311918
20351,-1.780803
20352,0.243500
20353,0.118929
20354,0.223738
20355,0.789842
20356,-0.105895
20357,-0.750249
20358,0.196655
20359,1.060044
20360,-0.352015
20361,-0.030641
20362,-0.646001
20363,-0.288101
20364,0.694620
20365,0.365777
20366,-0.092652
20367,-0.354688
20368,-1.424932
20369,-0.633147
20370,1.610661
20371,0.753348
20372,1.358853
20373,1.416596
20374,1.026549
20375,0.939579
20376,0.185685
20377,1.083129
20378,-0.734579
20379,-0.643140
20380,1.363406
20381,0.055227
20382,1.034556
20383,1.447033
20384,2.106145
20385,0.005571
20386,-1.444763
20387,-0.142012
20388,-1.347718
20389,1.233036
20390,0.925737
20391,0.466260
20392,-0.451344
20393,-1.227948
20394,-0.692771
20395,-1.413859
20396,1.547661
20397,-0.236917
20398,-1.628990
20399,-0.072741
20400,0.450594
20401,-0.301258
20402,-0.506047
20403,-0.050748
20404,1.190580
20405,-0.582834
20406,0.046899
20407,-1.942578
20408,-2.360683
20409,-1.694033
20410,-0.838572
20411,-0.956264
20412,-0.819843
20413,0.175975
20414,0.009542
20415,-0.399842
20416,0.772035
20417,-0.524920
20418,-0.859381
20419,-0.210072
20420,-0.645567
20421,0.701953
20422,1.573784
20423,-0.530671
20424,-1.250591
20425,-1.007271
20426,-0.042062
20427,0.129699
20428,0.114458
20429,-0.626391
20430,-0.348703
20431,1.069834
20432,0.650392
20433,1.327955
20434,-0.733496
20435,-0.231436
20436,-0.389376
20437,-0.411521
20438,0.524033
20439,-0.937844
20440,-0.234000
20441,0.706129
20442,-0.885467
20443,-0.905534
20444,0.341861
20445,0.569252
20446,0.344304
20447,-0.074668
20448,0.089669
20449,-0.152593
20450,-0.317232
20451,-0.179330
20452,0.947625
20453,-1.883902
20454,-0.783338
20455,-2.606706
20456,1.097206
20457,-1.977035
20458,-0.632352
20459,0.255518
20460,-1.758316
20461,0.438578
20462,0.731447
20463,1.076597
20464,2.251348
20465,0.889974
20466,0.117562
20467,-0.453116
20468,0.082764
20469,1.327992
20470,-0.044900
20471,0.219163
20472,-0.008722
20473,0.387006
20474,1.320434
20475,1.022485
20476,2.575401
20477,-0.949557
20478,0.983900
20479,-0.818199
20480,-0.232401
20481,0.089776
20482,-0.050623
20483,-0.436067
20484,-0.139197
20485,-2.626377
20486,-0.066903
20487,2.383488
20488,0.099345
20489,0.767895
20490,0.206882
20491,0.615228
20492,-0.858634
20493,0.252516
20494,-0.961917
20495,2.393167
20496,3.885254
20497,0.923616
20498,1.286689
20499,0.109660
20500,-0.066298
20501,-0.236168
20502,-0.658120
20503,-1.491436
20504,-0.352260
20505,0.215442
20506,-1.454883
20507,0.330040
20508,-0.022982
20509,-0.583166
20510,2.020288
20511,1.437349
20512,0.978518
20513,0.498074
20514,-0.123401
20515,0.954892
20516,0.003689
20517,0.679009
20518,1.200197
20519,-0.596537
20520,1.078313
20521,1.689985
20522,0.234806
20523,-0.015707
20524,2.234124
20525,1.266226
20526,0.032708
20527,-0.757262
20528,0.566267
20529,-0.760300
20530,-0.382677
20531,-1.159437
20532,0.403148
20533,0.575216
20534,0.726642
20535,0.842316
20536,-0.079176
20537,-0.671954
20538,-0.388794
20539,2.150796
20540,0.696779
20541,-1.712602
20542,-2.172918
20543,-3.562454
20544,0.001863
20545,1.382696
20546,0.397047
20547,0.839546
20548,0.101534
20549,2.303836
20550,0.694713
20551,0.968957
20552,-0.439991
20553,0.086314
20554,0.528338
20555,0.487835
20556,-0.545942
20557,-0.901478
20558,-1.705669
20559,-0.460352
20560,-0.550456
20561,0.250791
20562,1.360735
20563,1.292514
20564,-0.118168
20565,-3.238510
20566,-0.359161
20567,0.985413
20568,-2.600114
20569,-0.855224
20570,0.560048
20571,0.985062
20572,3.139334
20573,2.176815
20574,-0.779615
20575,-0.168027
20576,0.048374
20577,-0.765141
20578,-0.081460
20579,-1.094657
20580,-1.884918
20581,-0.830078
20582,-0.467447
20583,1.847051
20584,-0.612130
20585,0.426747
20586,-1.750205
20587,-0.053223
20588,-0.429150
20589,-0.421805
20590,1.181430
20591,-0.612437
20592,0.016679
20593,1.549970
20594,-0.441615
20595,-0.648664
20596,0.839683
20597,0.371396
20598,1.908359
20599,0.551258
20600,1.164074
20601,2.118378
20602,1.389396
20603,0.102358
20604,0.507343
20605,-0.083903
20606,-0.268854
20607,0.013467
20608,-0.699579
20609,1.154509
20610,1.236171
20611,0.086005
20612,-0.408147
20613,-0.377183
20614,1.070954
20615,1.146497
20616,-1.468327
20617,-1.316547
20618,0.191288
20619,-0.074838
20620,0.745884
20621,0.238517
20622,3.190662
20623,1.001757
20624,0.058195
20625,1.312350
20626,1.512314
20627,2.061978
20628,0.056800
20629,0.821459
20630,0.766839
20631,1.903104
20632,-0.451692
20633,-1.274740
20634,-0.239628
20635,-1.908409
20636,0.424903
20637,0.789004
20638,0.460229
20639,0.224219
20640,-0.492478
20641,0.067648
20642,0.671026
20643,-0.959035
20644,-0.385390
20645,-1.864722
20646,0.080289
20647,-0.778692
20648,0.252202
20649,-1.029880
20650,-1.358512
20651,0.436597
20652,1.042351
20653,1.455241
20654,-0.580243
20655,-1.280034
20656,-0.942022
20657,-1.900403
20658,-1.501562
20659,-0.347767
20660,-1.504685
20661,-0.441069
20662,-0.184681
20663,-0.106329
20664,-1.319292
20665,0.428198
20666,-0.609574
20667,-0.418990
20668,0.629579
20669,-0.708775
20670,0.630469
20671,-1.770839
20672,1.796396
20673,-0.970595
20674,-0.302278
20675,1.068106
20676,1.007967
20677,-1.539587
20678,0.675059
20679,1.415540
20680,1.189349
20681,-2.037582
20682,-0.504670
20683,-0.968899
20684,-1.717582
20685,-0.830920
20686,1.107701
20687,0.178105
20688,0.640959
20689,1.678341
20690,2.767749
20691,1.707027
20692,0.873791
20693,0.672458
20694,0.381194
20695,0.022220
20696,1.197057
20697,1.417946
20698,-0.545895
20699,0.122832
20700,-0.730014
20701,0.072410
20702,-0.550331
20703,-0.853394
20704,-0.249320
20705,1.026167
20706,-0.275113
20707,-1.480056
20708,-1.345296
20709,-3.458391
20710,-1.009449
20711,1.894646
20712,1.319313
20713,0.214661
20714,0.926304
20715,0.299091
20716,0.649690
20717,-0.312002
20718,-0.497737
20719,0.860251
20720,0.628831
20721,0.661329
20722,-0.142599
20723,1.743612
20724,0.865145
20725,0.682099
20726,1.256512
20727,-1.021380
20728,0.925091
20729,0.672303
20730,-0.357815
20731,0.767757
20732,0.311836
20733,0.788335
20734,0.663196
20735,-0.019886
20736,-0.715470
20737,0.311692
20738,0.043971
20739,0.270799
20740,0.674461
20741,-0.955187
20742,2.515078
20743,1.649173
20744,1.324514
20745,-1.309777
20746,-0.278631
20747,0.542364
20748,2.707268
20749,0.947813
20750,1.508388
20751,-0.197316
20752,0.126533
20753,-0.397343
20754,-0.471009
20755,-1.731776
20756,0.896255
20757,-0.752012
20758,1.613873
20759,1.753226
20760,-1.160236
20761,-3.304141
20762,-1.324206
20763,1.481126
20764,0.877924
20765,3.659107
20766,1.430026
20767,2.537708
20768,0.444351
20769,-0.081053
20770,-2.354161
20771,-0.216197
20772,0.245425
20773,1.362450
20774,-0.239177
20775,2.230287
20776,0.830560
20777,0.480522
20778,0.269522
20779,-1.032119
20780,0.643206
20781,0.829520
20782,-0.745916
20783,0.346970
20784,0.524532
20785,-0.228228
20786,-0.113419
20787,3.062114
20788,0.176565
20789,0.805877
20790,0.075937
20791,0.672785
20792,1.670286
20793,0.426005
20794,0.650590
20795,-0.385358
20796,1.341944
20797,0.552676
20798,-1.812131
20799,0.186983
20800,-0.369345
20801,0.446871
20802,-1.338349
20803,-0.116416
20804,0.621873
20805,0.491119
20806,-1.755811
20807,-2.562280
20808,-1.868217
20809,-0.244604
20810,1.182993
20811,-1.221189
20812,0.509937
20813,-1.062844
20814,-0.183778
20815,1.548208
20816,-0.571140
20817,-1.526525
20818,-1.516116
20819,-2.749037
20820,-0.093326
20821,0.533246
20822,1.768218
20823,-0.815538
20824,-0.493747
20825,-0.606067
20826,0.577628
20827,-2.389592
20828,0.588284
20829,1.218332
20830,0.224605
20831,0.218570
20832,-0.809791
20833,1.460904
20834,-0.283311
20835,-0.963717
20836,1.239884
20837,0.387396
20838,-0.901322
20839,1.811439
20840,-0.502993
20841,0.234653
20842,0.173225
20843,-0.410282
20844,-0.428613
20845,-2.242295
20846,1.146139
20847,0.458477
20848,0.653602
20849,1.678715
20850,0.682891
20851,1.185063
20852,1.575002
20853,-2.026668
20854,0.114305
20855,0.536454
20856,1.268009
20857,0.977576
20858,1.159507
20859,0.556629
20860,1.967087
20861,1.109017
20862,1.201248
20863,-0.490378
20864,0.219561
20865,-0.208152
20866,-0.603804
20867,1.390158
20868,-1.893137
20869,-0.926410
20870,-0.595789
20871,1.494797
20872,0.496701
20873,-0.480504
20874,-0.027249
20875,-0.270405
20876,1.097038
20877,-0.252206
20878,2.203119
20879,0.185703
20880,0.550868
20881,0.213299
20882,-0.444287
20883,0.800231
20884,0.809724
20885,1.930109
20886,0.475329
20887,0.079129
20888,0.542986
20889,0.567951
20890,-1.530231
20891,-0.796553
20892,-2.443307
20893,0.183074
20894,0.300967
20895,-0.115168
20896,0.273857
20897,-0.617247
20898,-0.656064
20899,1.369456
20900,0.836124
20901,0.860740
20902,1.413624
20903,-0.919863
20904,-0.514667
20905,0.996503
20906,-1.702243
20907,0.913878
20908,-1.816694
20909,0.314119
20910,-0.182913
20911,1.378744
20912,1.554878
20913,1.214448
20914,-1.734490
20915,1.221525
20916,-1.087740
20917,-0.954243
20918,-0.032356
20919,2.557126
20920,1.214257
20921,0.788956
20922,1.545961
20923,0.383983
20924,0.318111
20925,0.544732
20926,-0.128153
20927,-1.134588
20928,-0.559545
20929,-0.839695
20930,1.536983
20931,0.827078
20932,1.751266
20933,-1.237270
20934,-1.711025
20935,-0.347573
20936,0.099810
20937,-0.671869
20938,-0.679831
20939,-0.213537
20940,-0.104302
20941,0.899763
20942,2.443686
20943,-0.151417
20944,0.058013
20945,0.233442
20946,0.240615
20947,0.028400
20948,-0.030351
20949,1.545687
20950,-0.925256
20951,0.095500
20952,0.834317
20953,1.206563
20954,1.588662
20955,1.039156
20956,0.034269
20957,0.373839
20958,0.048269
20959,-0.535794
20960,-0.191169
20961,0.065600
20962,-1.148319
20963,-0.399666
20964,-0.148259
20965,-1.141983
20966,0.634284
20967,-0.390853
20968,1.117746
20969,1.137397
20970,0.986157
20971,0.107061
20972,0.892911
20973,0.149204
20974,1.730731
20975,0.351464
20976,-0.489413
20977,-0.572853
20978,-0.162934
20979,2.094670
20980,1.517443
20981,1.148780
20982,0.189180
20983,-0.616247
20984,-0.498948
20985,1.426768
20986,1.046005
20987,0.946778
20988,-0.072168
20989,-0.195447
20990,-0.572925
20991,-0.118728
20992,1.368386
20993,1.434231
20994,-0.676530
20995,-1.208398
20996,-1.332626
20997,-1.212137
20998,-1.947663
20999,-0.338828
21000,-0.644669
21001,0.227340
21002,-0.023543
21003,-0.809185
21004,0.871908
21005,-0.907808
21006,0.463255
21007,-0.447987
21008,-1.122096
21009,0.061442
21010,-1.289008
21011,-0.031303
21012,0.546140
21013,-1.538967
21014,-0.161440
21015,-1.913589
21016,-0.418276
21017,0.936905
21018,-0.403534
21019,-1.748266
21020,-0.175050
21021,-0.473055
21022,0.186088
21023,-0.214485
21024,-1.043205
21025,0.899576
21026,0.841957
21027,1.296268
21028,0.408595
21029,-1.264568
21030,0.938977
21031,-0.000364
21032,0.328995
21033,-0.283036
21034,-0.015828
21035,-0.472399
21036,-0.722412
21037,-0.547983
21038,0.864415
21039,0.965634
21040,-0.959115
21041,-0.278064
21042,-0.064942
21043,-0.007584
21044,1.230674
21045,0.308794
21046,1.021055
21047,0.715788
21048,-1.335804
21049,-1.426434
21050,0.452273
21051,1.382143
21052,1.273694
21053,-0.283427
21054,0.155977
21055,1.278851
21056,0.382757
21057,-0.247630
21058,-0.122431
21059,1.276226
21060,0.409966
21061,-0.160274
21062,1.728377
21063,2.616858
21064,0.561537
21065,1.728464
21066,2.355608
21067,2.063230
21068,0.294073
21069,-0.438197
21070,1.195912
21071,2.127408
21072,1.080527
21073,2.509921
21074,1.129387
21075,-1.109692
21076,-1.104694
21077,-0.602627
21078,0.142578
21079,-0.407427
21080,-0.616705
21081,0.483751
21082,0.130541
21083,1.569079
21084,0.310031
21085,-1.381909
21086,-0.567592
21087,0.848858
21088,0.690102
21089,0.897396
21090,0.537722
21091,0.167565
21092,-0.094401
21093,-0.501078
21094,1.363629
21095,-0.767960
21096,0.495725
21097,-1.198986
21098,-0.457440
21099,0.341601
21100,0.245152
21101,0.243892
21102,-1.087458
21103,0.281080
21104,-1.173344
21105,-0.050911
21106,0.858808
21107,-0.559109
21108,-1.833648
21109,-0.602639
21110,-1.251203
21111,-1.853176
21112,-0.948069
21113,0.098154
21114,0.523162
21115,-0.264074
21116,-1.215125
21117,-1.335775
21118,-2.131205
21119,-1.234781
21120,0.473559
21121,0.436214
21122,0.331306
21123,-1.165770
21124,-1.076100
21125,-0.596763
21126,-1.590734
21127,0.370082
21128,-0.688900
21129,0.227780
21130,0.676137
21131,-0.925373
21132,-1.750434
21133,0.124154
21134,-0.268888
21135,-0.752063
21136,0.196567
21137,0.916416
21138,0.940975
21139,0.475457
21140,-0.326587
21141,-1.191556
21142,-1.388401
21143,-0.028268
21144,1.332476
21145,0.600083
21146,0.052521
21147,-0.774037
21148,1.256733
21149,0.638193
21150,2.002652
21151,-1.003955
21152,0.585184
21153,1.418534
21154,0.991828
21155,1.702805
21156,1.932463
21157,1.849008
21158,2.081108
21159,1.236453
21160,-0.411156
21161,0.422487
21162,0.900672
21163,1.038918
21164,0.462019
21165,0.415429
21166,0.845249
21167,0.350169
21168,1.684569
21169,1.059706
21170,0.642299
21171,0.845557
21172,0.544163
21173,1.266569
21174,0.730176
21175,-0.746158
21176,-0.295406
21177,-1.473774
21178,0.643798
21179,-0.812126
21180,0.040798
21181,-0.071346
21182,1.143117
21183,0.382013
21184,0.963070
21185,0.944348
21186,1.043555
21187,0.635499
21188,0.810658
21189,1.389081
21190,0.104797
21191,1.853261
21192,-0.585461
21193,-0.927154
21194,-0.011920
21195,-0.709244
21196,2.140475
21197,0.905951
21198,0.002299
21199,-1.369859
21200,-0.511644
21201,0.106584
21202,0.100528
21203,0.081632
21204,0.709155
21205,0.039335
21206,-1.361772
21207,-1.317072
21208,-0.869984
21209,-0.927753
21210,0.770848
21211,0.984614
21212,1.096830
21213,-0.613786
21214,-0.895731
21215,0.031620
21216,-0.933145
21217,-0.088568
21218,0.002431
21219,-0.309866
21220,0.518101
21221,2.098954
21222,2.736971
21223,2.824380
21224,-0.557524
21225,-0.195249
21226,-0.435209
21227,-0.731861
21228,-1.344031
21229,0.175712
21230,0.438026
21231,0.312721
21232,1.198411
21233,-0.090281
21234,0.118019
21235,0.062973
21236,-0.598027
21237,1.160488
21238,-1.228803
21239,-0.388094
21240,-0.887561
21241,-1.797674
21242,-0.858739
21243,-1.186325
21244,0.879442
21245,-0.047864
21246,-0.292710
21247,-0.262544
21248,0.060171
21249,0.747122
21250,-0.207911
21251,0.311347
21252,1.035940
21253,-1.218712
21254,-1.592033
21255,0.267445
21256,1.743426
21257,0.409940
21258,1.290580
21259,2.320894
21260,-0.444294
21261,-0.057709
21262,1.968323
21263,-1.634880
21264,-2.113097
21265,-1.862258
21266,-1.533825
21267,-1.941211
21268,-0.095929
21269,-0.151329
21270,-0.122980
21271,0.176491
21272,-1.629800
21273,1.312422
21274,0.096182
21275,-0.901096
21276,-3.377171
21277,-0.241470
21278,0.327222
21279,-0.141660
21280,-0.948733
21281,-0.185571
21282,-0.214285
21283,-0.686238
21284,-0.995344
21285,-0.363617
21286,1.152627
21287,1.379900
21288,-0.062562
21289,-0.595343
21290,-1.148053
21291,0.030233
21292,-0.071124
21293,-0.830497
21294,0.141558
21295,0.019394
21296,-0.424233
21297,0.157274
21298,1.843115
21299,0.418587
21300,-0.726863
21301,-1.264932
21302,-1.920611
21303,-1.152562
21304,-0.453562
21305,1.567266
21306,0.436381
21307,0.968693
21308,0.718663
21309,1.255140
21310,0.358300
21311,-0.040457
21312,0.660502
21313,1.884877
21314,2.885407
21315,1.199996
21316,0.789208
21317,-0.010078
21318,0.132804
21319,1.895737
21320,0.460598
21321,0.155446
21322,-0.653067
21323,-1.032832
21324,0.160581
21325,0.886781
21326,0.739547
21327,0.704967
21328,-1.834358
21329,-1.601924
21330,0.250555
21331,-0.443557
21332,0.666404
21333,0.247501
21334,-1.653271
21335,1.329637
21336,0.406018
21337,1.673217
21338,0.969672
21339,-1.893280
21340,-0.206974
21341,0.291286
21342,-0.603873
21343,0.358838
21344,-0.479344
21345,1.040273
21346,-0.256847
21347,1.104468
21348,-1.184981
21349,-2.607127
21350,-1.423089
21351,-0.521322
21352,0.425224
21353,0.122127
21354,-0.824483
21355,1.226520
21356,-0.931069
21357,-0.790930
21358,-1.848687
21359,-1.033634
21360,-0.914045
21361,-0.006317
21362,-1.044511
21363,0.781173
21364,0.842984
21365,-1.643241
21366,-2.504319
21367,-1.681468
21368,-1.121605
21369,0.127741
21370,0.548107
21371,1.576990
21372,-0.069822
21373,-0.493963
21374,1.235807
21375,1.775964
21376,1.975556
21377,0.919529
21378,-0.516117
21379,-0.363057
21380,-0.082520
21381,0.142697
21382,0.123868
21383,1.446051
21384,1.416265
21385,1.166553
21386,-1.188786
21387,-1.288558
21388,0.502348
21389,-0.883788
21390,-0.818703
21391,-1.278975
21392,-0.488453
21393,-1.368636
21394,0.319948
21395,-1.392586
21396,0.445009
21397,-0.128338
21398,-1.896834
21399,-0.098224
21400,-0.603172
21401,0.561927
21402,-0.509383
21403,1.769310
21404,1.065301
21405,0.023297
21406,0.664133
21407,-1.903601
21408,-1.268893
21409,0.897958
21410,0.185502
21411,-0.432656
21412,0.256288
21413,1.001133
21414,0.882014
21415,-0.448422
21416,1.313030
21417,0.313731
21418,0.129036
21419,-1.012117
21420,0.406886
21421,0.455185
21422,-1.577865
21423,-0.225598
21424,0.038288
21425,0.905933
21426,-0.336271
21427,-1.224637
21428,-0.097633
21429,0.308520
21430,0.220182
21431,0.217993
21432,-0.152565
21433,0.239005
21434,1.995280
21435,-0.642581
21436,0.683271
21437,1.233719
21438,0.501743
21439,-0.651987
21440,-0.655742
21441,0.859122
21442,0.260984
21443,0.404119
21444,-0.477114
21445,2.651840
21446,0.247318
21447,0.893169
21448,-0.417812
21449,-1.001978
21450,-1.736582
21451,0.061255
21452,0.807292
21453,-0.613823
21454,-1.384162
21455,-1.251626
21456,1.156553
21457,-0.008042
21458,-2.431646
21459,-1.088333
21460,-0.264626
21461,-0.335997
21462,-1.292171
21463,-0.594753
21464,-0.191934
21465,-0.605563
21466,2.474436
21467,-1.036238
21468,0.803276
21469,-1.036310
21470,-0.875886
21471,-1.008853
21472,-1.861340
21473,-1.900586
21474,-1.548512
21475,-1.021865
21476,-1.624667
21477,0.630166
21478,-0.928511
21479,-0.992486
21480,1.901811
21481,1.043500
21482,1.115315
21483,-0.147625
21484,-0.754545
21485,-0.010828
21486,-0.497157
21487,-0.438788
21488,0.258445
21489,-0.332197
21490,-0.552585
21491,-0.890104
21492,-0.802369
21493,-0.905163
21494,0.745910
21495,0.121641
21496,-0.808309
21497,0.280354
21498,-0.861485
21499,-0.362092
21500,0.155750
21501,1.283134
21502,0.238808
21503,1.134859
21504,1.125382
21505,-1.052294
21506,-0.091118
21507,2.014389
21508,1.123843
21509,-1.337646
21510,-0.112587
21511,-0.399223
21512,0.538963
21513,-0.322849
21514,-1.060486
21515,-0.946502
21516,-1.451827
21517,1.026216
21518,-0.831853
21519,-1.159035
21520,0.114141
21521,-2.555101
21522,0.020098
21523,0.201877
21524,0.673316
21525,0.024860
21526,-0.035938
21527,0.461336
21528,1.996615
21529,2.188616
21530,1.628735
21531,-0.405094
21532,0.788622
21533,0.395658
21534,0.483647
21535,0.263564
21536,0.445903
21537,-0.422321
21538,0.281004
21539,-0.834115
21540,-0.535015
21541,-0.575941
21542,0.591182
21543,-0.220921
21544,-1.340330
21545,1.629919
21546,1.074155
21547,0.276110
21548,1.871457
21549,0.355433
21550,-0.502207
21551,1.210311
21552,-1.460373
21553,-0.597365
21554,-0.648536
21555,0.679477
21556,-0.397363
21557,0.047413
21558,-0.394725
21559,-1.118781
21560,-1.164060
21561,-0.350328
21562,0.704918
21563,-0.133324
21564,0.321430
21565,-0.742267
21566,-1.220715
21567,1.109386
21568,-1.204491
21569,1.362435
21570,-0.823708
21571,0.304296
21572,-0.078673
21573,0.160960
21574,-0.523784
21575,-1.104756
21576,0.670687
21577,-0.684676
21578,2.415160
21579,1.509247
21580,-0.229317
21581,-0.508801
21582,0.026134
21583,0.447641
21584,1.076602
21585,-0.094082
21586,-1.888412
21587,-2.303280
21588,-0.890533
21589,-1.836365
21590,-1.718752
21591,-0.067108
21592,-0.772876
21593,1.061942
21594,0.910666
21595,1.449610
21596,0.246800
21597,0.090479
21598,1.494578
21599,-0.596114
21600,-0.079188
21601,0.698747
21602,-0.250479
21603,1.031563
21604,1.398875
21605,1.969075
21606,0.072870
21607,0.237759
21608,2.205988
21609,-0.154167
21610,0.790898
21611,-0.964054
21612,-1.233472
21613,0.863333
21614,-1.029118
21615,-0.867949
21616,-2.566384
21617,-0.494935
21618,-0.374900
21619,-1.310459
21620,-0.972889
21621,-0.487516
21622,-0.456056
21623,-0.145461
21624,0.815844
21625,1.798296
21626,1.628682
21627,0.009317
21628,0.559700
21629,0.837771
21630,-0.794171
21631,-0.752687
21632,-0.385082
21633,-1.528661
21634,0.350558
21635,0.871471
21636,-2.252039
21637,-3.002930
21638,0.555110
21639,-0.942384
21640,0.302735
21641,1.333962
21642,-1.065698
21643,-1.482877
21644,-0.468408
21645,-2.181686
21646,-0.312084
21647,-0.883637
21648,-0.112593
21649,0.842970
21650,0.172529
21651,-0.132571
21652,-0.422521
21653,-0.139009
21654,-2.211004
21655,-0.482347
21656,0.705428
21657,-0.043692
21658,0.931248
21659,0.069143
21660,0.897677
21661,0.190928
21662,-0.677032
21663,-0.138264
21664,0.911747
21665,1.063335
21666,1.502213
21667,0.426677
21668,0.886672
21669,2.014094
21670,1.275577
21671,-1.179511
21672,0.000745
21673,-1.749242
21674,0.750351
21675,0.268807
21676,0.216955
21677,-0.099145
21678,-0.895734
21679,1.319052
21680,-0.492312
21681,1.235594
21682,-0.527301
21683,-0.456105
21684,-0.699669
21685,-0.735184
21686,0.189513
21687,-1.596973
21688,-0.454071
21689,-0.957565
21690,-2.226190
21691,0.556233
21692,-0.418142
21693,1.095950
21694,-0.220486
21695,-0.802241
21696,-1.615551
21697,-1.340180
21698,-1.208609
21699,-1.709491
21700,-0.151792
21701,-0.232742
21702,-0.544030
21703,-1.383680
21704,-0.555800
21705,1.613794
21706,1.498899
21707,-1.276114
21708,1.418303
21709,0.551591
21710,-0.603551
21711,-0.640917
21712,-0.281193
21713,-0.786474
21714,0.701149
21715,-1.122239
21716,-0.354361
21717,0.425406
21718,-0.055298
21719,0.532972
21720,1.734247
21721,1.155754
21722,0.628450
21723,-0.259150
21724,-0.260699
21725,0.499508
21726,1.069102
21727,1.195015
21728,-0.969467
21729,-0.276844
21730,0.629406
21731,1.274531
21732,1.880828
21733,0.146798
21734,-0.852338
21735,1.197898
21736,-0.804212
21737,1.430571
21738,0.065394
21739,0.379222
21740,-1.584375
21741,0.702272
21742,-0.013133
21743,0.153483
21744,0.598188
21745,2.062720
21746,-0.433963
21747,-0.013853
21748,1.100815
21749,-0.376086
21750,-0.165995
21751,-0.954606
21752,-0.414671
21753,0.821565
21754,1.292877
21755,0.892267
21756,0.734267
21757,2.008528
21758,2.443675
21759,3.221183
21760,0.262195
21761,1.738618
21762,-0.224754
21763,-1.008053
21764,-2.284951
21765,1.258497
21766,-0.767101
21767,0.616368
21768,1.286006
21769,-0.531170
21770,0.015216
21771,-1.396926
21772,0.802618
21773,0.305762
21774,-0.957596
21775,-0.422815
21776,-0.979581
21777,-1.075736
21778,-0.861009
21779,-0.851184
21780,0.288523
21781,-0.271591
21782,1.323962
21783,-0.738968
21784,-0.651259
21785,0.720329
21786,-0.026890
21787,-0.801021
21788,1.639478
21789,2.325415
21790,0.658186
21791,-0.391087
21792,0.044357
21793,-1.742658
21794,-1.083413
21795,-1.166435
21796,-1.235967
21797,1.493811
21798,-0.110626
21799,-0.745532
21800,0.728946
21801,1.760761
21802,0.898804
21803,0.856406
21804,0.023697
21805,0.529886
21806,0.360663
21807,-1.535648
21808,-2.590898
21809,-2.559997
21810,0.153928
21811,1.224749
21812,2.274866
21813,-0.385080
21814,0.430685
21815,-0.338282
21816,-1.462153
21817,-1.877076
21818,0.184680
21819,-0.031152
21820,0.172053
21821,0.747819
21822,1.183094
21823,0.758926
21824,0.512894
21825,-1.303759
21826,1.582370
21827,0.108080
21828,0.528287
21829,-0.012280
21830,0.393550
21831,1.027759
21832,0.985497
21833,-0.549084
21834,0.813226
21835,0.580178
21836,1.086105
21837,0.349255
21838,0.867257
21839,0.078735
21840,0.389493
21841,0.984480
21842,0.096030
21843,1.198921
21844,-0.908669
21845,0.236815
21846,0.104928
21847,1.070179
21848,-1.129988
21849,-2.028265
21850,1.380567
21851,-0.758158
21852,-0.677932
21853,-0.594419
21854,1.229230
21855,2.780558
21856,0.848090
21857,0.429411
21858,-0.289019
21859,0.455245
21860,2.797002
21861,2.011781
21862,1.807217
21863,-0.012477
21864,-0.012301
21865,0.265481
21866,-0.330928
21867,0.542489
21868,0.050290
21869,-0.550114
21870,0.431706
21871,-1.538110
21872,1.750798
21873,0.362463
21874,0.556565
21875,1.856314
21876,1.591195
21877,-0.574757
21878,0.729145
21879,1.052007
21880,1.010888
21881,2.281234
21882,0.241921
21883,0.331412
21884,-0.809173
21885,-0.506446
21886,-0.191157
21887,-2.818399
21888,1.211705
21889,-0.900751
21890,-0.584379
21891,-1.232868
21892,0.153892
21893,0.951326
21894,-0.122318
21895,0.760449
21896,-0.755785
21897,0.054017
21898,0.395798
21899,-0.476775
21900,0.525089
21901,0.535799
21902,0.592544
21903,1.088925
21904,2.553452
21905,1.675795
21906,0.739570
21907,0.095143
21908,0.521825
21909,-1.280088
21910,-0.454146
21911,0.837960
21912,-0.835413
21913,0.795402
21914,1.579249
21915,1.170962
21916,-1.148339
21917,-0.858685
21918,-0.250075
21919,0.119186
21920,-0.165886
21921,0.832250
21922,-0.362928
21923,-2.436574
21924,-0.043927
21925,0.982727
21926,-0.960628
21927,1.924153
21928,0.356095
21929,1.255027
21930,-1.239467
21931,-0.412162
21932,-0.102313
21933,-1.302328
21934,-1.208945
21935,-1.648877
21936,0.483007
21937,-0.255777
21938,0.589510
21939,-0.533836
21940,1.055631
21941,-0.747967
21942,1.316455
21943,2.205586
21944,0.664504
21945,-0.026953
21946,-1.083167
21947,1.498702
21948,0.977809
21949,0.174048
21950,-1.036503
21951,0.296238
21952,0.179942
21953,-0.211661
21954,-1.362408
21955,-0.594142
21956,-0.098306
21957,-1.093674
21958,0.501632
21959,-1.549233
21960,-0.601180
21961,-2.483716
21962,-0.061266
21963,1.259695
21964,0.360705
21965,0.416547
21966,-0.417679
21967,-0.999447
21968,-1.135322
21969,-0.323074
21970,-1.285776
21971,1.229477
21972,0.052543
21973,-0.725469
21974,0.162138
21975,-1.415540
21976,0.186056
21977,-2.073832
21978,-1.032915
21979,0.673662
21980,1.013534
21981,1.273234
21982,0.819418
21983,1.462718
21984,-0.096029
21985,-0.903214
21986,1.462223
21987,0.485011
21988,-0.059459
21989,0.288318
21990,2.221046
21991,-2.293139
21992,0.697458
21993,-0.456336
21994,-0.306488
21995,-0.947101
21996,-1.541378
21997,1.441191
21998,0.268414
21999,-0.760947
22000,-0.074721
22001,-0.413235
22002,-1.986145
22003,-1.214990
22004,-1.336944
22005,-0.052676
22006,-0.141542
22007,-1.157722
22008,-1.120882
22009,-1.068545
22010,-0.741758
22011,-2.776126
22012,-1.848358
22013,-0.719857
22014,0.853904
22015,-0.151096
22016,-0.619438
22017,-1.365453
22018,-1.492231
22019,-0.116601
22020,0.281223
22021,0.685683
22022,0.839767
22023,0.681531
22024,-0.916458
22025,-3.485489
22026,-0.997522
22027,-0.950450
22028,-2.064093
22029,-1.417871
22030,-0.240830
22031,-0.199631
22032,-0.214546
22033,1.849296
22034,0.556026
22035,-0.843295
22036,-2.182025
22037,1.569792
22038,0.725327
22039,-0.475062
22040,-0.029356
22041,-0.075463
22042,-0.048021
22043,1.177827
22044,0.327460
22045,0.830286
22046,-0.021046
22047,-0.429470
22048,0.213038
22049,1.779669
22050,0.427417
22051,-0.750009
22052,-2.644452
22053,1.078092
22054,-0.262039
22055,-1.491040
22056,0.269538
22057,-0.050947
22058,-0.787659
22059,-2.324553
22060,0.087489
22061,-1.127693
22062,-1.630185
22063,-1.202043
22064,-0.004584
22065,0.626810
22066,0.370859
22067,-0.519584
22068,-0.031086
22069,0.165047
22070,0.457139
22071,-1.044995
22072,-0.497503
22073,-0.729671
22074,-0.685311
22075,-0.716486
22076,0.024647
22077,0.037570
22078,0.083413
22079,-0.438305
22080,-0.808265
22081,-1.493636
22082,-0.992975
22083,-0.164516
22084,0.702156
22085,0.244149
22086,0.467785
22087,0.417046
22088,0.964343
22089,-0.213108
22090,-1.575422
22091,-1.597809
22092,-0.333110
22093,0.101073
22094,1.202535
22095,0.051522
22096,0.964290
22097,0.127800
22098,1.861479
22099,0.593178
22100,-1.544210
22101,0.631486
22102,1.211634
22103,-0.640808
22104,-0.593936
22105,-1.987925
22106,-0.702356
22107,0.696409
22108,-0.297316
22109,-1.571628
22110,-1.081452
22111,1.362786
22112,-0.906235
22113,0.592649
22114,-0.445817
22115,2.035539
22116,1.040710
22117,0.808378
22118,-1.528636
22119,-0.356598
22120,-0.229803
22121,-1.869641
22122,-0.320312
22123,0.350097
22124,-2.347961
22125,-1.510923
22126,-0.256773
22127,0.625221
22128,2.346224
22129,3.118267
22130,-0.133912
22131,0.564755
22132,-1.807837
22133,-1.267429
22134,-0.861901
22135,2.034750
22136,-0.181307
22137,0.839142
22138,-1.186053
22139,-0.859264
22140,-1.426047
22141,0.232202
22142,1.641020
22143,-0.054660
22144,-0.881525
22145,0.299557
22146,-0.959428
22147,-2.783265
22148,-2.316243
22149,-0.293434
22150,-0.338759
22151,-0.164896
22152,-0.402747
22153,0.482562
22154,0.245879
22155,1.370976
22156,0.852579
22157,0.914304
22158,1.512022
22159,0.861464
22160,-0.602278
22161,0.749086
22162,0.351292
22163,-0.558423
22164,-0.838020
22165,-2.133245
22166,0.131823
22167,-1.351724
22168,-0.065194
22169,-0.074325
22170,0.291961
22171,0.018941
22172,1.643681
22173,-0.155657
22174,0.137176
22175,0.284551
22176,-0.221041
22177,0.992490
22178,0.087266
22179,-0.795449
22180,1.455348
22181,-0.353862
22182,1.277497
22183,0.242930
22184,-1.304247
22185,-1.841590
22186,-1.791341
22187,-0.693982
22188,-2.474562
22189,-0.806448
22190,2.515952
22191,-1.353249
22192,0.056478
22193,-0.760299
22194,0.535737
22195,1.545073
22196,1.528596
22197,1.212065
22198,0.395645
22199,-0.706850
22200,-0.547831
22201,-1.369292
22202,-1.222040
22203,-0.338936
22204,-1.076677
22205,0.501160
22206,0.363604
22207,-0.288366
22208,0.031189
22209,-0.516383
22210,0.331671
22211,-0.265756
22212,-0.443224
22213,-0.215420
22214,0.929644
22215,0.455811
22216,-1.059908
22217,-0.637501
22218,-1.768724
22219,-0.959632
22220,0.306872
22221,-2.174853
22222,-1.336067
22223,-1.422227
22224,0.745546
22225,1.642801
22226,2.056507
22227,0.786967
22228,0.240127
22229,-0.033633
22230,-0.488717
22231,-1.374043
22232,-1.565294
22233,0.036453
22234,0.342204
22235,-1.515142
22236,-0.474301
22237,0.435539
22238,-0.461222
22239,1.822516
22240,-0.292783
22241,-0.083837
22242,-0.028004
22243,-0.008823
22244,0.329100
22245,0.078992
22246,-0.501507
22247,0.206756
22248,-0.873417
22249,-1.101997
22250,0.099639
22251,-0.144474
22252,1.409712
22253,0.604558
22254,0.696061
22255,-0.555256
22256,1.001158
22257,-0.084359
22258,-0.782985
22259,0.691481
22260,-0.784344
22261,-1.596446
22262,-0.137381
22263,0.781010
22264,2.428248
22265,0.448585
22266,0.374362
22267,1.003207
22268,-1.174520
22269,-0.222049
22270,-0.411481
22271,0.993628
22272,-0.771401
22273,0.729440
22274,-0.832023
22275,0.191191
22276,1.039407
22277,2.400934
22278,-1.037989
22279,-0.548494
22280,0.014402
22281,-0.136894
22282,0.545298
22283,-1.286250
22284,-0.743526
22285,0.306608
22286,0.775266
22287,0.357096
22288,1.598381
22289,0.516538
22290,0.393262
22291,-1.263693
22292,-0.898367
22293,-0.539832
22294,2.705002
22295,0.494801
22296,-0.170525
22297,1.029633
22298,-0.779724
22299,0.516206
22300,0.488486
22301,1.204795
22302,-0.046320
22303,-1.243450
22304,1.021089
22305,0.306341
22306,0.636853
22307,1.049544
22308,0.275672
22309,-0.212976
22310,-1.367250
22311,0.399485
22312,-1.148064
22313,-0.969319
22314,-1.665227
22315,-1.169552
22316,0.657405
22317,-0.705971
22318,-0.661902
22319,-1.065539
22320,0.428973
22321,0.712032
22322,0.444874
22323,0.373660
22324,0.094425
22325,-0.486871
22326,2.686158
22327,-0.204459
22328,0.438675
22329,-0.399459
22330,-0.285455
22331,-0.301452
22332,0.667103
22333,0.474161
22334,0.442565
22335,0.435387
22336,-0.138065
22337,-0.684092
22338,-0.503742
22339,0.209593
22340,0.414760
22341,0.446086
22342,-0.085602
22343,0.292649
22344,-0.177316
22345,0.028426
22346,0.166688
22347,-0.495023
22348,0.165739
22349,-0.656769
22350,-0.507299
22351,-1.571772
22352,0.235620
22353,0.273451
22354,0.863792
22355,-0.470369
22356,-0.656222
22357,-0.425573
22358,-0.079166
22359,0.254555
22360,0.927475
22361,0.438851
22362,-1.506905
22363,-0.719340
22364,-0.039529
22365,0.277615
22366,0.356109
22367,-0.763551
22368,0.175596
22369,-0.566382
22370,-0.099581
22371,1.534430
22372,-0.755257
22373,-0.732854
22374,0.650831
22375,0.270916
22376,1.338517
22377,-0.833926
22378,-2.493196
22379,0.437923
22380,-1.825248
22381,-0.757706
22382,0.223186
22383,-0.252781
22384,-0.146310
22385,-1.839283
22386,-0.504946
22387,-0.864607
22388,-2.821292
22389,0.270236
22390,-0.846299
22391,-0.052337
22392,-0.800207
22393,1.497808
22394,0.906385
22395,0.251475
22396,-1.701114
22397,-0.206155
22398,-0.938420
22399,0.722907
22400,0.784772
22401,0.761556
22402,1.330590
22403,-0.936948
22404,0.283545
22405,0.968182
22406,0.854913
22407,-1.114264
22408,-0.758964
22409,0.082234
22410,-1.210510
22411,0.458514
22412,0.036250
22413,1.330610
22414,0.265845
22415,-1.174812
22416,0.006722
22417,1.758413
22418,2.956986
22419,1.288708
22420,0.102969
22421,-0.328320
22422,0.806101
22423,0.110267
22424,0.623183
22425,-0.756183
22426,0.259835
22427,0.034201
22428,-0.399610
22429,0.503504
22430,-0.365593
22431,-0.314763
22432,-1.360454
22433,-0.452437
22434,-0.801540
22435,0.341093
22436,-1.155016
22437,0.182576
22438,0.621645
22439,0.432844
22440,-0.342581
22441,0.404715
22442,-1.033068
22443,-1.010994
22444,-0.687474
22445,-1.243026
22446,0.897243
22447,-0.206564
22448,-0.394290
22449,-1.190177
22450,-2.089301
22451,0.611493
22452,-0.866500
22453,-0.957801
22454,-0.111152
22455,-1.046787
22456,-1.701745
22457,0.220106
22458,1.158949
22459,1.069699
22460,-0.877909
22461,-0.496651
22462,-0.433991
22463,0.733149
22464,1.917549
22465,0.775862
22466,0.629972
22467,0.237913
22468,0.362050
22469,-0.478580
22470,0.361752
22471,0.012973
22472,0.554741
22473,0.282434
22474,-0.326070
22475,-0.497118
22476,-0.527049
22477,0.802078
22478,1.506342
22479,0.547694
22480,1.050978
22481,-0.466718
22482,-0.452448
22483,1.411097
22484,1.272820
22485,0.208058
22486,0.518860
22487,-1.389631
22488,-0.330095
22489,-0.612343
22490,0.405205
22491,-1.114248
22492,-1.686327
22493,-0.219831
22494,1.249415
22495,-0.846003
22496,-1.528740
22497,-0.741867
22498,-0.035087
22499,0.737617
22500,-0.067094
22501,-0.664496
22502,0.688993
22503,0.212936
22504,-0.277293
22505,-1.394449
22506,1.934155
22507,0.159129
22508,0.855343
22509,1.017794
22510,1.719767
22511,1.044839
22512,0.661778
22513,-0.857844
22514,-0.139260
22515,-0.626022
22516,0.227200
22517,-1.620973
22518,-1.389262
22519,0.722318
22520,-0.431252
22521,1.251432
22522,-0.659407
22523,0.042637
22524,0.171784
22525,-1.695206
22526,0.528684
22527,0.816857
22528,0.510504
22529,0.797512
22530,-0.483536
22531,-1.485278
22532,-0.756099
22533,-0.738363
22534,0.539611
22535,0.764333
22536,-1.338862
22537,0.214609
22538,1.297352
22539,1.509807
22540,-0.061266
22541,-0.543004
22542,2.543027
22543,0.065224
22544,0.533509
22545,0.230122
22546,-0.167551
22547,1.820546
22548,-1.574898
22549,-1.593780
22550,0.313791
22551,-1.453587
22552,-1.580596
22553,0.223708
22554,-1.321212
22555,-1.326525
22556,-0.005588
22557,-1.345824
22558,1.106992
22559,-0.321215
22560,0.760045
22561,0.222690
22562,-0.674330
22563,0.218246
22564,-0.249463
22565,0.437303
22566,1.463181
22567,-0.141982
22568,1.929916
22569,1.290756
22570,0.708997
22571,0.389653
22572,1.562608
22573,-0.233334
22574,0.215789
22575,-0.746941
22576,1.604458
22577,-0.548252
22578,-0.396213
22579,-0.906962
22580,2.215165
22581,1.777168
22582,-1.015514
22583,0.105572
22584,0.653918
22585,-1.316774
22586,0.028399
22587,-1.890605
22588,-1.151639
22589,0.989860
22590,2.326070
22591,1.563395
22592,1.804371
22593,0.686089
22594,-0.267255
22595,-0.580735
22596,0.342556
22597,0.409336
22598,0.232565
22599,-0.218536
22600,1.090329
22601,-0.367733
22602,-0.399519
22603,0.044341
22604,-1.337434
22605,-0.891292
22606,-0.667100
22607,0.095205
22608,-0.889140
22609,-1.043788
22610,0.548276
22611,0.570863
22612,-0.344896
22613,1.426688
22614,0.155854
22615,0.314732
22616,-0.609437
22617,1.815506
22618,-0.029877
22619,-1.312516
22620,0.423866
22621,1.318289
22622,2.902795
22623,1.140917
22624,80.535471
22625,100.439004
22626,108.097164
22627,107.404961
22628,105.485795
22629,107.486946
22630,106.120642
22631,110.635632
22632,113.020263
22633,108.690197
22634,105.616368
22635,106.837455
22636,104.838802
22637,107.966553
22638,108.055524
22639,107.242054
22640,106.980530
22641,107.388172
22642,108.511233
22643,109.029004
22644,109.106024
22645,108.208695
22646,107.293882
22647,106.984410
22648,107.401968
22649,110.994382
22650,111.228346
22651,105.791500
22652,112.982652
22653,112.591181
22654,106.246578
22655,104.333510
22656,108.684443
22657,109.425219
22658,108.300129
22659,105.035054
22660,109.715784
22661,105.834217
22662,107.693419
22663,108.482570
22664,107.069454
22665,104.674374
22666,107.349297
22667,105.932576
22668,108.155712
22669,111.275721
22670,110.576521
22671,106.646048
22672,107.467934
22673,106.603286
22674,108.389572
22675,107.331155
22676,110.017481
22677,108.292197
22678,106.298394
22679,106.588550
22680,110.664705
22681,105.918709
22682,108.120904
22683,105.855369
22684,107.749542
22685,107.987228
22686,108.381212
22687,108.207021
22688,112.306268
22689,29.204135
22690,6.483570
22691,1.188092
22692,0.927513
22693,0.457875
22694,-0.060563
22695,-0.354120
22696,0.328897
22697,0.300674
22698,-0.976497
22699,0.413404
22700,1.621297
22701,0.008903
22702,-1.075901
22703,0.772246
22704,-1.543670
22705,-0.465685
22706,-0.025258
22707,0.191490
22708,0.147408
22709,-0.139723
22710,1.990795
22711,2.317392
22712,-1.796489
22713,-0.458271
22714,-0.879258
22715,-1.270225
22716,-0.711311
22717,-2.058400
22718,-0.053727
22719,1.791368
22720,-0.251117
22721,-0.664442
22722,-0.214565
22723,-0.090690
22724,-0.075923
22725,0.353340
22726,0.106889
22727,-0.268776
22728,0.550046
22729,0.789214
22730,1.077222
22731,-0.675522
22732,-0.919120
22733,-1.287060
22734,-1.667245
22735,-0.713703
22736,0.065404
22737,0.151554
22738,-0.369724
22739,3.134409
22740,1.193812
22741,1.325776
22742,3.817947
22743,1.079247
22744,-1.105798
22745,0.625151
22746,-0.864435
22747,-1.704443
22748,-0.530134
22749,0.532863
22750,1.423838
22751,1.113303
22752,0.236835
22753,-0.357274
22754,0.515889
22755,0.165297
22756,0.063255
22757,-0.874913
22758,1.178095
22759,-0.084046
22760,-0.373506
22761,-1.067663
22762,-2.170540
22763,-1.381868
22764,-2.441102
22765,0.158787
22766,-1.053210
22767,-1.568616
22768,-0.805905
22769,-0.549975
22770,1.773274
22771,-0.455264
22772,-1.244013
22773,-0.703269
22774,-0.693841
22775,-1.064134
22776,-1.098937
22777,0.090661
22778,0.618248
22779,-1.431585
22780,-0.501967
22781,-1.004634
22782,-0.812121
22783,0.355831
22784,-1.085494
22785,0.521014
22786,0.082078
22787,-0.138280
22788,-1.898056
22789,-0.899042
22790,-2.224914
22791,-0.032038
22792,-1.874161
22793,0.288911
22794,-0.247399
22795,-2.486861
22796,-0.989583
22797,-1.063225
22798,-1.807639
22799,-2.082369
22800,0.388513
22801,1.125545
22802,-0.636069
22803,0.761032
22804,0.739693
22805,-0.167873
22806,-2.523861
22807,1.683095
22808,0.926081
22809,1.492876
22810,1.721436
22811,1.643444
22812,1.864805
22813,0.449381
22814,-0.011497
22815,-1.163160
22816,0.110459
22817,-0.143230
22818,-0.515991
22819,-1.269508
22820,0.119187
22821,0.192452
22822,1.328462
22823,0.116097
22824,0.387510
22825,-0.448942
22826,-0.487281
22827,-0.631478
22828,-0.094046
22829,0.642351
22830,1.284545
22831,0.110051
22832,-0.205349
22833,-1.082941
22834,-0.654410
22835,0.274336
22836,-0.491706
22837,-0.593600
22838,-0.603080
22839,-0.614675
22840,0.885933
22841,1.511419
22842,-0.259369
22843,0.546714
22844,1.069650
22845,1.407550
22846,0.015211
22847,1.945642
22848,2.014776
22849,0.326898
22850,-1.060637
22851,0.782950
22852,0.087643
22853,1.159797
22854,-0.335412
22855,-1.002762
22856,-1.237773
22857,-1.056359
22858,-0.649537
22859,-1.059985
22860,0.152245
22861,-0.987588
22862,-0.948369
22863,-0.277246
22864,-1.949348
22865,-1.431750
22866,-1.441996
22867,0.138893
22868,-1.849585
22869,0.995205
22870,-1.226381
22871,-0.466741
22872,0.221840
22873,0.754671
22874,-0.008871
22875,-1.030626
22876,0.890706
22877,0.318233
22878,1.787753
22879,-0.028037
22880,0.407657
22881,1.066794
22882,1.015518
22883,-0.243167
22884,-0.753369
22885,2.568399
22886,0.261874
22887,0.274630
22888,-0.804752
22889,0.047997
22890,-0.387268
22891,-0.458316
22892,-0.807435
22893,1.815817
22894,1.587800
22895,-0.080601
22896,-0.476351
22897,0.536442
22898,-0.745349
22899,0.262496
22900,1.874911
22901,0.032688
22902,0.675947
22903,0.084354
22904,-1.559926
22905,-0.299247
22906,2.167878
22907,0.034170
22908,-0.916737
22909,0.202573
22910,-0.366101
22911,1.037289
22912,-0.131916
22913,0.550489
22914,0.169456
22915,-0.525284
22916,-2.275613
22917,-2.647754
22918,0.157980
22919,-1.967452
22920,-0.064447
22921,-0.482938
22922,0.606142
22923,0.720453
22924,-0.748371
22925,1.528024
22926,0.389711
22927,0.988569
22928,-0.360885
22929,-1.024255
22930,-0.885500
22931,0.507112
22932,-0.863112
22933,-0.216216
22934,1.953227
22935,1.589721
22936,-0.412286
22937,-2.583887
22938,-1.447121
22939,0.388770
22940,-0.134711
22941,0.491182
22942,0.822059
22943,1.290650
22944,-1.600428
22945,0.317055
22946,0.611793
22947,0.840465
22948,-0.013017
22949,-1.443469
22950,-0.829567
22951,-0.467862
22952,-1.737252
22953,1.542472
22954,0.617127
22955,-1.044638
22956,-0.312278
22957,-0.762025
22958,-1.024961
22959,-1.228379
22960,-1.132316
22961,0.675237
22962,-0.236971
22963,-0.592671
22964,-0.270876
22965,0.061227
22966,1.841991
22967,0.702272
22968,0.870642
22969,-0.140925
22970,0.867069
22971,0.758765
22972,0.756376
22973,0.502252
22974,-0.221861
22975,0.471464
22976,0.136829
22977,0.630540
22978,0.744485
22979,2.127047
22980,0.143977
22981,-1.485375
22982,1.032564
22983,1.606879
22984,2.863099
22985,0.988763
22986,-0.028649
22987,0.480850
22988,0.783547
22989,0.700895
22990,-0.960848
22991,-1.108525
22992,-0.260046
22993,-0.501091
22994,-0.072224
22995,-0.743211
22996,-0.267536
22997,1.410564
22998,1.254199
22999,0.294399
23000,3.218162
23001,1.008102
23002,-0.336973
23003,0.840152
23004,0.311645
23005,2.713686
23006,-1.023163
23007,-0.990453
23008,-1.474565
23009,-1.251442
23010,-0.918097
23011,-0.147594
23012,0.088586
23013,-1.654012
23014,0.244112
23015,-0.440824
23016,0.045853
23017,-1.159626
23018,-0.264987
23019,-0.795585
23020,1.906592
23021,0.834251
23022,-0.533792
23023,0.415524
23024,0.881830
23025,-0.000168
23026,-1.718496
23027,0.821363
23028,1.267105
23029,-0.263880
23030,0.299695
23031,1.157461
23032,0.323709
23033,0.344462
23034,0.656559
23035,-0.502713
23036,-1.732416
23037,0.041875
23038,-1.148978
23039,-0.066256
23040,-0.003188
23041,0.139843
23042,1.118199
23043,1.759034
23044,1.429804
23045,-0.277276
23046,1.744271
23047,-0.875096
23048,-0.190874
23049,-0.300475
23050,1.450810
23051,-0.434659
23052,1.725965
23053,1.739208
23054,0.946543
23055,1.093427
23056,-1.057728
23057,-1.209614
23058,-0.426588
23059,-1.123906
23060,-0.180830
23061,-2.198257
23062,0.091072
23063,0.930865
23064,-1.118346
23065,-1.600905
23066,1.940086
23067,-1.458034
23068,-0.747244
23069,-0.749292
23070,0.378757
23071,2.815116
23072,0.713687
23073,0.736664
23074,-0.449624
23075,-1.600227
23076,-0.707162
23077,0.782812
23078,-0.178350
23079,-0.471933
23080,0.673069
23081,0.555022
23082,0.359457
23083,-0.708532
23084,0.051234
23085,0.669633
23086,1.101517
23087,-1.022657
23088,-0.043202
23089,0.845027
23090,-0.677661
23091,-1.068765
23092,-1.761836
23093,0.810042
23094,-0.411821
23095,0.959676
23096,2.350755
23097,0.290326
23098,2.244888
23099,-0.478197
23100,2.506811
23101,0.219119
23102,-0.270492
23103,1.084700
23104,0.342443
23105,-0.246967
23106,1.389894
23107,-1.068153
23108,-0.137016
23109,-0.634621
23110,-0.413154
23111,-1.532547
23112,-2.468819
23113,-1.271415
23114,-0.493959
23115,0.136140
23116,2.184183
23117,0.253955
23118,-1.527769
23119,-0.612345
23120,-1.125938
23121,0.604650
23122,-0.859850
23123,-0.241733
23124,-2.399577
23125,-0.299796
23126,1.123215
23127,0.981897
23128,0.565161
23129,1.207767
23130,-0.758960
23131,0.625683
23132,-0.070970
23133,0.445934
23134,0.896846
23135,0.227145
23136,-0.224569
23137,1.425956
23138,0.371597
23139,0.893879
23140,0.526726
23141,-0.564217
23142,1.153145
23143,0.067279
23144,-0.583267
23145,-0.119593
23146,1.736178
23147,1.921241
23148,2.140355
23149,0.251216
23150,0.079795
23151,0.099941
23152,0.161702
23153,0.052318
23154,0.021150
23155,0.026282
23156,0.791091
23157,-0.099404
23158,0.181515
23159,0.967734
23160,-1.148286
23161,1.094069
23162,1.317430
23163,-0.193219
23164,-0.559585
23165,-1.621066
23166,0.640783
23167,-0.381008
23168,-0.749041
23169,-2.939842
23170,-0.761385
23171,-1.712601
23172,-1.010885
23173,0.032952
23174,0.180609
23175,-0.453549
23176,-0.360981
23177,-1.295068
23178,-0.454461
23179,0.112490
23180,-0.169883
23181,-0.707295
23182,-1.502524
23183,0.039487
23184,0.122360
23185,1.088912
23186,0.558948
23187,1.465611
23188,1.920451
23189,0.856485
23190,1.073467
23191,1.716326
23192,1.130077
23193,-0.290296
23194,1.921771
23195,0.708078
23196,0.034646
23197,1.384776
23198,1.017356
23199,-0.011053
23200,-0.566111
23201,2.035175
23202,0.625120
23203,0.915089
23204,1.215940
23205,-1.398013
23206,0.146378
23207,-2.164951
23208,-2.429680
23209,-1.240295
23210,-0.154494
23211,-1.663703
23212,-0.607495
23213,-0.641299
23214,-0.368990
23215,0.868744
23216,0.650790
23217,-1.434178
23218,-0.460177
23219,0.978756
23220,1.249259
23221,-0.164574
23222,0.014195
23223,-2.334173
23224,-0.803660
23225,0.744296
23226,1.864013
23227,1.023609
23228,-0.309554
23229,-0.097191
23230,0.486890
23231,-2.077994
23232,-0.881922
23233,0.660590
23234,1.064237
23235,0.741873
23236,-1.604358
23237,0.429098
23238,2.282947
23239,-0.284032
23240,-0.161520
23241,-1.132770
23242,-1.274971
23243,-0.455754
23244,-0.247924
23245,0.938052
23246,0.247015
23247,0.209261
23248,1.012808
23249,-0.685755
23250,0.739541
23251,0.470135
23252,-0.344615
23253,-0.121106
23254,1.307526
23255,-0.705285
23256,-0.847670
23257,0.207524
23258,-1.064982
23259,-0.519056
23260,-0.230033
23261,-0.455886
23262,-3.027344
23263,-1.788181
23264,0.251932
23265,0.471066
23266,-0.766565
23267,0.342600
23268,-0.702272
23269,0.408783
23270,0.028905
23271,-1.112870
23272,0.483094
23273,1.109491
23274,0.241743
23275,-0.032725
23276,0.256993
23277,-0.043937
23278,0.512086
23279,-0.988716
23280,0.278127
23281,-0.264952
23282,-0.387652
23283,-1.203016
23284,-0.082734
23285,-0.195260
23286,-1.134279
23287,-0.509512
23288,-0.616542
23289,-2.355419
23290,-1.064725
23291,0.754788
23292,0.800721
23293,-0.111836
23294,-1.089386
23295,-0.692787
23296,2.565823
23297,0.618144
23298,0.111553
23299,0.441831
23300,-1.676809
23301,0.116179
23302,1.013625
23303,0.192320
23304,0.559051
23305,1.689731
23306,0.196058
23307,-0.670128
23308,-1.965639
23309,-0.375628
23310,-0.861747
23311,0.069885
23312,0.374035
23313,-0.693616
23314,1.075059
23315,1.013072
23316,1.450316
23317,0.883624
23318,-0.086618
23319,-1.493491
23320,0.602622
23321,-0.668280
23322,-1.281350
23323,-0.728283
23324,0.299828
23325,0.728796
23326,0.437910
23327,-0.647611
23328,-2.501093
23329,-1.374452
23330,0.391619
23331,0.316669
23332,-1.569531
23333,-1.229799
23334,0.407432
23335,0.310583
23336,-2.197024
23337,-1.116302
23338,0.562767
23339,0.258807
23340,0.459838
23341,1.631984
23342,1.101136
23343,0.650629
23344,1.233102
23345,-0.564179
23346,0.365562
23347,-0.873650
23348,-2.069550
23349,0.089662
23350,-0.801996
23351,-1.687455
23352,-0.497513
23353,-0.234467
23354,-0.859539
23355,2.100464
23356,0.435800
23357,1.142193
23358,1.139270
23359,-0.687958
23360,-0.311992
23361,-0.442757
23362,-0.537860
23363,0.725004
23364,0.743988
23365,2.048117
23366,-0.741081
23367,-0.080759
23368,0.288147
23369,0.322157
23370,-1.492026
23371,-1.210392
23372,0.417549
23373,0.811055
23374,1.274159
23375,0.413066
23376,1.322203
23377,0.541323
23378,1.642388
23379,1.084148
23380,-0.334246
23381,-0.808758
23382,0.371021
23383,0.833101
23384,0.224019
23385,-0.909284
23386,0.082708
23387,-1.151108
23388,1.083755
23389,-0.548320
23390,0.222623
23391,-0.862506
23392,-1.144428
23393,0.516820
23394,0.252828
23395,0.834688
23396,0.384892
23397,-0.829382
23398,-0.554361
23399,-0.550570
23400,-1.517786
23401,0.512175
23402,-1.486779
23403,0.405192
23404,-0.583475
23405,-1.082429
23406,0.097382
23407,-1.971715
23408,-0.841560
23409,-0.672090
23410,1.345116
23411,0.925417
23412,0.506338
23413,0.131066
23414,-2.498150
23415,-0.214715
23416,-1.166807
23417,0.633955
23418,-0.520821
23419,-0.547563
23420,-0.110554
23421,-0.305594
23422,-0.366942
23423,-0.866092
23424,-0.755983
23425,0.837223
23426,0.791751
23427,-0.726747
23428,-1.746676
23429,0.824626
23430,2.256416
23431,0.879487
23432,1.138313
23433,-1.238409
23434,-0.036116
23435,-0.327244
23436,-1.012213
23437,-1.823197
23438,-0.304816
23439,1.049587
23440,1.031492
23441,-0.321389
23442,-1.487120
23443,-1.322524
23444,-0.578473
23445,-1.493656
23446,-1.448108
23447,-0.584193
23448,0.949333
23449,-0.767422
23450,-0.540594
23451,0.631535
23452,-2.238533
23453,0.450971
23454,0.091366
23455,0.003679
23456,0.441566
23457,0.570311
23458,0.992910
23459,0.166739
23460,-1.107990
23461,1.047014
23462,-0.601471
23463,-1.126232
23464,-1.151522
23465,0.373702
23466,-0.126225
23467,0.507873
23468,-0.399702
23469,0.664891
23470,1.461861
23471,-1.251589
23472,-1.719621
23473,-0.512769
23474,-1.680000
23475,-0.079807
23476,-0.230521
23477,1.229931
23478,-1.363888
23479,0.345268
23480,-0.123517
23481,0.618593
23482,-0.126269
23483,-1.328762
23484,-0.142155
23485,0.267331
23486,0.241632
23487,-0.113686
23488,-1.338244
23489,0.873612
23490,-1.148039
23491,0.334867
23492,-0.276971
23493,-0.070812
23494,-2.276851
23495,-1.647678
23496,1.201666
23497,-1.138584
23498,0.846478
23499,1.553872
23500,0.011024
23501,1.307050
23502,-0.254809
23503,-0.171698
23504,-0.538380
23505,-1.301916
23506,-0.747873
23507,-1.394192
23508,-1.735820
23509,-0.290337
23510,0.409446
23511,-1.036798
23512,-0.569410
23513,-0.143570
23514,-0.556707
23515,-0.590409
23516,2.028552
23517,-0.102341
23518,0.712786
23519,-0.943909
23520,-0.708914
23521,-1.125703
23522,1.969125
23523,-0.623449
23524,-1.663201
23525,-0.808862
23526,-0.155890
23527,2.282818
23528,0.106091
23529,0.240447
23530,-0.624711
23531,0.540310
23532,0.257846
23533,-1.819741
23534,1.006534
23535,1.361723
23536,0.279904
23537,-1.234961
23538,-0.525552
23539,0.182724
23540,-0.569832
23541,-0.453265
23542,0.332946
23543,-0.874281
23544,-0.045837
23545,-0.706283
23546,-0.529252
23547,-0.539043
23548,1.085277
23549,0.267239
23550,0.837239
23551,-1.013152
23552,-0.316490
23553,-2.168782
23554,-0.139201
23555,0.827663
23556,0.412304
23557,-1.359097
23558,1.325941
23559,-0.108060
23560,-0.694535
23561,1.303489
23562,0.950804
23563,-0.125988
23564,-1.634847
23565,1.472788
23566,-0.511527
23567,0.199253
23568,-0.982881
23569,0.434605
23570,-0.540743
23571,-1.019246
23572,0.413338
23573,-1.264574
23574,0.691920
23575,0.231671
23576,0.102766
23577,-0.315497
23578,-1.699223
23579,-0.007701
23580,-0.894020
23581,-1.298098
23582,0.642628
23583,0.218099
23584,1.783408
23585,-0.156641
23586,0.661572
23587,-0.308119
23588,-1.482583
23589,-0.516183
23590,-1.876513
23591,-1.217323
23592,-0.653302
23593,0.199948
23594,0.650742
23595,-0.098466
23596,-1.935010
23597,0.082398
23598,-0.722258
23599,-1.280571
23600,-1.261188
23601,0.697147
23602,0.747147
23603,-0.046976
23604,1.174197
23605,-0.256282
23606,0.719877
23607,-0.090553
23608,-1.527694
23609,-0.508469
23610,2.312857
23611,2.416704
23612,-1.217444
23613,0.116459
23614,1.803973
23615,0.050399
23616,0.936644
23617,-0.138305
23618,-0.585329
23619,-0.868076
23620,0.140917
23621,-0.140425
23622,0.329445
23623,-0.529553
23624,-0.622337
23625,0.292072
23626,0.642468
23627,0.705579
23628,-0.482359
23629,0.011838
23630,0.623068
23631,-1.435212
23632,-0.221218
23633,1.453652
23634,0.425987
23635,1.301017
23636,-0.011193
23637,0.351432
23638,-0.324291
23639,-1.321206
23640,-0.287037
23641,0.420771
23642,-0.863154
23643,-0.533275
23644,-0.326175
23645,-0.764183
23646,-1.014544
23647,-0.798149
23648,-0.735396
23649,0.879476
23650,-1.456945
23651,-0.531889
23652,0.904205
23653,-0.580177
23654,-0.136131
23655,1.076313
23656,1.358847
23657,-0.937069
23658,0.264412
23659,-1.852881
23660,0.195366
23661,0.696093
23662,0.991172
23663,1.850663
23664,0.324905
23665,-2.323651
23666,-1.539481
23667,1.260743
23668,0.590987
23669,0.787566
23670,2.068563
23671,-0.376569
23672,0.682693
23673,-1.942889
23674,-0.096042
23675,1.247596
23676,0.759237
23677,-1.148089
23678,-1.313695
23679,1.005486
23680,0.191708
23681,-0.983454
23682,-1.422661
23683,-0.736586
23684,0.491642
23685,1.251288
23686,-0.240965
23687,0.670565
23688,-1.319155
23689,1.076892
23690,0.254892
23691,-0.126141
23692,-0.086181
23693,0.065107
23694,0.359675
23695,0.192383
23696,-0.099398
23697,-0.307766
23698,-2.257514
23699,-2.602623
23700,-0.785466
23701,-1.291341
23702,0.470768
23703,0.269272
23704,1.488402
23705,-0.303565
23706,0.395573
23707,-0.323115
23708,0.766127
23709,1.525840
23710,-0.187581
23711,0.045485
23712,-0.647484
23713,-1.311216
23714,0.287221
23715,0.522771
23716,-0.330145
23717,0.313302
23718,1.381418
23719,-0.907128
23720,1.691708
23721,-0.501368
23722,0.499081
23723,-0.481689
23724,-1.422602
23725,0.263125
23726,-0.094113
23727,-2.037385
23728,1.321787
23729,1.906005
23730,1.510356
23731,0.348894
23732,-0.527633
23733,-0.857004
23734,1.134930
23735,0.439625
23736,0.943382
23737,0.069678
23738,0.608356
23739,1.026761
23740,0.205823
23741,0.803702
23742,-0.293407
23743,-1.993467
23744,-0.265463
23745,-0.886175
23746,0.969931
23747,-0.365583
23748,1.254003
23749,0.939681
23750,0.120246
23751,-0.588427
23752,-0.975860
23753,0.102127
23754,0.077133
23755,1.587407
23756,0.225589
23757,-0.334350
23758,-0.669831
23759,-1.230298
23760,-0.096932
23761,-0.090964
23762,0.445172
23763,0.413190
23764,0.058269
23765,-0.541725
23766,-1.206803
23767,0.189808
23768,0.413020
23769,-0.591933
23770,1.129073
23771,0.264817
23772,-2.082395
23773,1.378392
23774,0.203348
23775,0.273403
23776,0.160949
23777,1.079563
23778,0.643131
23779,-0.915664
23780,0.242744
23781,-0.463862
23782,1.731088
23783,0.721415
23784,0.145845
23785,-1.933928
23786,0.035754
23787,1.136328
23788,0.336799
23789,-0.181638
23790,-0.667036
23791,-0.443560
23792,2.148196
23793,2.103718
23794,0.812358
23795,1.439712
23796,-2.318933
23797,-0.207694
23798,-2.033416
23799,-1.215204
23800,-0.701617
23801,-0.919107
23802,0.658349
23803,-2.686479
23804,0.373597
23805,-1.111159
23806,-1.656133
23807,0.430975
23808,-0.288845
23809,0.527251
23810,-1.126603
23811,-0.125353
23812,2.239993
23813,0.092169
23814,1.175033
23815,1.158043
23816,1.539224
23817,0.523946
23818,-1.515091
23819,-0.611073
23820,1.002934
23821,-0.337205
23822,-0.588917
23823,-0.129044
23824,1.558478
23825,1.619029
23826,-0.522775
23827,-0.103551
23828,-0.487626
23829,1.139914
23830,0.721469
23831,0.754714
23832,0.187416
23833,0.526108
23834,0.340576
23835,-0.547326
23836,-0.608214
23837,-0.218282
23838,0.805695
23839,-0.336576
23840,0.019443
23841,0.832305
23842,0.784344
23843,0.133857
23844,0.039028
23845,0.791164
23846,0.514746
23847,-0.619687
23848,-1.754397
23849,-0.374071
23850,1.105049
23851,-0.132451
23852,-0.442619
23853,0.011927
23854,1.199789
23855,-0.176163
23856,2.373401
23857,0.576541
23858,-0.676305
23859,-1.849627
23860,-1.491629
23861,-0.262374
23862,-0.816692
23863,-0.453052
23864,1.287314
23865,-2.098370
23866,-0.945787
23867,0.486229
23868,-0.149047
23869,-0.707136
23870,0.701125
23871,-0.510736
23872,-0.431334
23873,-0.651197
23874,0.735243
23875,-0.072963
23876,0.177883
23877,0.897808
23878,0.052175
23879,-0.144717
23880,-0.064386
23881,-0.685731
23882,-1.424154
23883,-1.026933
23884,-0.321387
23885,-1.521077
23886,-0.700972
23887,1.368348
23888,-0.982227
23889,-1.301439
23890,0.509992
23891,0.918358
23892,1.824318
23893,0.302070
23894,-1.539780
23895,-0.458429
23896,-1.206966
23897,-1.971246
23898,-0.594660
23899,0.535879
23900,-1.273285
23901,0.572258
23902,0.069885
23903,0.301809
23904,1.014751
23905,-0.543979
23906,-0.725801
23907,-0.430986
23908,-0.739150
23909,-2.157725
23910,-0.135246
23911,-2.130884
23912,-2.068881
23913,-1.501831
23914,-0.567625
23915,1.047410
23916,-1.003652
23917,-0.961522
23918,-0.676463
23919,0.521931
23920,-0.327190
23921,-0.891926
23922,0.732122
23923,0.924884
23924,0.621919
23925,3.029645
23926,-0.471992
23927,-0.139528
23928,-2.361668
23929,-0.920803
23930,-0.888191
23931,-0.290855
23932,-0.653583
23933,0.233975
23934,-0.684698
23935,-0.794644
23936,-0.955142
23937,-1.315247
23938,1.239012
23939,-0.305094
23940,-0.836864
23941,-1.241182
23942,-1.113227
23943,0.899078
23944,0.267004
23945,-0.014346
23946,1.531860
23947,0.965265
23948,0.291061
23949,-0.076934
23950,2.235479
23951,-0.432857
23952,0.742866
23953,0.921504
23954,0.262486
23955,0.253002
23956,-0.598542
23957,-0.212647
23958,-0.637425
23959,-1.940197
23960,-2.223133
23961,-0.137176
23962,0.306582
23963,-0.394666
23964,-0.539445
23965,-0.419119
23966,0.070311
23967,0.672493
23968,-0.296519
23969,1.230158
23970,-1.206541
23971,0.948016
23972,-0.649165
23973,-0.091460
23974,-0.322584
23975,-1.844717
23976,-1.025727
23977,0.158813
23978,-0.002828
23979,0.095822
23980,-0.673252
23981,-1.092493
23982,0.986353
23983,-0.080244
23984,0.757815
23985,0.034010
23986,0.521039
23987,-0.193197
23988,-0.064127
23989,-0.575519
23990,0.874947
23991,1.191757
23992,-0.413860
23993,2.147934
23994,-1.339656
23995,-0.297383
23996,-0.897981
23997,-0.034477
23998,1.606350
23999,-0.717129
24000,-0.644927
24001,0.372143
24002,-0.257163
24003,-0.673575
24004,0.582178
24005,1.634542
24006,0.842080
24007,-0.065805
24008,-0.401465
24009,-0.311291
24010,-1.991778
24011,-1.790735
24012,0.176940
24013,-0.167047
24014,0.950391
24015,1.146861
24016,1.975487
24017,1.167607
24018,-0.359397
24019,0.038401
24020,0.296484
24021,-1.309023
24022,-1.596852
24023,-0.382869
24024,1.048182
24025,-0.155508
24026,1.500471
24027,0.911280
24028,-0.064014
24029,0.309428
24030,0.983512
24031,0.523265
24032,-0.557889
24033,0.620900
24034,-0.721235
24035,-0.777934
24036,-0.613391
24037,-0.932022
24038,-1.784750
24039,0.541025
24040,0.629784
24041,-1.032139
24042,-1.278098
24043,-2.154939
24044,0.216957
24045,-1.374508
24046,0.939560
24047,-0.634554
24048,1.148581
24049,1.263009
24050,-1.217287
24051,-0.757865
24052,-2.127700
24053,-0.687105
24054,0.246414
24055,0.736450
24056,-0.195948
24057,1.316497
24058,-0.468362
24059,-0.688477
24060,-0.140611
24061,0.974774
24062,1.525407
24063,0.996919
24064,-1.343579
24065,-1.677565
24066,0.194128
24067,0.153054
24068,-0.129361
24069,1.157337
24070,-0.177003
24071,0.003737
24072,0.299941
24073,1.108698
24074,1.349514
24075,0.014665
24076,-0.388063
24077,-2.322102
24078,-0.553752
24079,0.237521
24080,-2.129469
24081,-2.412256
24082,1.656254
24083,1.431478
24084,-1.193594
24085,0.064737
24086,0.240411
24087,0.096099
24088,0.129542
24089,-1.426026
24090,-1.429670
24091,-1.621044
24092,-0.889748
24093,0.619440
24094,1.305143
24095,0.273263
24096,1.470652
24097,-1.088077
24098,-0.357432
24099,1.520278
24100,-0.226132
24101,-1.070902
24102,1.199701
24103,1.123170
24104,0.330053
24105,-0.401434
24106,0.372671
24107,0.368840
24108,0.091858
24109,-0.319805
24110,1.277772
24111,-0.565088
24112,-2.202470
24113,-1.298942
24114,-0.005710
24115,-2.082134
24116,-2.340322
24117,-0.400080
24118,0.313928
24119,-1.427347
24120,0.253605
24121,0.561362
24122,-0.464383
24123,-0.657556
24124,0.790226
24125,-0.065517
24126,0.237343
24127,-1.544996
24128,0.412022
24129,0.452028
24130,0.367416
24131,-0.320144
24132,-0.280126
24133,0.020011
24134,-1.357543
24135,0.263238
24136,-2.855072
24137,-0.795581
24138,-1.531741
24139,-0.574274
24140,0.427675
24141,0.916954
24142,-0.787945
24143,0.099967
24144,-1.349872
24145,-0.413832
24146,0.279413
24147,-0.298190
24148,-0.796528
24149,0.182261
24150,-1.147276
24151,-1.502628
24152,-1.793547
24153,-0.406039
24154,0.749977
24155,2.051721
24156,-2.185524
24157,-0.899493
24158,-0.311098
24159,-0.214504
24160,0.591745
24161,0.155028
24162,-0.210481
24163,-2.447273
24164,-0.692001
24165,-0.619178
24166,0.797314
24167,0.268709
24168,0.040226
24169,-0.732549
24170,0.673038
24171,-0.142171
24172,2.549019
24173,1.443420
24174,0.099305
24175,1.586650
24176,0.200720
24177,1.238337
24178,0.285016
24179,-0.943118
24180,-0.080823
24181,1.423762
24182,0.115267
24183,1.652480
24184,0.745837
24185,1.747071
24186,0.333505
24187,0.938505
24188,-0.395123
24189,-0.309526
24190,-0.832097
24191,-0.005090
24192,-1.123343
24193,-1.222083
24194,0.301573
24195,1.352242
24196,1.326042
24197,-0.906436
24198,-1.185013
24199,-3.413823
24200,-0.540547
24201,-1.620839
24202,0.156937
24203,0.411970
24204,-0.707478
24205,-0.576569
24206,-0.810291
24207,-1.615332
24208,-1.710287
24209,-0.260686
24210,0.637996
24211,-1.281977
24212,1.017397
24213,0.405269
24214,-0.772698
24215,-1.114719
24216,-0.271244
24217,0.848810
24218,0.317096
24219,-0.553968
24220,-1.329517
24221,-0.175359
24222,-1.727896
24223,-0.832632
24224,0.305762
24225,1.074259
24226,-0.717723
24227,1.352243
24228,0.626044
24229,-0.190228
24230,-1.770251
24231,-0.548059
24232,-0.888266
24233,0.244320
24234,0.158677
24235,-0.532353
24236,0.297897
24237,1.221401
24238,-0.355095
24239,-1.544437
24240,-0.683669
24241,1.157169
24242,0.578116
24243,-1.101131
24244,-1.053159
24245,-1.339822
24246,0.252047
24247,-0.589489
24248,0.767776
24249,0.434305
24250,-0.208114
24251,0.090506
24252,-0.707999
24253,-0.929600
24254,0.491617
24255,0.617790
24256,0.835184
24257,1.425217
24258,0.209695
24259,2.060865
24260,-0.758281
24261,-1.961302
24262,0.483244
24263,-0.791135
24264,-0.459695
24265,-0.666572
24266,-0.203414
24267,0.814934
24268,1.095246
24269,0.808239
24270,0.143110
24271,0.021392
24272,-0.050967
24273,-1.977486
24274,1.177761
24275,0.051100
24276,-1.330458
24277,-0.360840
24278,-0.451201
24279,-0.394996
24280,0.095273
24281,-2.303503
24282,-0.517964
24283,-1.158476
24284,-2.009699
24285,-4.691512
24286,-0.891470
24287,0.357530
24288,1.264341
24289,-2.335369
24290,0.303727
24291,1.397106
24292,0.752927
24293,-0.738473
24294,0.434063
24295,-0.842919
24296,-2.759320
24297,-1.861467
24298,0.515514
24299,-0.123348
24300,0.891575
24301,0.717551
24302,0.349323
24303,0.143729
24304,0.536324
24305,2.242248
24306,1.961207
24307,1.954739
24308,1.196341
24309,-0.704289
24310,-0.916452
24311,0.408010
24312,0.854196
24313,1.372842
24314,-0.472764
24315,-0.581237
24316,1.381133
24317,-0.327367
24318,-0.712966
24319,3.122324
24320,1.206910
24321,1.440388
24322,1.055625
24323,1.000826
24324,-0.335384
24325,-0.175235
24326,-0.062183
24327,1.218912
24328,0.246342
24329,1.923289
24330,0.300238
24331,1.925724
24332,-0.351923
24333,-0.265973
24334,0.156826
24335,-1.697241
24336,0.877115
24337,0.980950
24338,0.621673
24339,0.283263
24340,-0.520312
24341,-0.421989
24342,1.143350
24343,0.346187
24344,-1.483252
24345,-0.302389
24346,-0.511203
24347,-0.074524
24348,-0.638117
24349,-2.192589
24350,0.314350
24351,-0.428992
24352,-0.871734
24353,-0.316602
24354,1.115436
24355,2.024034
24356,-1.065209
24357,-2.235155
24358,-0.706849
24359,-0.318524
24360,-1.399121
24361,-2.348428
24362,1.086378
24363,-0.838882
24364,-0.340912
24365,-0.195511
24366,0.751806
24367,0.857707
24368,-1.380588
24369,0.440607
24370,0.095596
24371,0.522524
24372,0.071336
24373,-0.263462
24374,0.212078
24375,0.861969
24376,0.523723
24377,0.297308
24378,0.253687
24379,-0.196368
24380,-0.538579
24381,-1.108690
24382,-1.384131
24383,-0.339316
24384,0.478949
24385,0.536160
24386,-0.989059
24387,-1.362978
24388,-0.374048
24389,-1.196020
24390,-0.712581
24391,-0.456776
24392,-0.805718
24393,-1.098053
24394,1.111614
24395,0.981281
24396,0.400271
24397,1.638143
24398,-0.188111
24399,-1.535472
24400,-1.629260
24401,-1.666212
24402,0.409101
24403,0.091039
24404,0.128296
24405,0.154902
24406,0.261674
24407,-2.153906
24408,0.167711
24409,0.004092
24410,-0.123458
24411,1.700323
24412,-1.331499
24413,-0.596091
24414,-0.002045
24415,0.126891
24416,-0.341182
24417,0.408688
24418,1.126814
24419,2.638074
24420,-0.183178
24421,-0.973432
24422,0.707535
24423,-0.401808
24424,-1.315249
24425,-1.586492
24426,0.395669
24427,0.615674
24428,-0.094669
24429,0.442326
24430,-0.336552
24431,0.488032
24432,1.121782
24433,0.595766
24434,1.809352
24435,0.861944
24436,-1.732567
24437,-0.189478
24438,1.279808
24439,2.062940
24440,0.964356
24441,-2.078604
24442,-0.481464
24443,-0.436581
24444,-3.454809
24445,-1.160980
24446,-0.111275
24447,-0.496546
24448,-0.442047
24449,-1.503876
24450,0.965712
24451,-2.072994
24452,0.153918
24453,-1.161350
24454,-0.290507
24455,0.655079
24456,0.263920
24457,-0.302250
24458,0.852322
24459,0.772013
24460,-0.557136
24461,-2.163330
24462,0.421941
24463,-0.110916
24464,0.263490
24465,-0.144333
24466,-0.254907
24467,-0.453600
24468,0.908049
24469,0.339395
24470,0.772531
24471,1.827147
24472,1.581166
24473,-0.650821
24474,0.886097
24475,-0.079425
24476,0.614165
24477,-1.576335
24478,-0.967808
24479,-1.508880
24480,1.433901
24481,2.018306
24482,0.076432
24483,0.737903
24484,-0.343146
24485,-0.810161
24486,-1.993553
24487,-0.969997
24488,-1.321178
24489,0.538374
24490,1.604405
24491,0.020018
24492,-1.191542
24493,-0.225708
24494,-0.116732
24495,-0.103318
24496,0.498281
24497,0.903258
24498,-0.383425
24499,0.515686
24500,0.173780
24501,0.341322
24502,-1.363817
24503,-0.064675
24504,-1.191025
24505,-0.250161
24506,0.780518
24507,0.728753
24508,2.225019
24509,0.430178
24510,-1.507896
24511,0.358695
24512,-0.974142
24513,0.470168
24514,0.660644
24515,-0.874116
24516,-1.275897
24517,-0.846101
24518,0.097662
24519,-0.721181
24520,-0.685970
24521,0.339840
24522,-1.706100
24523,0.301374
24524,0.458289
24525,1.516119
24526,0.804289
24527,2.633511
24528,-2.355475
24529,-1.886743
24530,-1.169219
24531,0.467514
24532,0.138383
24533,0.214024
24534,-0.733879
24535,-1.542912
24536,-1.240965
24537,0.817627
24538,0.780730
24539,1.823573
24540,-1.478502
24541,0.314014
24542,-0.652781
24543,0.519945
24544,1.026488
24545,-0.782505
24546,0.140419
24547,0.183409
24548,-0.405948
24549,0.187366
24550,-0.705827
24551,0.187447
24552,-0.138666
24553,0.751315
24554,-0.251934
24555,0.917967
24556,-0.237299
24557,-0.801820
24558,-1.536682
24559,-0.960260
24560,0.030537
24561,-0.639434
24562,2.266681
24563,0.734510
24564,1.325755
24565,-0.211498
24566,0.894950
24567,-0.256789
24568,1.632378
24569,-0.328260
24570,0.342666
24571,0.606392
24572,0.159492
24573,0.304235
24574,-0.645860
24575,-0.042231
24576,0.058560
24577,0.484310
24578,0.532035
24579,-1.176955
24580,-0.186494
24581,-0.964232
24582,0.030888
24583,1.484853
24584,0.301103
24585,0.264533
24586,-0.764735
24587,-1.160308
24588,-1.450881
24589,-0.091344
24590,0.923760
24591,0.269950
24592,0.644661
24593,-0.287331
24594,-0.994023
24595,-2.769033
24596,-0.083082
24597,-1.187241
24598,-1.326749
24599,-0.287532
24600,-0.909158
24601,-0.923906
24602,-1.092571
24603,1.141820
24604,0.907639
24605,0.598698
24606,1.537055
24607,0.468070
24608,0.223561
24609,-0.037888
24610,0.344592
24611,1.443649
24612,-1.204775
24613,-0.576614
24614,-0.042376
24615,-0.160790
24616,-0.292100
24617,0.906525
24618,-0.775753
24619,0.334408
24620,-0.507814
24621,1.293437
24622,-0.052701
24623,0.101385
24624,1.474342
24625,-0.036045
24626,-1.031320
24627,-0.169085
24628,-0.872068
24629,0.111683
24630,1.501569
24631,0.703689
24632,2.516577
24633,0.304303
24634,1.070206
24635,0.015894
24636,0.597792
24637,1.001232
24638,0.813015
24639,3.006819
24640,1.343707
24641,0.384508
24642,-0.154389
24643,0.179821
24644,-0.466416
24645,0.182574
24646,0.204684
24647,-0.070342
24648,-0.972090
24649,0.880459
24650,-1.116846
24651,1.199577
24652,2.114121
24653,0.919389
24654,-0.751906
24655,-0.859161
24656,-0.552141
24657,-1.207832
24658,0.445992
24659,-1.432175
24660,-0.739247
24661,-0.485736
24662,0.977705
24663,0.317961
24664,-0.188335
24665,-0.282285
24666,-0.143316
24667,0.241496
24668,1.608815
24669,0.422709
24670,-1.771236
24671,0.104848
24672,-0.985521
24673,-0.524667
24674,-1.504774
24675,-1.006997
24676,-0.748140
24677,0.521611
24678,-1.950836
24679,-1.474771
24680,0.710629
24681,-0.025472
24682,-0.885579
24683,2.736438
24684,1.342326
24685,0.570001
24686,1.961927
24687,1.375100
24688,-0.911292
24689,-1.059287
24690,-0.680875
24691,-0.336281
24692,0.244440
24693,-0.413340
24694,0.934026
24695,1.076796
24696,-0.841416
24697,-2.652486
24698,-2.694805
24699,1.190754
24700,-0.294764
24701,-0.758356
24702,-0.393845
24703,1.534968
24704,1.550009
24705,-0.070560
24706,1.007871
24707,0.780487
24708,-0.633312
24709,0.034104
24710,1.654965
24711,2.456942
24712,1.140940
24713,-0.270431
24714,0.467582
24715,0.449808
24716,0.400798
24717,-1.254590
24718,0.793442
24719,0.359208
24720,0.438614
24721,1.290901
24722,1.745006
24723,1.899546
24724,1.342809
24725,-1.123113
24726,0.678466
24727,1.441784
24728,-0.358376
24729,0.314513
24730,-0.217120
24731,-1.802993
24732,-1.423513
24733,0.446492
24734,-1.147057
24735,0.002271
24736,-0.050497
24737,0.053496
24738,-1.105647
24739,-0.378995
24740,-1.594183
24741,-0.626967
24742,-0.590880
24743,0.834118
24744,0.630285
24745,-0.681489
24746,0.735058
24747,0.781054
24748,1.148462
24749,0.090767
24750,0.761381
24751,1.175640
24752,0.429547
24753,0.742114
24754,0.107044
24755,0.578013
24756,1.080108
24757,-1.180201
24758,-0.655171
24759,0.132888
24760,-0.127018
24761,-1.684681
24762,1.667621
24763,0.286467
24764,0.855080
24765,0.312859
24766,-0.454847
24767,-0.185493
24768,-0.506448
24769,-0.439861
24770,-0.058455
24771,-0.870271
24772,-0.096258
24773,0.057557
24774,-1.329381
24775,-0.374227
24776,-0.017302
24777,1.586554
24778,-1.094490
24779,1.635373
24780,0.756678
24781,-1.680879
24782,-0.109490
24783,0.740101
24784,0.436835
24785,-1.334439
24786,0.067697
24787,1.296053
24788,0.206711
24789,-2.360226
24790,-0.786685
24791,0.400913
24792,0.789799
24793,-0.451942
24794,1.808488
24795,1.270095
24796,-0.255838
24797,-0.374035
24798,-2.208479
24799,-1.346221
24800,-0.823632
24801,0.585754
24802,-0.217406
24803,-0.301858
24804,-1.242358
24805,-0.916135
24806,0.290929
24807,-0.237205
24808,0.347079
24809,1.208983
24810,-0.124053
24811,0.052604
24812,-1.450524
24813,0.602882
24814,1.118586
24815,2.311303
24816,0.651717
24817,0.698525
24818,-1.368173
24819,1.028945
24820,0.188303
24821,-1.218763
24822,-1.404140
24823,-0.041384
24824,-0.097952
24825,1.549636
24826,-1.007994
24827,-1.919181
24828,-0.612247
24829,0.149248
24830,1.929961
24831,0.617362
24832,1.508993
24833,1.354514
24834,0.079518
24835,0.573638
24836,1.391108
24837,-1.221806
24838,-1.045866
24839,-0.125590
24840,-1.795492
24841,-0.126853
24842,0.972338
24843,0.544076
24844,-0.718713
24845,-2.159765
24846,-0.463965
24847,0.400935
24848,-0.612432
24849,-0.463276
24850,0.574859
24851,0.787958
24852,2.001953
24853,-0.217628
24854,-1.028383
24855,0.588571
24856,0.947349
24857,-0.045553
24858,-0.220573
24859,-0.856740
24860,-0.948540
24861,0.638713
24862,0.327433
24863,0.092085
24864,-0.045331
24865,-0.257788
24866,-0.955002
24867,-0.773713
24868,-0.262381
24869,-0.803930
24870,0.051515
24871,-1.094016
24872,-0.886387
24873,-1.115116
24874,-1.257533
24875,-0.771695
24876,-0.106149
24877,-1.469786
24878,-2.188120
24879,0.166968
24880,0.684948
24881,-0.203623
24882,0.893156
24883,0.193802
24884,-0.242970
24885,-1.162303
24886,-0.908911
24887,-1.247964
24888,-0.031022
24889,-0.038511
24890,1.427078
24891,0.880634
24892,0.120466
24893,-0.586144
24894,-1.599139
24895,1.118262
24896,0.752135
24897,-0.561862
24898,0.705649
24899,0.508080
24900,-0.052794
24901,-0.094268
24902,0.043169
24903,1.006159
24904,0.196207
24905,-0.736749
24906,-1.045824
24907,-0.726934
24908,-1.215082
24909,1.004569
24910,-0.497623
24911,0.520166
24912,1.132804
24913,0.259050
24914,-0.440707
24915,0.433913
24916,-0.206006
24917,-0.895130
24918,-2.170730
24919,0.012967
24920,-0.525058
24921,0.794041
24922,-0.289427
24923,0.858607
24924,1.463150
24925,2.465562
24926,0.566939
24927,0.247972
24928,-1.458314
24929,0.665207
24930,0.858822
24931,-0.340255
24932,-1.124664
24933,-0.378323
24934,-0.531441
24935,0.651272
24936,1.054925
24937,0.536236
24938,0.633983
24939,-0.707526
24940,1.159721
24941,1.566468
24942,0.824263
24943,0.615087
24944,-0.107401
24945,-0.185063
24946,0.641873
24947,-0.737541
24948,2.474938
24949,-1.739822
24950,-1.128552
24951,-0.990269
24952,0.369431
24953,-0.004807
24954,-0.059463
24955,-0.721928
24956,1.362996
24957,0.812411
24958,0.840976
24959,0.140119
24960,-2.692241
24961,-2.111354
24962,0.345548
24963,2.166668
24964,0.467740
24965,0.341930
24966,-0.530778
24967,0.767076
24968,1.085226
24969,-1.052985
24970,-0.127468
24971,1.286702
24972,0.704420
24973,0.309338
24974,-0.083721
24975,0.807700
24976,-0.969957
24977,-2.226129
24978,0.098404
24979,0.790988
24980,-0.519379
24981,-0.304706
24982,-1.692640
24983,-1.135081
24984,-1.199242
24985,0.557067
24986,-0.598245
24987,-2.268006
24988,-1.521385
24989,0.792237
24990,1.233283
24991,0.699712
24992,-0.161982
24993,0.679997
24994,-0.381652
24995,1.537993
24996,0.027820
24997,0.368304
24998,1.119227
24999,1.961403
25000,0.123413
25001,0.713935
25002,0.130719
25003,-1.725430
25004,-0.852692
25005,-1.637491
25006,-0.692121
25007,0.494324
25008,0.206685
25009,0.022811
25010,1.482951
25011,0.251734
25012,-0.409056
25013,1.679093
25014,0.970258
25015,0.484081
25016,-1.216433
25017,0.693977
25018,0.154813
25019,-0.200627
25020,0.254097
25021,0.823874
25022,-1.181470
25023,0.655135
25024,1.685306
25025,1.408675
25026,0.247955
25027,0.327190
25028,-0.708671
25029,0.752711
25030,2.151168
25031,-0.632362
25032,0.620454
25033,3.027354
25034,1.049158
25035,-0.886463
25036,1.648805
25037,0.637076
25038,1.296556
25039,1.350172
25040,-1.036579
25041,0.053041
25042,0.324360
25043,0.804509
25044,0.920238
25045,0.613457
25046,-0.073107
25047,-0.853008
25048,-0.554315
25049,0.094408
25050,0.033379
25051,-0.240686
25052,0.470107
25053,1.467885
25054,1.628752
25055,1.585286
25056,0.914508
25057,0.443735
25058,1.564216
25059,0.436761
25060,2.340077
25061,1.677819
25062,0.516497
25063,-0.245772
25064,-0.104698
25065,0.555872
25066,0.786587
25067,0.844347
25068,0.206457
25069,-0.807494
25070,-0.840077
25071,-2.212883
25072,0.163825
25073,0.791412
25074,-0.318958
25075,1.027593
25076,-0.385922
25077,-1.261869
25078,0.193497
25079,0.790313
25080,-0.436346
25081,0.217783
25082,0.796524
25083,0.280732
25084,0.439105
25085,-1.273057
25086,-0.318371
25087,-0.124476
25088,-0.025552
25089,-0.374565
25090,-0.039304
25091,1.315939
25092,1.807269
25093,-0.852455
25094,-0.244587
25095,0.100171
25096,1.401596
25097,0.380083
25098,-3.079790
25099,0.393249
25100,-1.462552
25101,-1.719191
25102,0.243170
25103,-1.502843
25104,0.899437
25105,-0.990125
25106,-0.791859
25107,0.611186
25108,-0.407197
25109,-0.523383
25110,0.208692
25111,-0.238312
25112,0.603753
25113,-1.204222
25114,-1.087924
25115,-0.891624
25116,-0.722039
25117,0.786815
25118,-1.020166
25119,0.039674
25120,-1.164797
25121,-1.800422
25122,-0.223674
25123,0.690750
25124,0.566720
25125,1.087355
25126,-0.375913
25127,-1.178476
25128,-0.548334
25129,-1.591756
25130,-0.167524
25131,-0.320485
25132,1.472522
25133,-1.388722
25134,1.002245
25135,-0.865464
25136,1.117103
25137,1.221001
25138,0.365612
25139,1.588144
25140,-0.565081
25141,-1.240820
25142,-0.982757
25143,1.446920
25144,-0.367743
25145,-0.221884
25146,1.352813
25147,0.169791
25148,0.031952
25149,2.154359
25150,0.284034
25151,-1.086055
25152,0.261136
25153,-0.256481
25154,1.491075
25155,-0.198456
25156,2.693432
25157,0.637455
25158,-0.335726
25159,-1.273192
25160,-0.513423
25161,0.699737
25162,-0.590164
25163,0.485364
25164,1.764196
25165,-0.577566
25166,-0.212513
25167,0.919879
25168,-0.956822
25169,-0.660085
25170,0.152925
25171,0.883742
25172,1.741370
25173,1.787666
25174,-1.004260
25175,0.317309
25176,-0.527410
25177,-1.358359
25178,-1.243874
25179,0.160172
25180,-0.790700
25181,0.292215
25182,-0.178654
25183,-0.590226
25184,1.319293
25185,-0.619423
25186,0.393201
25187,0.293451
25188,-0.154514
25189,0.774390
25190,1.481094
25191,-0.196655
25192,1.139766
25193,0.642651
25194,-0.463758
25195,-1.000839
25196,0.155170
25197,-1.462820
25198,-0.276630
25199,1.233491
25200,1.206704
25201,1.778101
25202,-0.769552
25203,0.482870
25204,-0.253488
25205,1.654084
25206,-0.751377
25207,-0.262372
25208,-0.429872
25209,1.540424
25210,-1.436514
25211,-0.535534
25212,2.000565
25213,-0.679756
25214,0.617843
25215,1.614853
25216,0.191780
25217,2.128338
25218,-0.215831
25219,-1.515184
25220,-2.021197
25221,-0.981791
25222,0.344103
25223,-0.205376
25224,-0.205735
25225,-1.970591
25226,2.047510
25227,-0.049510
25228,-1.024500
25229,0.563644
25230,-0.778234
25231,-0.828159
25232,-1.199920
25233,-0.391179
25234,-0.158591
25235,-0.504893
25236,-1.613016
25237,-1.415445
25238,0.433461
25239,0.499073
25240,-0.474658
25241,-0.900350
25242,-0.944189
25243,-1.272410
25244,-0.976352
25245,-0.195070
25246,-0.955801
25247,0.198948
25248,-0.496339
25249,0.240118
25250,-1.260927
25251,0.462761
25252,0.354076
25253,-0.523389
25254,-0.176245
25255,-0.432902
25256,-0.292513
25257,1.155852
25258,1.014051
25259,0.380593
25260,-1.356659
25261,-0.468815
25262,0.135192
25263,0.340978
25264,-0.583457
25265,-1.055795
25266,0.857811
25267,1.776528
25268,-0.419625
25269,-0.584887
25270,0.910518
25271,-0.085691
25272,0.375015
25273,-0.256376
25274,0.749155
25275,0.446022
25276,0.426627
25277,0.242058
25278,0.169538
25279,1.333724
25280,-1.851457
25281,-1.378635
25282,1.062787
25283,-0.066795
25284,-0.111488
25285,-0.224267
25286,0.699931
25287,-0.082415
25288,-1.511274
25289,-1.740115
25290,-1.033990
25291,-0.382888
25292,1.205364
25293,1.579806
25294,0.603682
25295,1.182037
25296,1.358568
25297,1.346905
25298,0.381422
25299,0.031422
25300,0.090596
25301,-0.011257
25302,2.270794
25303,0.263413
25304,0.010343
25305,0.701377
25306,0.149945
25307,-1.165252
25308,0.532113
25309,-1.735035
25310,-0.050230
25311,1.386466
25312,1.958934
25313,1.265150
25314,-0.627710
25315,0.223284
25316,1.199818
25317,2.215540
25318,0.708633
25319,0.712005
25320,-0.575538
25321,-0.635798
25322,0.892328
25323,0.882978
25324,-1.810559
25325,-0.413262
25326,0.303512
25327,-2.419433
25328,-0.387902
25329,0.981564
25330,0.950844
25331,0.114046
25332,-0.766076
25333,0.233145
25334,1.035133
25335,-0.331643
25336,0.094664
25337,-0.288124
25338,-0.277845
25339,-0.131201
25340,1.413034
25341,-0.017017
25342,-1.396423
25343,1.609426
25344,-0.684977
25345,-0.742270
25346,-0.715691
25347,0.786646
25348,1.472256
25349,0.358955
25350,0.432274
25351,-0.303596
25352,-0.149799
25353,0.632120
25354,1.044922
25355,-0.357325
25356,1.463086
25357,1.485109
25358,1.563987
25359,0.937485
25360,-1.058678
25361,-1.107527
25362,-1.971272
25363,-0.365113
25364,0.545513
25365,0.077840
25366,0.357529
25367,1.140498
25368,1.590025
25369,0.395467
25370,-1.067949
25371,1.284820
25372,-0.226976
25373,1.352369
25374,-2.074758
25375,-0.027900
25376,0.943910
25377,0.917037
25378,-0.524063
25379,-1.675048
25380,-0.753594
25381,-0.750956
25382,1.006327
25383,-0.371104
25384,-0.538426
25385,-0.343432
25386,-2.777365
25387,0.075802
25388,-0.169255
25389,-1.142446
25390,0.904154
25391,-0.168102
25392,-0.967781
25393,-1.671652
25394,1.510060
25395,1.099706
25396,0.742626
25397,-0.828991
25398,-0.468667
25399,-0.900419
25400,-1.103091
25401,-2.535074
25402,0.163257
25403,0.710206
25404,0.571300
25405,-0.562015
25406,-0.711135
25407,-1.326207
25408,-2.395034
25409,-0.735794
25410,-1.087637
25411,-0.044559
25412,0.185687
25413,-1.962305
25414,-2.282691
25415,-1.672405
25416,-0.014446
25417,-0.720252
25418,-0.325941
25419,0.129246
25420,0.657123
25421,1.350369
25422,0.595863
25423,-0.350388
25424,-0.481775
25425,-0.981758
25426,-0.519457
25427,0.463022
25428,1.277271
25429,0.976501
25430,1.165916
25431,0.099885
25432,0.218483
25433,2.587419
25434,0.791229
25435,0.488624
25436,2.756117
25437,0.061296
25438,0.523279
25439,-1.531472
25440,-0.615260
25441,-1.202749
25442,-0.682105
25443,0.049481
25444,-0.986253
25445,0.711992
25446,1.650683
25447,1.436434
25448,-0.613614
25449,-0.091667
25450,-0.836987
25451,-1.012051
25452,0.258261
25453,-0.804662
25454,-1.451249
25455,-2.394160
25456,0.721689
25457,-0.814614
25458,-0.360166
25459,-0.015361
25460,1.615966
25461,-0.158839
25462,1.130255
25463,0.457742
25464,0.008759
25465,-0.174849
25466,-0.203482
25467,-1.798602
25468,-1.764015
25469,1.182488
25470,0.785020
25471,-0.638124
25472,0.356873
25473,0.525124
25474,-0.871316
25475,-0.188098
25476,2.114184
25477,0.066234
25478,-0.231179
25479,-1.244660
25480,0.500041
25481,-0.226249
25482,0.565615
25483,0.759574
25484,1.355146
25485,0.560375
25486,-0.624008
25487,0.165856
25488,-1.216671
25489,-1.330732
25490,0.393219
25491,-0.502123
25492,0.814216
25493,-1.288200
25494,-1.625037
25495,0.101069
25496,0.481514
25497,0.595188
25498,1.011758
25499,0.946791
25500,2.127805
25501,2.262727
25502,0.227489
25503,0.927621
25504,-0.537603
25505,1.193687
25506,-1.717215
25507,-0.524941
25508,0.202402
25509,1.668423
25510,0.963772
25511,0.383112
25512,-0.515517
25513,-0.126546
25514,0.781978
25515,1.497029
25516,-1.970673
25517,-0.862454
25518,0.398720
25519,-0.041063
25520,-0.688762
25521,-0.855042
25522,0.187774
25523,-0.301668
25524,-0.567494
25525,0.556801
25526,-0.090033
25527,-0.856929
25528,-0.717272
25529,0.737662
25530,-2.710209
25531,-1.155263
25532,-2.071549
25533,-0.388291
25534,0.605376
25535,-0.232806
25536,0.007783
25537,-2.515440
25538,-0.025296
25539,-1.617912
25540,-0.584900
25541,-2.513892
25542,-1.961069
25543,-2.026217
25544,-2.203983
25545,-0.421320
25546,0.534882
25547,-0.309154
25548,-1.209035
25549,-0.851124
25550,-0.541809
25551,-1.048727
25552,-0.789352
25553,-0.113568
25554,-1.342139
25555,-1.315882
25556,-1.273018
25557,0.587082
25558,0.027792
25559,-0.133997
25560,2.218264
25561,-0.021420
25562,-0.655649
25563,-0.323591
25564,-1.020870
25565,-1.713686
25566,-0.172596
25567,-0.754215
25568,0.042679
25569,-1.590945
25570,-0.228107
25571,0.957907
25572,3.201862
25573,-0.281585
25574,0.336041
25575,-0.228022
25576,-1.150907
25577,0.137903
25578,0.464391
25579,-0.512992
25580,0.651075
25581,0.341348
25582,-0.593748
25583,1.290179
25584,-0.879063
25585,-0.302360
25586,1.090463
25587,0.990537
25588,-1.182947
25589,-0.177312
25590,-1.446113
25591,-0.102247
25592,-1.042912
25593,-2.417817
25594,-0.070168
25595,-0.937090
25596,-0.205930
25597,0.136218
25598,0.937634
25599,0.979572
25600,-0.373101
25601,0.498026
25602,0.777414
25603,-0.293807
25604,-1.111676
25605,-0.629802
25606,0.690292
25607,1.563005
25608,0.136207
25609,-0.029338
25610,2.061029
25611,1.479123
25612,0.549538
25613,-0.249701
25614,-0.498013
25615,-0.192432
25616,1.312906
25617,1.066187
25618,-0.439463
25619,-0.222506
25620,0.124851
25621,0.291274
25622,-0.718095
25623,-0.313291
25624,0.194604
25625,-0.495452
25626,-0.612213
25627,-0.504138
25628,0.107512
25629,-0.034583
25630,-1.037630
25631,-0.614286
25632,-0.399823
25633,0.035179
25634,-1.728939
25635,-2.058884
25636,-2.263532
25637,-0.091940
25638,-0.807128
25639,0.619777
25640,0.347730
25641,-1.223605
25642,0.297365
25643,-0.980320
25644,1.538731
25645,1.380675
25646,-1.605360
25647,0.452310
25648,0.439173
25649,-0.730720
25650,1.170515
25651,0.885682
25652,-1.337650
25653,-3.135954
25654,-1.669335
25655,-0.860730
25656,1.850788
25657,-1.231077
25658,0.739287
25659,1.540466
25660,0.097231
25661,0.819078
25662,-1.012920
25663,-0.038654
25664,-1.591032
25665,0.038892
25666,-1.246918
25667,1.045395
25668,-0.458219
25669,-0.675736
25670,-1.524065
25671,0.064687
25672,-0.839736
25673,0.044199
25674,-0.192831
25675,-0.729297
25676,-1.486059
25677,1.400069
25678,-0.169727
25679,0.464786
25680,-1.277423
25681,-0.052913
25682,0.913319
25683,-1.691479
25684,1.308886
25685,-0.274182
25686,1.104261
25687,0.402086
25688,0.680295
25689,-0.494798
25690,0.287908
25691,1.340653
25692,-0.844566
25693,0.588170
25694,0.385622
25695,0.662152
25696,0.302614
25697,0.279488
25698,1.050437
25699,0.082377
25700,0.057200
25701,0.532452
25702,-1.815843
25703,-0.949261
25704,0.156886
25705,-2.473019
25706,-1.847764
25707,0.355045
25708,0.206009
25709,-0.017599
25710,0.418439
25711,-1.820775
25712,-1.654921
25713,-1.294478
25714,0.053518
25715,0.333475
25716,-2.040703
25717,-1.184864
25718,-1.687792
25719,0.475480
25720,0.019130
25721,0.388415
25722,-0.718343
25723,-1.591851
25724,-1.781850
25725,0.407323
25726,0.480235
25727,0.252823
25728,0.229783
25729,-0.591905
25730,-0.186603
25731,0.079295
25732,-0.082920
25733,0.747217
25734,-0.454402
25735,-1.177632
25736,-2.159443
25737,1.463967
25738,-1.673824
25739,-0.354698
25740,-1.238977
25741,-0.892509
25742,-0.991303
25743,-0.669275
25744,0.761968
25745,-0.111007
25746,90.972464
25747,112.693545
25748,114.254930
25749,118.271947
25750,120.573037
25751,123.218645
25752,120.672809
25753,122.151427
25754,123.143775
25755,126.080831
25756,120.493812
25757,124.752926
25758,116.010735
25759,118.357905
25760,120.616149
25761,118.796019
25762,118.859076
25763,120.571086
25764,122.192437
25765,123.123134
25766,122.879590
25767,119.975112
25768,121.407774
25769,120.361435
25770,119.931421
25771,120.472428
25772,121.455958
25773,120.843733
25774,120.773049
25775,120.631115
25776,119.442190
25777,121.093900
25778,118.145484
25779,119.284575
25780,118.690354
25781,117.832465
25782,120.754640
25783,114.263535
25784,121.192402
25785,121.182782
25786,124.342359
25787,120.018037
25788,119.963314
25789,116.474794
25790,120.573787
25791,120.719797
25792,121.207960
25793,122.006733
25794,120.035014
25795,121.253896
25796,120.560865
25797,121.241860
25798,120.228095
25799,123.579952
25800,123.138398
25801,126.106567
25802,118.818903
25803,121.840372
25804,121.317448
25805,117.985014
25806,117.683742
25807,116.974246
25808,119.776052
25809,120.746272
25810,119.086567
25811,115.826962
25812,116.712530
25813,120.936265
25814,121.166842
25815,121.116816
25816,120.055588
25817,120.348821
25818,118.475710
25819,120.109340
25820,116.677052
25821,120.402106
25822,119.006652
25823,118.060065
25824,117.887645
25825,121.062846
25826,122.424402
25827,121.964700
25828,121.022369
25829,122.112837
25830,120.921424
25831,118.442385
25832,117.965594
25833,118.975405
25834,123.032816
25835,119.593128
25836,124.038368
25837,120.656959
25838,120.768440
25839,117.783823
25840,119.123591
25841,117.558109
25842,119.554023
25843,122.285396
25844,118.441900
25845,122.154109
25846,120.529749
25847,121.838522
25848,122.653880
25849,122.054996
25850,124.503951
25851,118.672159
25852,117.403885
25853,120.707958
25854,122.102843
25855,119.883810
25856,118.312277
25857,121.198061
25858,118.642913
25859,122.747709
25860,119.860406
25861,121.813435
25862,32.040368
25863,8.272846
25864,2.030523
25865,0.676987
25866,0.027168
25867,0.661584
25868,-0.125215
25869,-2.096560
25870,-1.861545
25871,-0.161859
25872,0.264006
25873,1.249511
25874,0.174165
25875,0.759768
25876,-0.775942
25877,0.658201
25878,0.486527
25879,-0.731067
25880,-0.371850
25881,1.016474
25882,-1.446824
25883,-1.609300
25884,-0.293849
25885,-1.251090
25886,-1.485829
25887,0.015067
25888,-1.196792
25889,0.934602
25890,0.371575
25891,3.540547
25892,0.360296
25893,0.199696
25894,-2.165426
25895,-0.731124
25896,-0.130630
25897,-1.198025
25898,-0.660441
25899,-0.200130
25900,0.156952
25901,-1.386856
25902,0.217559
25903,-0.015540
25904,-0.019555
25905,0.368463
25906,0.272105
25907,-0.202511
25908,-1.112132
25909,-1.064867
25910,1.142386
25911,-0.090664
25912,0.442811
25913,-0.001196
25914,0.593137
25915,0.036958
25916,-0.622136
25917,0.976466
25918,-1.773296
25919,-0.244204
25920,1.217762
25921,2.101316
25922,-0.636877
25923,0.266333
25924,-1.339775
25925,0.074218
25926,-0.080834
25927,-0.531799
25928,-1.475279
25929,-1.880698
25930,0.200103
25931,0.802867
25932,-0.875488
25933,-0.540849
25934,1.294719
25935,0.191508
25936,-0.532786
25937,0.573752
25938,0.435101
25939,0.993118
25940,0.406863
25941,-0.532154
25942,-1.107673
25943,0.107581
25944,-2.367516
25945,-1.082923
25946,-2.092060
25947,0.717704
25948,0.868861
25949,1.128150
25950,0.434355
25951,0.901327
25952,0.614564
25953,1.007752
25954,0.562853
25955,0.214792
25956,-1.010435
25957,1.565120
25958,-0.451236
25959,0.257175
25960,-0.791269
25961,0.074195
25962,-0.111951
25963,-0.998172
25964,-0.140019
25965,1.710017
25966,-0.162469
25967,1.118049
25968,0.508436
25969,-1.475232
25970,-1.067238
25971,-0.825826
25972,0.295086
25973,-1.746847
25974,0.452538
25975,-1.644853
25976,-0.449327
25977,0.785191
25978,-0.505387
25979,0.103149
25980,-0.221357
25981,0.729376
25982,-0.390609
25983,-0.177111
25984,-0.236889
25985,-0.633514
25986,-0.493851
25987,-0.678339
25988,-1.168449
25989,1.156911
25990,-0.546136
25991,0.297604
25992,-2.338747
25993,-0.443133
25994,0.101031
25995,-0.071384
25996,-0.100216
25997,-0.730845
25998,-0.542161
25999,-0.177921
26000,-0.025493
26001,-0.719945
26002,-1.143266
26003,1.909697
26004,-2.255753
26005,1.777242
26006,1.226602
26007,-0.154695
26008,1.249770
26009,1.995818
26010,-1.749538
26011,1.539740
26012,1.003973
26013,-0.062900
26014,-2.094258
26015,0.473645
26016,-2.613236
26017,-2.421166
26018,-0.830643
26019,0.261008
26020,-0.283728
26021,-1.543526
26022,0.593670
26023,-0.812127
26024,0.838135
26025,1.756760
26026,-1.359497
26027,-0.911205
26028,-1.043346
26029,-0.048683
26030,-0.031386
26031,0.374366
26032,-0.454940
26033,0.085889
26034,-0.131485
26035,1.121714
26036,0.341638
26037,-1.197750
26038,1.128680
26039,-0.498809
26040,0.589465
26041,-1.335719
26042,0.530419
26043,-0.003225
26044,0.393084
26045,0.152928
26046,-0.914671
26047,0.605078
26048,-0.084389
26049,-0.420667
26050,1.015637
26051,0.873902
26052,2.622052
26053,0.835451
26054,-0.145586
26055,1.490903
26056,1.427182
26057,-0.283819
26058,0.079189
26059,0.328054
26060,0.977092
26061,-0.014782
26062,-0.726067
26063,0.024878
26064,1.004229
26065,0.307618
26066,0.468262
26067,0.033141
26068,-1.080250
26069,-1.128327
26070,0.171245
26071,1.029757
26072,0.149980
26073,1.101632
26074,1.562494
26075,-1.039562
26076,-1.321570
26077,0.547035
26078,1.461200
26079,-0.185680
26080,-0.221861
26081,-0.285873
26082,0.317542
26083,-0.343476
26084,-1.304479
26085,0.624807
26086,-1.420609
26087,0.764504
26088,1.044175
26089,0.571125
26090,-0.740011
26091,0.530190
26092,1.242040
26093,2.134675
26094,0.740397
26095,-1.477912
26096,-1.495478
26097,0.329249
26098,-0.432649
26099,-0.032687
26100,-1.096558
26101,1.223419
26102,0.919504
26103,1.194193
26104,0.786130
26105,0.725689
26106,1.353739
26107,-0.613597
26108,-1.923158
26109,-0.596871
26110,-0.414251
26111,2.113424
26112,-1.165705
26113,-1.318530
26114,0.592873
26115,-0.736248
26116,-0.364304
26117,0.979992
26118,0.904580
26119,0.818637
26120,0.885484
26121,-0.616527
26122,-1.537480
26123,-0.067290
26124,-0.136652
26125,-1.172102
26126,-0.247694
26127,0.953304
26128,0.038142
26129,0.426545
26130,-0.121183
26131,-1.579857
26132,0.695557
26133,0.878520
26134,0.607464
26135,1.391543
26136,0.707731
26137,0.654750
26138,1.026028
26139,-0.251329
26140,-0.719965
26141,0.660890
26142,1.198187
26143,-0.047197
26144,-0.754514
26145,-0.121220
26146,-0.125072
26147,0.471861
26148,1.880979
26149,0.277026
26150,-2.011948
26151,-1.827812
26152,-0.286350
26153,0.617744
26154,-0.841070
26155,-2.887658
26156,-0.971767
26157,-1.140363
26158,-0.466205
26159,0.474550
26160,0.010911
26161,0.013921
26162,0.369009
26163,0.671616
26164,1.882587
26165,0.351324
26166,-0.839057
26167,-0.581707
26168,0.614575
26169,-0.950860
26170,1.328250
26171,-0.366478
26172,-0.473327
26173,0.597567
26174,-0.175541
26175,-1.053969
26176,-0.284397
26177,-1.044264
26178,-0.665456
26179,-0.814681
26180,-0.042783
26181,0.197975
26182,1.314390
26183,1.322167
26184,1.188576
26185,0.648461
26186,0.358759
26187,1.165640
26188,0.293933
26189,-0.457878
26190,-0.318507
26191,3.156531
26192,-0.761457
26193,0.782067
26194,-0.059002
26195,-1.467992
26196,0.906395
26197,1.363695
26198,2.527289
26199,2.091042
26200,0.396171
26201,-0.055088
26202,1.649080
26203,2.306657
26204,1.016057
26205,-1.483347
26206,0.066904
26207,-1.390357
26208,-0.841084
26209,-0.984372
26210,0.489480
26211,-0.042033
26212,1.072499
26213,-0.889700
26214,-0.660301
26215,-0.898558
26216,-0.239602
26217,-1.108806
26218,0.407357
26219,0.052162
26220,0.084322
26221,0.621807
26222,-1.002395
26223,0.724125
26224,0.036398
26225,-0.203427
26226,-1.255832
26227,0.556116
26228,0.462405
26229,-0.545994
26230,-0.649240
26231,0.118102
26232,2.598228
26233,0.756181
26234,0.897910
26235,-1.068730
26236,-0.771176
26237,0.317325
26238,1.722989
26239,-0.808808
26240,-0.351254
26241,-0.694949
26242,-0.627000
26243,2.342671
26244,-0.172268
26245,0.546336
26246,0.095423
26247,0.559528
26248,0.355431
26249,1.012203
26250,1.030448
26251,1.144132
26252,1.388895
26253,0.989370
26254,-1.517693
26255,-0.570357
26256,-0.204142
26257,-0.854634
26258,0.437469
26259,-0.019501
26260,-0.564621
26261,-0.902784
26262,0.398116
26263,-0.439063
26264,-0.273023
26265,-0.673120
26266,-0.838273
26267,0.336400
26268,0.417919
26269,-0.551855
26270,-1.710899
26271,0.855104
26272,-0.262007
26273,-1.440929
26274,-1.117834
26275,-0.701537
26276,0.966492
26277,1.444497
26278,0.990619
26279,3.107387
26280,3.327320
26281,-0.686544
26282,0.374124
26283,0.209860
26284,-2.156835
26285,-1.137409
26286,1.388384
26287,0.168270
26288,-0.438044
26289,-1.276319
26290,-0.020112
26291,0.441399
26292,1.439405
26293,-0.499950
26294,-0.186988
26295,0.618867
26296,0.869884
26297,-0.427418
26298,0.556621
26299,-0.213520
26300,-0.799310
26301,-0.367210
26302,-0.140177
26303,1.271194
26304,0.777296
26305,-0.495097
26306,-0.117076
26307,0.076326
26308,-1.499612
26309,0.236072
26310,0.437303
26311,1.254079
26312,-0.538690
26313,1.408431
26314,1.889950
26315,0.950899
26316,-0.609570
26317,-0.952016
26318,-1.724885
26319,-0.195318
26320,0.908358
26321,-1.351394
26322,0.613069
26323,0.648152
26324,-1.128268
26325,-0.901770
26326,0.044315
26327,-0.933780
26328,-1.402496
26329,-0.375093
26330,1.019859
26331,0.892134
26332,-0.171008
26333,-0.899301
26334,0.409188
26335,-0.499390
26336,0.752882
26337,-0.459744
26338,0.433960
26339,-1.158194
26340,0.855728
26341,3.269876
26342,2.220020
26343,-1.066925
26344,-0.745723
26345,1.203809
26346,-1.125677
26347,0.766301
26348,0.207893
26349,-0.152076
26350,0.291832
26351,0.519893
26352,-0.316995
26353,-1.199312
26354,-1.275892
26355,0.537990
26356,-0.954489
26357,0.585431
26358,2.395033
26359,0.429373
26360,0.313726
26361,-0.549817
26362,0.366902
26363,-0.436028
26364,-0.292653
26365,1.132386
26366,1.914574
26367,-1.282724
26368,-1.598378
26369,0.527281
26370,1.283417
26371,1.282794
26372,-0.229196
26373,-1.588628
26374,-0.501149
26375,-0.325157
26376,-0.276507
26377,1.562204
26378,0.961853
26379,0.178870
26380,1.524886
26381,0.591580
26382,0.045852
26383,-0.262306
26384,-1.143025
26385,-0.716620
26386,0.406527
26387,-0.210987
26388,1.721425
26389,1.125804
26390,-0.834919
26391,-1.404096
26392,-0.784763
26393,0.632468
26394,-0.755032
26395,0.812438
26396,0.173546
26397,0.425386
26398,-1.407917
26399,0.008094
26400,0.093458
26401,0.473616
26402,-0.373400
26403,-1.966474
26404,-0.566948
26405,-1.661156
26406,1.263528
26407,2.025305
26408,0.436270
26409,0.440443
26410,0.559707
26411,1.171785
26412,-1.288735
26413,-0.254045
26414,-1.269576
26415,0.835324
26416,1.386902
26417,0.848567
26418,-0.300437
26419,1.248856
26420,-0.334090
26421,1.904543
26422,1.546738
26423,-0.653984
26424,0.561270
26425,-0.944232
26426,1.473600
26427,-1.657744
26428,-1.608610
26429,-1.755191
26430,-0.669489
26431,-0.495498
26432,-1.939375
26433,0.232340
26434,0.574508
26435,-0.614499
26436,-0.398574
26437,-1.266548
26438,-0.978411
26439,-0.140852
26440,-0.655955
26441,-0.718864
26442,1.102371
26443,0.401846
26444,2.408407
26445,0.727577
26446,1.854552
26447,1.571000
26448,-1.641428
26449,-2.259770
26450,-1.979862
26451,-1.455089
26452,-0.715586
26453,-1.288672
26454,0.988543
26455,0.934691
26456,0.007136
26457,0.158600
26458,-0.227926
26459,-0.153971
26460,0.627847
26461,-0.055155
26462,-0.284409
26463,-0.554791
26464,0.682125
26465,1.552151
26466,0.451317
26467,0.275666
26468,0.705810
26469,0.076292
26470,-0.022621
26471,-1.755527
26472,1.184898
26473,2.147429
26474,-0.355121
26475,-1.120316
26476,1.607329
26477,-0.312003
26478,1.010267
26479,0.253751
26480,1.263825
26481,0.442578
26482,-0.226768
26483,-1.296700
26484,0.012479
26485,-0.939406
26486,-2.141835
26487,-1.858205
26488,-0.668255
26489,-0.615054
26490,-0.565697
26491,-1.112939
26492,-2.619938
26493,-0.506039
26494,0.337403
26495,-1.725238
26496,0.872519
26497,1.105786
26498,2.106713
26499,-0.970272
26500,2.080327
26501,1.683592
26502,1.290895
26503,1.496015
26504,-0.167038
26505,-1.823931
26506,-0.156422
26507,0.341183
26508,-0.431196
26509,-0.160415
26510,-0.487572
26511,0.839715
26512,-0.479897
26513,-0.794805
26514,0.540452
26515,-0.067651
26516,-0.953247
26517,-1.542173
26518,-0.068440
26519,-0.692307
26520,-0.519867
26521,-0.767857
26522,2.364260
26523,0.843979
26524,1.031943
26525,-1.481810
26526,0.156339
26527,0.413077
26528,-0.089855
26529,-0.333029
26530,-1.021139
26531,-0.454592
26532,1.439088
26533,0.363808
26534,-1.069765
26535,-2.096229
26536,-1.144670
26537,-0.286880
26538,0.273857
26539,-1.486418
26540,0.793038
26541,0.099192
26542,1.023127
26543,-0.646156
26544,0.756862
26545,0.208199
26546,-0.366997
26547,0.675681
26548,1.727884
26549,-1.277562
26550,-1.336060
26551,-0.930113
26552,-1.318321
26553,0.230877
26554,-0.617289
26555,0.225383
26556,0.162393
26557,0.844968
26558,0.496164
26559,0.667069
26560,0.646125
26561,0.094233
26562,0.551518
26563,0.060444
26564,-0.066574
26565,0.270330
26566,-0.267006
26567,0.199573
26568,-0.010306
26569,-0.615271
26570,0.124345
26571,-0.894127
26572,-0.713249
26573,-0.190105
26574,0.211742
26575,1.418874
26576,0.798063
26577,-1.105833
26578,-0.809076
26579,-0.980745
26580,-0.178872
26581,-0.819307
26582,-0.069612
26583,-0.404863
26584,0.163303
26585,-0.256377
26586,0.802618
26587,0.011543
26588,0.832073
26589,-0.802223
26590,0.573421
26591,0.769710
26592,0.924811
26593,-0.320624
26594,-1.010341
26595,-0.104397
26596,1.031714
26597,2.654542
26598,-0.742108
26599,-1.178783
26600,0.503452
26601,-1.260842
26602,-0.700161
26603,0.211128
26604,1.797740
26605,1.699097
26606,-0.179364
26607,0.484800
26608,-1.340821
26609,-0.788038
26610,-2.048791
26611,-0.952426
26612,-1.131269
26613,0.417133
26614,1.477580
26615,-0.013713
26616,-0.723334
26617,1.303659
26618,-0.395380
26619,-1.467284
26620,-1.346439
26621,-1.138659
26622,0.217837
26623,-1.603837
26624,-0.175569
26625,-0.207831
26626,-0.290608
26627,0.016567
26628,-0.565414
26629,1.635380
26630,2.510236
26631,2.363231
26632,0.988490
26633,0.981897
26634,-0.021125
26635,0.197394
26636,-1.369579
26637,-1.428918
26638,-0.611203
26639,-0.709923
26640,-0.577133
26641,0.059288
26642,1.519333
26643,-0.474278
26644,-0.872659
26645,1.395093
26646,0.464812
26647,-0.917265
26648,0.549280
26649,-1.181450
26650,-0.448613
26651,1.058102
26652,-0.859331
26653,0.678723
26654,0.492323
26655,-1.079873
26656,-0.270849
26657,-0.622396
26658,1.296877
26659,-0.337171
26660,-0.489993
26661,-1.183334
26662,0.863845
26663,-1.494785
26664,-0.837380
26665,-1.912954
26666,0.436644
26667,-1.458397
26668,-0.286162
26669,-0.063591
26670,-1.197619
26671,-0.785935
26672,-0.547772
26673,-0.250879
26674,-1.360704
26675,0.104678
26676,-0.648162
26677,0.204968
26678,0.702770
26679,0.893774
26680,-1.715047
26681,0.875380
26682,1.019898
26683,0.395717
26684,0.295315
26685,1.044966
26686,0.307696
26687,1.355881
26688,2.737943
26689,0.184950
26690,1.819535
26691,-0.592107
26692,-1.454647
26693,1.753713
26694,1.296662
26695,0.688975
26696,3.365598
26697,-0.739473
26698,-0.952647
26699,-0.938268
26700,-0.989152
26701,0.542794
26702,-0.936047
26703,0.157626
26704,0.636285
26705,1.079830
26706,0.597712
26707,0.008426
26708,1.293359
26709,-0.131521
26710,-1.226753
26711,0.167757
26712,0.815191
26713,0.368784
26714,1.867186
26715,0.101883
26716,0.851589
26717,1.496676
26718,0.258861
26719,-0.286132
26720,-0.144726
26721,0.731251
26722,0.914568
26723,-0.054842
26724,-2.005980
26725,-0.669837
26726,-2.554354
26727,-0.276719
26728,0.485177
26729,0.343535
26730,1.925015
26731,-0.251577
26732,0.515314
26733,0.505286
26734,0.053760
26735,-0.140636
26736,1.235400
26737,-0.400641
26738,-1.264510
26739,-0.312941
26740,-0.498203
26741,-0.925952
26742,2.190995
26743,1.288589
26744,0.176292
26745,0.492223
26746,1.150706
26747,0.869660
26748,0.940220
26749,0.077621
26750,-1.025655
26751,-1.147209
26752,-0.085044
26753,1.542869
26754,-0.543081
26755,1.151241
26756,1.380426
26757,-0.555563
26758,-0.835699
26759,-0.705737
26760,0.075848
26761,-0.053694
26762,-0.428205
26763,1.149139
26764,-0.343094
26765,-2.328857
26766,-0.236824
26767,-0.624628
26768,0.605366
26769,-0.768884
26770,-0.383922
26771,-0.739858
26772,-1.106920
26773,-0.354671
26774,-0.132393
26775,-0.653601
26776,-0.262872
26777,-0.157484
26778,-2.403492
26779,-1.136078
26780,-1.828589
26781,-1.002671
26782,1.272697
26783,0.271952
26784,-0.025057
26785,-0.101048
26786,-0.043639
26787,1.033246
26788,0.051492
26789,1.043939
26790,0.180635
26791,0.113598
26792,-0.707704
26793,-2.123540
26794,-0.108478
26795,0.814173
26796,0.633459
26797,0.909415
26798,0.942206
26799,-0.913824
26800,-0.701872
26801,-0.658088
26802,0.915895
26803,0.433291
26804,-0.627273
26805,-0.838132
26806,-0.570798
26807,0.368698
26808,0.675700
26809,-0.954300
26810,-0.066716
26811,-0.685446
26812,-0.355267
26813,-1.701693
26814,0.428226
26815,-1.071643
26816,-1.138928
26817,-0.639008
26818,0.650430
26819,-0.546718
26820,1.035352
26821,0.256898
26822,-0.273516
26823,-0.267399
26824,-1.372667
26825,-1.796881
26826,-1.370181
26827,-0.532830
26828,-0.177861
26829,0.804130
26830,0.481372
26831,0.610228
26832,0.389155
26833,-0.694645
26834,-0.152340
26835,0.563402
26836,-0.046341
26837,-0.307388
26838,-0.414724
26839,-1.264946
26840,1.216717
26841,2.077343
26842,0.748477
26843,1.498499
26844,-1.711474
26845,0.168079
26846,-2.644207
26847,0.573827
26848,1.306630
26849,1.454608
26850,2.032339
26851,1.115549
26852,0.451349
26853,-2.000957
26854,0.387789
26855,1.112144
26856,0.132724
26857,-1.335623
26858,-0.222439
26859,0.978154
26860,1.170897
26861,-0.738259
26862,-0.179597
26863,0.198079
26864,0.671695
26865,-0.200191
26866,-0.156212
26867,-0.575303
26868,-0.945128
26869,-0.482239
26870,0.970710
26871,1.587677
26872,-1.047279
26873,-2.315546
26874,0.568537
26875,0.032622
26876,-0.117965
26877,-2.108573
26878,0.664348
26879,1.007104
26880,2.717655
26881,0.530579
26882,1.801732
26883,1.954657
26884,2.112089
26885,0.525016
26886,0.177211
26887,0.496982
26888,1.271012
26889,0.221539
26890,0.272050
26891,0.420155
26892,0.474926
26893,-0.064645
26894,-0.166601
26895,1.237989
26896,2.211762
26897,1.399980
26898,0.927629
26899,-2.313414
26900,-4.029226
26901,-0.942903
26902,0.509288
26903,-0.518486
26904,1.965997
26905,-0.527892
26906,-2.240174
26907,-0.698068
26908,-1.227081
26909,-0.920599
26910,-0.696778
26911,-1.142405
26912,-1.614341
26913,-0.251039
26914,0.772716
26915,-1.201412
26916,-0.399085
26917,-0.595727
26918,-0.371132
26919,1.913484
26920,1.703609
26921,0.162956
26922,-1.879050
26923,-1.275184
26924,1.665878
26925,0.206484
26926,2.561859
26927,0.557471
26928,-1.050968
26929,-1.445429
26930,1.169128
26931,-0.090119
26932,-0.570698
26933,0.946767
26934,-1.546248
26935,-0.636270
26936,-2.203979
26937,-1.607543
26938,-1.270087
26939,-0.967923
26940,-1.119776
26941,-2.652739
26942,0.174370
26943,0.906154
26944,-0.062628
26945,-0.109195
26946,0.830859
26947,1.434906
26948,0.063629
26949,0.119123
26950,-0.737631
26951,0.133063
26952,1.127194
26953,-0.028643
26954,0.247350
26955,-0.110299
26956,0.630362
26957,-0.219839
26958,0.615571
26959,0.217261
26960,-0.823256
26961,-0.977155
26962,-1.548713
26963,-0.792893
26964,-0.512589
26965,2.589303
26966,1.984202
26967,1.570186
26968,-1.325859
26969,0.332207
26970,0.115170
26971,0.304638
26972,2.271375
26973,0.496996
26974,-0.310234
26975,1.154733
26976,0.477157
26977,-1.200326
26978,-0.919869
26979,-0.003142
26980,0.651199
26981,-1.779119
26982,-0.407971
26983,-0.249179
26984,-0.644407
26985,-1.736099
26986,-0.876844
26987,0.918247
26988,0.718184
26989,-2.471195
26990,-0.053676
26991,-0.267648
26992,-0.221864
26993,1.003125
26994,0.210665
26995,0.778382
26996,1.910079
26997,2.274951
26998,0.726735
26999,0.543617
27000,-0.102903
27001,1.391947
27002,-0.366074
27003,-0.556929
27004,-0.849131
27005,-0.563902
27006,0.900807
27007,-0.689200
27008,-0.921718
27009,-0.856163
27010,-0.246957
27011,1.108126
27012,0.552638
27013,-0.243074
27014,0.429729
27015,-0.725949
27016,-0.846576
27017,1.471947
27018,0.346219
27019,1.702686
27020,1.767775
27021,-0.504652
27022,2.071904
27023,0.854808
27024,0.112507
27025,-1.087318
27026,-0.083338
27027,1.214127
27028,-1.363524
27029,-0.503462
27030,0.852963
27031,-0.560911
27032,1.619685
27033,1.259773
27034,0.266221
27035,0.476405
27036,0.105514
27037,0.463530
27038,-0.421511
27039,-0.429378
27040,-0.323378
27041,1.659922
27042,0.656882
27043,-0.138027
27044,1.442340
27045,0.052254
27046,-2.171542
27047,-2.346366
27048,-1.082714
27049,-0.896210
27050,-1.504533
27051,-0.795877
27052,-2.038654
27053,-1.835704
27054,0.075958
27055,-0.510347
27056,0.380016
27057,-0.130958
27058,0.289994
27059,0.985101
27060,0.103586
27061,-0.090665
27062,-0.222970
27063,-0.277597
27064,0.934195
27065,-0.123760
27066,-1.559867
27067,-1.367690
27068,0.750807
27069,-1.484970
27070,0.611102
27071,0.953517
27072,-1.116840
27073,-0.033452
27074,-0.259585
27075,0.316966
27076,-0.350558
27077,0.371176
27078,0.229867
27079,-0.397507
27080,-1.455865
27081,-1.955331
27082,-0.028267
27083,-0.215571
27084,-0.721597
27085,-1.024232
27086,-0.813989
27087,0.131261
27088,-1.796951
27089,-0.532452
27090,0.928203
27091,2.029722
27092,-0.169809
27093,-0.430344
27094,0.518904
27095,-0.990783
27096,-0.510038
27097,0.097263
27098,-0.684676
27099,-0.234739
27100,-0.830331
27101,-0.531955
27102,-0.023235
27103,-0.905548
27104,-2.155319
27105,-0.449833
27106,-0.686012
27107,0.372423
27108,0.497852
27109,-1.353647
27110,-1.106463
27111,0.238180
27112,-0.729939
27113,-0.955846
27114,-0.774325
27115,-1.421115
27116,-0.260775
27117,0.297845
27118,1.026503
27119,-0.484458
27120,-0.540705
27121,-0.951131
27122,0.783201
27123,1.180427
27124,-1.090964
27125,-1.238396
27126,-1.817679
27127,-1.041438
27128,0.274658
27129,0.510349
27130,1.941141
27131,1.592315
27132,0.698869
27133,1.309984
27134,0.557118
27135,-0.413409
27136,-0.618065
27137,-0.745385
27138,-0.317393
27139,-0.240320
27140,0.227941
27141,-0.970848
27142,0.636869
27143,0.410167
27144,-0.655445
27145,-0.222286
27146,-1.283832
27147,-0.146265
27148,0.161750
27149,-1.210298
27150,-1.099533
27151,-0.555281
27152,-0.893519
27153,1.388759
27154,-0.583711
27155,-0.176819
27156,1.074298
27157,1.004959
27158,-0.219072
27159,-0.353166
27160,0.423479
27161,1.001100
27162,-0.352284
27163,-0.792034
27164,-0.066789
27165,-1.359906
27166,-0.700893
27167,-1.789767
27168,-0.665126
27169,0.469747
27170,0.541354
27171,0.522239
27172,1.442752
27173,-0.554434
27174,-0.160410
27175,-0.183545
27176,0.824575
27177,0.225664
27178,-0.330657
27179,0.116604
27180,-1.653804
27181,-0.095801
27182,1.603651
27183,0.220523
27184,-0.252173
27185,-1.414472
27186,0.834447
27187,0.108283
27188,0.163867
27189,0.926260
27190,-0.632706
27191,-0.373557
27192,1.180642
27193,0.331394
27194,-0.428132
27195,-0.500255
27196,1.145502
27197,-0.530968
27198,-0.927717
27199,0.611714
27200,0.991695
27201,0.752260
27202,-0.133915
27203,-1.250625
27204,-0.558402
27205,-0.245601
27206,-0.134844
27207,-0.427040
27208,-1.323274
27209,-1.015580
27210,0.470123
27211,0.616582
27212,-0.489370
27213,0.144230
27214,-0.589605
27215,0.592276
27216,0.340786
27217,-1.089390
27218,-0.857930
27219,-0.935738
27220,-0.765183
27221,1.671092
27222,1.101531
27223,0.407587
27224,2.475153
27225,-0.717974
27226,1.540344
27227,-0.487626
27228,-2.114211
27229,-0.894982
27230,-0.282627
27231,0.517645
27232,-1.394987
27233,-0.042833
27234,-0.191024
27235,-1.138654
27236,-1.590087
27237,0.295334
27238,1.176942
27239,-0.169974
27240,-0.386612
27241,-1.136834
27242,-1.265106
27243,-1.361206
27244,-0.328148
27245,0.863635
27246,1.258365
27247,-0.528392
27248,-0.886045
27249,0.089057
27250,-1.175724
27251,-0.061246
27252,0.684569
27253,0.630390
27254,1.490318
27255,1.219987
27256,0.593791
27257,1.212447
27258,-0.031323
27259,-1.099468
27260,-0.801552
27261,1.003379
27262,-0.118970
27263,1.895750
27264,-0.734129
27265,-0.386103
27266,-0.783216
27267,-0.241782
27268,0.631657
27269,-0.183169
27270,-0.385853
27271,-1.584408
27272,-2.071519
27273,-0.062873
27274,-0.756093
27275,0.473737
27276,1.262323
27277,0.633007
27278,-1.535984
27279,-0.124519
27280,0.220731
27281,-0.299649
27282,0.536909
27283,1.218692
27284,1.468482
27285,-1.038853
27286,0.622293
27287,-1.161367
27288,-0.918288
27289,0.781234
27290,0.697323
27291,-0.612039
27292,-1.000189
27293,-1.575637
27294,-0.455578
27295,-0.633107
27296,-0.732655
27297,-1.326473
27298,-0.772706
27299,-0.877774
27300,0.597537
27301,0.766499
27302,0.138293
27303,0.078854
27304,-0.752336
27305,0.621859
27306,-0.877419
27307,-1.244144
27308,1.488766
27309,2.193538
27310,0.665734
27311,0.963867
27312,0.115359
27313,1.071284
27314,-0.205761
27315,0.416776
27316,-0.360027
27317,0.071584
27318,-0.547709
27319,0.325276
27320,1.797031
27321,1.983528
27322,1.057439
27323,0.255393
27324,0.582354
27325,0.483603
27326,0.524640
27327,-1.876502
27328,-2.215492
27329,-1.823801
27330,-0.527642
27331,0.956069
27332,0.001218
27333,-0.732385
27334,0.050835
27335,0.496590
27336,2.317052
27337,1.676688
27338,0.197697
27339,0.522892
27340,0.929336
27341,1.182236
27342,0.651480
27343,-0.773461
27344,-0.431434
27345,0.935851
27346,0.879941
27347,0.325396
27348,-1.279339
27349,0.125035
27350,-0.422062
27351,0.074727
27352,-0.436998
27353,0.779196
27354,1.031100
27355,-0.550842
27356,0.172047
27357,0.166587
27358,0.496729
27359,-0.874413
27360,-0.832770
27361,-1.186770
27362,-1.454676
27363,-0.107456
27364,0.871159
27365,-0.904111
27366,0.495768
27367,-1.097931
27368,-0.728629
27369,-0.099665
27370,-1.515535
27371,-1.555365
27372,-0.595945
27373,-0.938374
27374,-1.904432
27375,-0.346722
27376,0.976165
27377,1.332929
27378,1.289548
27379,-0.260279
27380,-1.052482
27381,-0.575639
27382,-0.634040
27383,-1.024144
27384,0.270128
27385,0.253955
27386,0.519114
27387,0.316893
27388,0.303590
27389,1.140979
27390,0.751712
27391,0.526397
27392,-1.012016
27393,0.840448
27394,-0.906171
27395,0.315644
27396,1.747840
27397,-0.732266
27398,-0.628751
27399,0.654402
27400,1.634657
27401,1.517639
27402,2.202060
27403,-1.180088
27404,-0.424181
27405,-0.200903
27406,0.825494
27407,1.555241
27408,-0.731172
27409,0.021901
27410,-0.505912
27411,-0.182214
27412,-2.373809
27413,-0.359213
27414,-0.026998
27415,0.708824
27416,0.795759
27417,-0.060726
27418,1.146138
27419,-2.070450
27420,-1.298559
27421,-0.099535
27422,1.746914
27423,0.795738
27424,1.657729
27425,-1.738452
27426,-1.298527
27427,1.557760
27428,0.798917
27429,0.250166
27430,-0.054291
27431,-0.345242
27432,1.179813
27433,0.944789
27434,0.813761
27435,-0.034331
27436,3.208117
27437,1.169600
27438,-0.454032
27439,-0.128039
27440,0.473390
27441,0.481925
27442,1.555247
27443,1.039224
27444,1.585087
27445,-0.813218
27446,0.714137
27447,-0.388564
27448,-0.015417
27449,0.167776
27450,0.387116
27451,0.458463
27452,-0.832445
27453,1.533643
27454,0.347400
27455,-2.623491
27456,-0.513981
27457,0.341428
27458,-0.050499
27459,-0.916220
27460,-0.661668
27461,-0.885049
27462,-0.646644
27463,2.585415
27464,0.767930
27465,0.834083
27466,1.426443
27467,-0.516730
27468,-0.796927
27469,0.771577
27470,1.278416
27471,-1.340270
27472,-0.358230
27473,-1.027912
27474,-1.431233
27475,-0.661435
27476,-0.643074
27477,-2.105973
27478,-2.540780
27479,1.866168
27480,0.242675
27481,-0.385750
27482,-1.830405
27483,-1.196371
27484,1.277591
27485,-0.251556
27486,-1.444584
27487,1.223546
27488,0.906245
27489,0.000364
27490,0.230342
27491,-1.767083
27492,-1.181564
27493,-1.614456
27494,-0.060764
27495,0.267539
27496,-0.075184
27497,1.192511
27498,0.382716
27499,0.058043
27500,-0.233545
27501,1.074218
27502,0.926999
27503,-0.524342
27504,-0.708881
27505,-0.506360
27506,0.122723
27507,-0.672655
27508,-0.866671
27509,1.113995
27510,-0.356584
27511,-2.844474
27512,-1.610172
27513,-0.122393
27514,0.753439
27515,0.317439
27516,-0.403236
27517,1.013554
27518,0.351540
27519,-0.590848
27520,1.074806
27521,-0.664042
27522,1.009956
27523,-1.972462
27524,-1.825489
27525,-0.001847
27526,-1.419138
27527,-0.210165
27528,-2.149965
27529,-1.250300
27530,-1.410939
27531,-0.637200
27532,0.641111
27533,1.194795
27534,0.349743
27535,-0.229324
27536,0.810788
27537,1.131838
27538,1.144682
27539,0.379398
27540,-0.110078
27541,-0.884392
27542,-0.203603
27543,-0.255420
27544,0.669693
27545,0.396202
27546,0.014133
27547,1.389810
27548,0.036190
27549,1.316797
27550,-1.089972
27551,-0.011551
27552,-1.933504
27553,-2.352051
27554,-1.100594
27555,-0.904698
27556,-0.982183
27557,-1.802283
27558,-1.135790
27559,-1.242684
27560,-0.163792
27561,2.215311
27562,-0.723097
27563,-0.633515
27564,0.353412
27565,0.348891
27566,-1.903943
27567,-1.178341
27568,-0.736268
27569,-0.960668
27570,0.160974
27571,-1.724058
27572,0.178828
27573,0.365823
27574,-1.284385
27575,-0.536394
27576,0.744570
27577,-0.735446
27578,0.936066
27579,2.277400
27580,-0.292893
27581,0.131568
27582,-0.362247
27583,-0.204599
27584,-1.458029
27585,0.396557
27586,-0.132550
27587,0.314601
27588,0.054126
27589,1.024167
27590,0.959555
27591,0.482011
27592,-2.064231
27593,-0.945387
27594,-1.597283
27595,0.201044
27596,0.112975
27597,0.367213
27598,0.960360
27599,-0.610014
27600,-1.850441
27601,-1.244425
27602,-1.366480
27603,-1.212322
27604,-1.123543
27605,-1.388362
27606,-0.271029
27607,-0.358078
27608,0.036103
27609,-0.660941
27610,0.382975
27611,0.451917
27612,0.574349
27613,0.363713
27614,-0.244261
27615,1.082761
27616,-0.838810
27617,0.174761
27618,0.298691
27619,-0.160355
27620,0.626420
27621,0.509022
27622,1.574573
27623,-0.648208
27624,-2.312316
27625,-0.432715
27626,-1.282505
27627,0.883566
27628,1.167966
27629,-0.059792
27630,1.167899
27631,1.577766
27632,1.405032
27633,-0.976026
27634,0.386194
27635,-0.002364
27636,0.748608
27637,-1.387688
27638,0.135830
27639,1.039306
27640,-2.365541
27641,1.177944
27642,1.547085
27643,-0.443510
27644,1.062461
27645,0.035853
27646,0.744861
27647,-1.423686
27648,-1.753630
27649,-1.155654
27650,1.250159
27651,-0.513387
27652,1.085538
27653,1.341537
27654,0.163001
27655,-0.018702
27656,-0.737720
27657,-1.900084
27658,-1.603476
27659,1.218207
27660,0.202709
27661,-0.958755
27662,0.640374
27663,0.218575
27664,-1.344947
27665,1.527452
27666,-0.509210
27667,0.192149
27668,1.617438
27669,0.248569
27670,1.510206
27671,0.885613
27672,-0.360223
27673,0.925088
27674,0.795508
27675,0.283961
27676,0.617738
27677,-1.272661
27678,-0.447587
27679,-0.274996
27680,0.501522
27681,0.016734
27682,3.008357
27683,0.032890
27684,-0.888101
27685,1.668136
27686,-0.771630
27687,-0.384638
27688,0.594896
27689,-0.931925
27690,-1.373496
27691,-1.507615
27692,-1.501957
27693,-0.024160
27694,0.643149
27695,-0.067464
27696,-1.175575
27697,0.332703
27698,-0.341612
27699,-0.625139
27700,0.576322
27701,-0.164747
27702,0.468936
27703,1.110871
27704,1.051158
27705,-0.042702
27706,1.171191
27707,0.432673
27708,0.281246
27709,-0.644558
27710,0.608847
27711,-0.690250
27712,-0.507461
27713,-0.136267
27714,-0.547228
27715,-1.173773
27716,-1.252978
27717,-2.152468
27718,-0.433854
27719,-1.484918
27720,-1.903108
27721,-2.070049
27722,0.213806
27723,-0.825100
27724,-1.362972
27725,-0.376390
27726,0.831860
27727,2.394099
27728,1.798481
27729,0.501675
27730,0.222232
27731,0.242446
27732,0.268458
27733,-0.246246
27734,-0.210776
27735,-0.003530
27736,0.505517
27737,-2.061811
27738,-0.004176
27739,-0.773741
27740,0.090964
27741,0.294438
27742,-1.181717
27743,0.064364
27744,-1.453844
27745,-0.562751
27746,-0.612854
27747,1.340232
27748,0.471811
27749,0.421006
27750,-2.296342
27751,-2.116340
27752,-2.443617
27753,-2.934805
27754,0.352960
27755,-1.254629
27756,0.359116
27757,0.404225
27758,-1.228669
27759,0.272223
27760,-1.168281
27761,0.341560
27762,-0.817846
27763,1.678981
27764,-0.132217
27765,-0.238795
27766,-1.049897
27767,-0.755746
27768,-0.444968
27769,-0.581580
27770,-1.940291
27771,-0.943134
27772,-1.979891
27773,-0.374531
27774,-0.272925
27775,-0.301138
27776,-1.426152
27777,-0.509682
27778,-1.352500
27779,-0.813363
27780,-0.726081
27781,1.491463
27782,1.306474
27783,1.984227
27784,1.074775
27785,0.849188
27786,0.583925
27787,-0.639199
27788,-0.676164
27789,0.987337
27790,0.602235
27791,-1.458442
27792,-0.673762
27793,-1.186521
27794,0.127182
27795,1.267045
27796,2.024812
27797,1.071095
27798,0.199469
27799,0.062389
27800,0.489600
27801,-0.195308
27802,-0.800127
27803,-0.390699
27804,1.744886
27805,-0.952630
27806,0.570514
27807,0.556523
27808,-0.025215
27809,-0.744299
27810,-0.375215
27811,-0.973896
27812,0.282033
27813,2.253214
27814,-0.889364
27815,-0.740368
27816,-0.578793
27817,0.470260
27818,-0.185360
27819,-0.215242
27820,0.796017
27821,0.921963
27822,1.206748
27823,0.209234
27824,0.406219
27825,-0.515211
27826,-1.598958
27827,-0.638233
27828,-1.575544
27829,-0.452716
27830,-0.030293
27831,0.675841
27832,0.789377
27833,0.560473
27834,-0.488375
27835,0.078017
27836,0.999446
27837,-0.898139
27838,-0.931947
27839,0.688584
27840,0.074128
27841,0.578266
27842,-0.607338
27843,-0.344356
27844,-0.012875
27845,0.162960
27846,-0.549783
27847,-1.837506
27848,-1.020486
27849,0.634315
27850,0.967838
27851,-0.193321
27852,-1.335858
27853,3.207184
27854,0.602405
27855,-0.939503
27856,-0.936357
27857,0.980590
27858,1.009871
27859,1.524625
27860,0.234660
27861,0.518304
27862,0.238288
27863,2.392491
27864,1.518475
27865,0.478031
27866,1.092871
27867,1.218487
27868,-0.086450
27869,-0.722251
27870,-1.052092
27871,-0.683115
27872,-0.603061
27873,-1.204792
27874,-2.561127
27875,-1.257246
27876,0.897680
27877,1.484993
27878,-0.277357
27879,0.247676
27880,0.079103
27881,1.289180
27882,-0.055252
27883,-1.082013
27884,-0.186560
27885,-1.690626
27886,-0.840571
27887,-0.886825
27888,0.188958
27889,-0.887823
27890,-0.745261
27891,1.546863
27892,1.747418
27893,0.547126
27894,-0.166293
27895,0.285250
27896,0.755032
27897,0.765566
27898,-0.379587
27899,-1.644743
27900,-0.650142
27901,-1.556269
27902,-0.387608
27903,-1.307916
27904,-0.215251
27905,-0.496952
27906,-1.242142
27907,0.257830
27908,1.526756
27909,-0.144519
27910,-0.182235
27911,-1.473210
27912,1.044627
27913,0.290164
27914,0.569759
27915,0.176926
27916,0.362201
27917,1.103161
27918,0.962584
27919,0.579466
27920,1.207631
27921,1.266297
27922,0.072217
27923,0.145056
27924,0.298826
27925,-0.001407
27926,0.127800
27927,0.245075
27928,0.347067
27929,1.946984
27930,1.996594
27931,-0.455404
27932,1.636511
27933,-0.092027
27934,-1.787052
27935,0.118187
27936,1.057741
27937,-1.060832
27938,-0.594429
27939,-1.524916
27940,1.164135
27941,-0.664184
27942,0.440284
27943,0.762886
27944,-0.154099
27945,-0.844954
27946,-2.205907
27947,0.466807
27948,-1.856340
27949,0.943152
27950,-0.727811
27951,-0.582445
27952,1.188734
27953,1.180818
27954,-1.670898
27955,-1.831538
27956,1.790731
27957,-0.811003
27958,-1.815232
27959,-0.684243
27960,0.484701
27961,0.439570
27962,0.478914
27963,0.199335
27964,-0.625429
27965,-0.396143
27966,-0.400916
27967,-1.120313
27968,0.863958
27969,0.084020
27970,0.435983
27971,-0.548498
27972,0.728220
27973,1.153927
27974,2.017715
27975,-0.646823
27976,-2.485537
27977,-2.267103
27978,0.494373
27979,0.146014
27980,1.317231
27981,0.493031
27982,0.213687
27983,-0.280408
27984,-0.117797
27985,-0.482982
27986,0.690075
27987,-0.325536
27988,-0.178218
27989,-0.037025
27990,0.962330
27991,-0.151948
27992,-1.540131
27993,1.015970
27994,0.133118
27995,1.624293
27996,1.374264
27997,0.316954
27998,0.142729
27999,0.706643
28000,0.264713
28001,0.467889
28002,1.306260
28003,-0.242526
28004,0.150386
28005,-0.534349
28006,-0.967747
28007,0.972260
28008,0.568900
28009,-0.178205
28010,-0.460438
28011,-0.093292
28012,-0.720802
28013,-0.096888
28014,0.477799
28015,-0.163718
28016,1.290755
28017,1.389464
28018,0.352725
28019,-0.197477
28020,0.840865
28021,1.992437
28022,1.365941
28023,-0.342450
28024,1.595209
28025,0.585646
28026,0.385853
28027,0.058628
28028,-0.308129
28029,1.628542
28030,-0.150637
28031,1.083242
28032,-1.861189
28033,-1.294876
28034,-1.074545
28035,2.088677
28036,-1.116246
28037,-1.739465
28038,-1.485132
28039,-1.007784
28040,-0.766255
28041,0.472469
28042,-2.212441
28043,0.044671
28044,-1.271486
28045,-0.405531
28046,0.333979
28047,0.569989
28048,-1.755707
28049,-1.470862
28050,0.297250
28051,-1.196177
28052,-1.559384
28053,-0.986323
28054,-1.155151
28055,-0.614353
28056,-0.733503
28057,0.084949
28058,0.283407
28059,-1.961274
28060,0.446456
28061,-0.142456
28062,0.977199
28063,0.324606
28064,1.102906
28065,1.359039
28066,0.796541
28067,-1.546737
28068,-1.082493
28069,-1.895409
28070,0.510233
28071,-0.275456
28072,1.475128
28073,-0.422352
28074,-1.741133
28075,-0.889439
28076,-0.808792
28077,-1.797786
28078,1.665427
28079,0.093223
28080,-1.129870
28081,-0.884227
28082,1.006730
28083,0.076993
28084,1.163406
28085,0.048816
28086,0.317932
28087,2.282049
28088,1.854553
28089,1.537324
28090,1.428398
28091,0.888888
28092,0.748344
28093,-0.271654
28094,-0.740751
28095,1.254684
28096,-0.585632
28097,-1.041794
28098,-0.184740
28099,0.283060
28100,-1.055231
28101,1.210776
28102,0.015991
28103,-0.351058
28104,0.153001
28105,0.212680
28106,0.155479
28107,0.340766
28108,0.586884
28109,1.004561
28110,1.246598
28111,0.718371
28112,-0.609683
28113,0.853126
28114,-1.074860
28115,-2.925903
28116,-0.822992
28117,-0.299101
28118,0.774555
28119,1.600144
28120,-0.611899
28121,-2.013059
28122,-0.174880
28123,0.647209
28124,0.579806
28125,-0.143882
28126,-0.099006
28127,-0.911346
28128,-1.260081
28129,2.449112
28130,-0.064132
28131,-0.273625
28132,1.169911
28133,-1.045169
28134,1.637552
28135,0.075065
28136,-0.001327
28137,-1.111874
28138,-1.095562
28139,-0.506515
28140,1.369392
28141,1.186811
28142,0.534101
28143,0.025022
28144,-0.044112
28145,1.189161
28146,0.519452
28147,-1.588860
28148,0.140926
28149,1.674054
28150,1.604346
28151,0.951263
28152,-0.143487
28153,-1.084159
28154,-1.290879
28155,-0.557210
28156,-0.045965
28157,-0.461864
28158,-2.431791
28159,-2.389421
28160,-1.637853
28161,-0.714040
28162,0.074210
28163,-1.666005
28164,-1.271730
28165,0.345196
28166,-0.377369
28167,0.804493
28168,1.354931
28169,-0.974084
28170,1.106262
28171,-1.175950
28172,0.518951
28173,2.002259
28174,-0.334380
28175,0.126463
28176,-0.552778
28177,1.120521
28178,1.284679
28179,1.277359
28180,-0.608749
28181,-0.694191
28182,0.121991
28183,0.152744
28184,1.483879
28185,0.198543
28186,-0.041689
28187,0.133424
28188,0.986808
28189,0.185976
28190,0.069419
28191,-0.411693
28192,1.481595
28193,0.044523
28194,0.769436
28195,-0.343047
28196,0.411952
28197,-0.835362
28198,0.174234
28199,-0.472559
28200,-1.107804
28201,0.191781
28202,-0.844338
28203,0.705077
28204,-0.087493
28205,1.321181
28206,0.564868
28207,-0.290958
28208,-0.781907
28209,-1.353981
28210,-0.584940
28211,-0.336611
28212,-0.999963
28213,-0.582517
28214,-0.763699
28215,0.814892
28216,0.909133
28217,-0.429701
28218,1.096339
28219,1.559534
28220,0.985994
28221,0.656588
28222,-0.130252
28223,-0.202702
28224,-1.616243
28225,1.427315
28226,-1.805520
28227,0.002891
28228,0.107455
28229,-1.214965
28230,0.297055
28231,0.190794
28232,2.117764
28233,-1.062698
28234,-0.221078
28235,0.140781
28236,0.754620
28237,2.070171
28238,0.170999
28239,1.371317
28240,0.135387
28241,-0.445758
28242,1.437772
28243,-0.190039
28244,0.044677
28245,1.754992
28246,-0.939528
28247,-1.424742
28248,-0.041963
28249,1.262139
28250,2.662298
28251,0.798914
28252,1.329441
28253,-0.583716
28254,-1.572429
28255,0.468299
28256,-0.279898
28257,-1.072680
28258,1.396131
28259,0.699376
28260,0.163176
28261,0.465770
28262,-2.357000
28263,-0.217956
28264,1.033573
28265,0.796581
28266,0.746964
28267,0.508469
28268,0.457006
28269,0.741797
28270,1.061197
28271,2.000959
28272,0.615772
28273,0.722183
28274,-0.160545
28275,-0.852003
28276,1.192391
28277,0.738523
28278,-0.279516
28279,2.112226
28280,1.050617
28281,1.401272
28282,-0.071940
28283,-1.590199
28284,-0.864826
28285,0.808073
28286,0.647824
28287,-1.102415
28288,-1.338404
28289,1.881336
28290,1.035902
28291,0.566788
28292,0.180919
28293,2.316207
28294,0.099758
28295,1.259892
28296,0.800953
28297,-0.141808
28298,-0.925984
28299,-2.039427
28300,-0.028234
28301,1.068374
28302,0.965140
28303,0.860889
28304,0.776311
28305,-0.810844
28306,-0.629449
28307,-0.888842
28308,-0.297339
28309,-0.695623
28310,-1.330923
28311,-0.734847
28312,0.964480
28313,0.073878
28314,-1.098466
28315,-0.712743
28316,-0.633095
28317,1.252743
28318,-0.747508
28319,-0.917386
28320,0.834922
28321,-1.763558
28322,1.581135
28323,-1.115593
28324,0.782399
28325,0.606135
28326,-0.806096
28327,-0.425107
28328,0.286169
28329,-0.211076
28330,2.211741
28331,-0.143025
28332,0.957992
28333,-0.036192
28334,0.589902
28335,-0.573225
28336,0.333951
28337,-0.688882
28338,-0.177905
28339,0.443698
28340,-0.402785
28341,0.648410
28342,-0.679256
28343,-0.552589
28344,-0.739988
28345,-1.030529
28346,-0.492927
28347,-1.867221
28348,0.674863
28349,0.660786
28350,0.236033
28351,-1.194328
28352,0.129559
28353,-0.750863
28354,1.602090
28355,0.421859
28356,0.424309
28357,-1.070024
28358,-0.189021
28359,-0.696317
28360,-0.562912
28361,-1.786814
28362,-0.023299
28363,-0.495933
28364,0.010901
28365,-0.296208
28366,-0.261771
28367,-1.427315
28368,-0.202799
28369,-0.820793
28370,0.997627
28371,-0.354609
28372,0.131888
28373,-0.113933
28374,0.481163
28375,-1.138917
28376,-2.108434
28377,-0.011446
28378,-0.191716
28379,0.093478
28380,0.621335
28381,0.363558
28382,0.098086
28383,-0.309932
28384,1.437430
28385,-0.600222
28386,-0.181314
28387,-0.624438
28388,-0.298291
28389,0.975308
28390,0.788989
28391,-0.025225
28392,0.658336
28393,-0.668474
28394,0.192185
28395,-0.681732
28396,-0.808803
28397,1.753286
28398,-0.186049
28399,0.008705
28400,-0.524523
28401,0.661881
28402,0.540651
28403,-0.939245
28404,0.557516
28405,1.620946
28406,0.075606
28407,-0.894602
28408,1.090175
28409,0.288633
28410,-0.496035
28411,-1.517097
28412,-0.531146
28413,0.792282
28414,0.292831
28415,-1.446143
28416,-1.275058
28417,0.977791
28418,0.449518
28419,0.065019
28420,1.384015
28421,1.124651
28422,-0.416069
28423,-3.162924
28424,-1.038795
28425,-0.797567
28426,0.095769
28427,2.030025
28428,1.871567
28429,-0.470004
28430,0.207458
28431,-1.458318
28432,-0.639972
28433,-0.475646
28434,1.774692
28435,-0.724540
28436,-1.211529
28437,-0.908377
28438,-1.141575
28439,0.749074
28440,-1.260109
28441,-0.738828
28442,0.592405
28443,1.282868
28444,0.332818
28445,1.109227
28446,-0.870950
28447,0.000518
28448,1.014305
28449,0.249828
28450,-0.040259
28451,1.065603
28452,2.665473
28453,0.829079
28454,-1.581483
28455,-0.006440
28456,0.951005
28457,0.257629
28458,-0.638570
28459,-0.643353
28460,-0.367097
28461,-1.501711
28462,-0.165854
28463,-2.298047
28464,0.179950
28465,-0.797448
28466,-1.718614
28467,0.395121
28468,0.704692
28469,1.416832
28470,1.195075
28471,1.261495
28472,0.424549
28473,1.428366
28474,0.778514
28475,-0.617178
28476,1.582905
28477,0.864654
28478,0.574718
28479,-2.288479
28480,-0.915453
28481,-0.394023
28482,-0.459182
28483,0.303206
28484,0.027829
28485,0.056907
28486,0.010126
28487,-0.192925
28488,-0.631504
28489,-1.624178
28490,-1.547003
28491,1.571180
28492,-0.263977
28493,0.634571
28494,-0.179573
28495,-1.130961
28496,-0.521140
28497,-1.549662
28498,-0.063789
28499,2.103642
28500,-0.423580
28501,-0.247316
28502,-0.130674
28503,0.429183
28504,0.903498
28505,0.140568
28506,-1.654887
28507,-1.335046
28508,-0.292211
28509,-0.029225
28510,-0.374473
28511,0.786348
28512,0.342824
28513,-1.746640
28514,-0.847317
28515,-1.221562
28516,-1.306086
28517,-0.629940
28518,-0.129357
28519,1.497535
28520,-0.229483
28521,0.480639
28522,-0.057748
28523,0.766810
28524,0.813280
28525,0.384201
28526,-0.346557
28527,0.915296
28528,-1.775164
28529,-0.438739
28530,0.131921
28531,1.694572
28532,0.985256
28533,0.325719
28534,-0.363659
28535,0.425411
28536,-1.107513
28537,-1.642959
28538,2.289167
28539,0.648453
28540,0.747677
28541,0.238442
28542,0.033425
28543,0.268842
28544,0.073833
28545,1.850087
28546,-0.293272
28547,0.695494
28548,-0.083922
28549,0.048298
28550,0.664550
28551,1.555579
28552,0.470314
28553,2.522684
28554,0.984308
28555,1.581663
28556,0.257603
28557,0.956469
28558,-0.046509
28559,1.621177
28560,-1.097749
28561,-0.148002
28562,-0.100054
28563,-1.041552
28564,0.568560
28565,-0.587546
28566,1.145349
28567,-0.944040
28568,-0.563237
28569,-0.722617
28570,0.044420
28571,-0.632664
28572,0.487142
28573,0.189199
28574,-1.886277
28575,-0.146155
28576,0.942009
28577,-1.327444
28578,0.317598
28579,0.368221
28580,-0.336449
28581,0.942711
28582,-2.084878
28583,-0.534651
28584,-0.707700
28585,0.023431
28586,1.146612
28587,-1.357863
28588,1.748511
28589,-1.149189
28590,0.301560
28591,-0.400137
28592,1.136303
28593,1.112069
28594,-0.295829
28595,-1.360778
28596,0.144150
28597,-0.654651
28598,-1.997928
28599,0.097592
28600,-1.404792
28601,-0.141355
28602,1.119616
28603,0.655255
28604,-0.288658
28605,-1.625409
28606,-0.109648
28607,0.375061
28608,-0.238439
28609,0.931439
28610,0.147458
28611,-0.319326
28612,0.987461
28613,1.727934
28614,0.115563
28615,1.262886
28616,-1.660145
28617,-0.134858
28618,-0.024660
28619,1.451076
28620,0.494512
28621,-0.215112
28622,-1.869442
28623,1.678192
28624,-0.971324
28625,-0.288694
28626,-1.562751
28627,-0.774533
28628,-0.728390
28629,0.907528
28630,-0.013606
28631,0.438743
28632,0.748032
28633,1.738095
28634,2.878693
28635,-0.086246
28636,1.852336
28637,-0.461013
28638,1.629442
28639,0.018184
28640,1.388057
28641,1.373837
28642,0.881579
28643,0.857659
28644,0.215681
28645,0.002454
28646,0.425453
28647,-1.031766
28648,-0.425496
28649,-1.627514
28650,-0.499527
28651,0.162301
28652,-1.973004
28653,-0.805161
28654,-0.476887
28655,-1.156492
28656,-1.540135
28657,-0.435270
28658,-0.043611
28659,-3.755914
28660,-1.781926
28661,0.131592
28662,0.840969
28663,-0.872559
28664,0.694546
28665,-0.159832
28666,1.967493
28667,1.815620
28668,2.176449
28669,0.926973
28670,1.839852
28671,2.243389
28672,2.787170
28673,0.389374
28674,-0.323203
28675,-2.210170
28676,-0.641798
28677,-0.981100
28678,1.298494
28679,1.042204
28680,0.424631
28681,0.978890
28682,-0.076906
28683,0.980784
28684,-0.231452
28685,-0.587311
28686,-0.899422
28687,-0.358580
28688,-1.451741
28689,0.399470
28690,-0.062800
28691,-1.203383
28692,0.113611
28693,-1.493540
28694,-3.157818
28695,-0.660965
28696,0.097461
28697,-0.492884
28698,-2.832609
28699,-2.218745
28700,-0.877767
28701,0.877649
28702,0.079471
28703,0.785288
28704,0.552824
28705,1.306646
28706,-0.592605
28707,2.953304
28708,-0.891862
28709,-1.056898
28710,-0.123095
28711,1.237613
28712,0.416741
28713,0.667538
28714,-0.617126
28715,-0.536152
28716,0.761648
28717,-0.461483
28718,-0.389592
28719,-1.497077
28720,-0.374965
28721,-0.350261
28722,-1.954817
28723,-0.995020
28724,-0.227871
28725,0.181458
28726,1.525780
28727,0.818345
28728,1.757594
28729,1.531129
28730,2.402896
28731,1.967450
28732,-0.036476
28733,-0.069241
28734,1.050152
28735,-0.145446
28736,0.161016
28737,0.776574
28738,-1.084633
28739,-1.115761
28740,0.261474
28741,-0.201921
28742,-0.567283
28743,0.175314
28744,-0.461922
28745,0.992437
28746,-2.177005
28747,-0.219016
28748,1.761786
28749,3.043751
28750,0.175659
28751,-1.074964
28752,-0.893393
28753,0.885712
28754,0.785938
28755,1.171094
28756,-0.513608
28757,0.596727
28758,-0.871869
28759,-0.414906
28760,-0.854277
28761,-1.922674
28762,0.038859
28763,3.015884
28764,-0.595132
28765,0.534541
28766,0.145393
28767,0.940583
28768,0.271014
28769,-2.439818
28770,-1.175849
28771,-0.350111
28772,-0.204394
28773,0.390356
28774,0.842071
28775,0.688986
28776,1.866275
28777,-1.515915
28778,-1.379127
28779,-1.489638
28780,0.860360
28781,0.604337
28782,0.703161
28783,-0.914438
28784,-0.992738
28785,-2.407042
28786,-1.157471
28787,-0.198635
28788,-1.281768
28789,-1.523656
28790,0.194399
28791,-0.572038
28792,-0.075116
28793,0.325966
28794,0.906389
28795,0.746171
28796,0.824463
28797,0.442719
28798,1.094079
28799,2.023062
28800,-0.146005
28801,0.971756
28802,-0.090007
28803,0.132259
28804,-0.153519
28805,-0.222707
28806,-0.979251
28807,-1.424890
28808,-0.598838
28809,-1.319589
28810,-0.989484
28811,-0.902806
28812,1.596201
28813,0.297044
28814,0.110475
28815,0.905972
28816,0.970131
28817,1.893105
28818,-0.184995
28819,0.926221
28820,-0.382050
28821,-0.123327
28822,-0.119395
28823,0.165847
28824,0.716555
28825,0.871950
28826,1.722653
28827,1.289864
28828,-0.165641
28829,-0.598769
28830,1.045906
28831,1.285559
28832,1.420538
28833,1.822493
28834,1.630190
28835,-0.662180
28836,0.216228
28837,-0.957500
28838,0.378167
28839,-1.015741
28840,-0.133075
28841,1.046506
28842,1.267462
28843,-0.982433
28844,-1.938184
28845,-0.415816
28846,0.712562
28847,-0.313398
28848,-0.485709
28849,-0.163224
28850,0.272589
28851,0.007437
28852,0.581138
28853,-1.742929
28854,-2.685884
28855,-1.478316
28856,-1.230144
28857,-0.200165
28858,-0.605976
28859,1.051036
28860,-0.684616
28861,-0.462132
28862,0.705343
28863,-1.470827
28864,-0.104762
28865,0.982836
28866,-1.119334
28867,-2.082654
28868,-1.519474
28869,-0.140254
28870,0.306027
28871,-0.050901
28872,-1.049865
28873,0.232766
28874,2.376221
28875,0.871106
28876,-0.215840
28877,2.775212
28878,1.412767
28879,0.861596
28880,-0.181159
28881,0.518495
28882,1.029535
28883,0.207953
28884,1.076273
28885,-0.019403
28886,1.179102
28887,-0.287084
28888,0.425572
28889,-0.665032
28890,-0.958688
28891,-2.166265
28892,-2.024791
28893,0.569410
28894,-0.346855
28895,-1.528960
28896,-0.054669
28897,-0.926918
28898,-0.337444
28899,-0.934530
28900,-1.113926
28901,0.162246
28902,0.969556
28903,0.349601
28904,0.055821
28905,-0.249043
28906,-0.997180
28907,1.028529
28908,-0.617477
28909,-1.367368
28910,0.377452
28911,1.701833
28912,-0.762591
28913,-0.371212
28914,-0.232443
28915,-0.463671
28916,0.530698
28917,-0.300990
28918,0.268651
28919,-1.549020
28920,-0.527177
28921,-1.631418
28922,1.197054
28923,-0.425388
28924,0.174518
28925,1.112479
28926,0.294003
28927,-0.620808
28928,0.056072
28929,-0.149173
28930,-1.880323
28931,-0.031175
28932,-0.287142
28933,-1.900779
28934,-0.558013
28935,-0.942715
28936,-2.086330
28937,-1.506505
28938,2.390985
28939,0.169962
28940,0.632667
28941,-0.883987
28942,0.699473
28943,0.750222
28944,0.012452
28945,0.879855
28946,-1.376459
28947,-1.360234
28948,0.012797
28949,-0.186178
28950,0.324990
28951,-0.191409
28952,-0.752299
28953,1.617567
28954,1.161076
28955,0.442280
28956,0.410994
28957,1.493528
28958,0.589692
28959,0.770254
28960,0.521913
28961,-0.466136
28962,0.019429
28963,1.158526
28964,-0.777053
28965,-1.312338
28966,-0.293206
28967,0.299316
28968,-0.317553
28969,-0.137297
28970,0.145777
28971,-1.774535
28972,-0.878315
28973,0.810943
28974,-1.048835
28975,-0.363103
28976,0.824769
28977,0.853794
28978,0.691976
28979,0.246365
28980,0.281026
28981,-1.099414
28982,0.319088
28983,-0.555433
28984,-0.735864
28985,-0.510455
28986,-1.002783
28987,-0.068203
28988,0.251514
28989,2.096845
28990,-0.374968
28991,-0.322725
28992,-0.147744
28993,-0.434042
28994,0.332540
28995,-2.044457
28996,-2.049352
28997,-0.412038
28998,0.131274
28999,-0.643765
29000,0.469550
29001,-0.773147
29002,-0.914122
29003,0.295812
29004,0.478345
29005,-1.446495
29006,-0.129134
29007,-0.633688
29008,0.827292
29009,-0.172719
29010,0.997301
29011,0.616853
29012,1.600900
29013,1.395892
29014,1.313330
29015,1.586439
29016,1.665227
29017,2.044725
29018,0.707029
29019,-0.755553
29020,-0.388436
29021,-1.432438
29022,-0.262490
29023,0.441550
29024,0.380277
29025,-0.107400
29026,-0.930522
29027,-1.527066
29028,-1.197286
29029,0.418009
29030,1.977406
29031,-0.340774
29032,1.042780
29033,0.836826
29034,-0.382567
29035,-0.647736
29036,0.492100
29037,-1.330104
29038,0.851547
29039,-0.326655
29040,-2.282333
29041,-1.933674
29042,-0.154269
29043,1.373388
29044,-0.396439
29045,1.111273
29046,0.722984
29047,0.092373
29048,-0.589729
29049,-0.869988
29050,0.747424
29051,1.067599
29052,-0.160577
29053,1.173434
29054,-1.079956
29055,0.849229
29056,0.724664
29057,1.823522
29058,0.311315
29059,0.004233
29060,0.065526
29061,-1.583947
29062,0.889019
29063,0.493910
29064,0.521809
29065,-0.054102
29066,-0.094919
29067,1.798554
29068,4.280424
29069,1.209870
29070,1.291285
29071,2.005788
29072,1.499370
29073,0.786031
29074,1.142988
29075,-0.104386
29076,1.790168
29077,1.075532
29078,1.449001
29079,-0.063294
29080,0.933083
29081,-0.228573
29082,1.370204
29083,0.147783
29084,-0.333881
29085,0.360929
29086,0.623673
29087,0.109167
29088,0.356311
29089,-0.289450
29090,0.883145
29091,-2.283237
29092,0.142299
29093,1.496055
29094,1.779278
29095,-0.932429
29096,-0.530725
29097,0.340289
29098,0.618490
29099,-0.806559
29100,-0.508490
29101,1.560056
29102,-0.110453
29103,1.669263
29104,1.926271
29105,2.561232
29106,0.906178
29107,-0.118563
29108,-0.009364
29109,-1.827695
29110,-0.313119
29111,0.236678
29112,0.222604
29113,-0.787585
29114,0.672395
29115,-0.359163
29116,-0.223774
29117,0.506192
29118,4.528703
29119,1.950439
29120,0.652347
29121,1.479461
29122,-0.514220
29123,0.088607
29124,-0.431149
29125,1.970485
29126,-0.099744
29127,-0.558482
29128,0.352875
29129,-0.909007
29130,-0.665968
29131,-0.668315
29132,0.691502
29133,0.053765
29134,2.313434
29135,-2.551987
29136,-2.445376
29137,-0.392918
29138,-1.436123
29139,-1.174684
29140,-0.231135
29141,-0.066127
29142,0.423707
29143,-0.185272
29144,-1.119135
29145,0.445819
29146,-0.661991
29147,-1.295220
29148,-1.387247
29149,-1.015975
29150,-0.329552
29151,-1.026820
29152,-1.203703
29153,1.708338
29154,2.362226
29155,-0.813455
29156,-2.030427
29157,0.121994
29158,0.619446
29159,-1.637099
29160,0.540170
29161,-2.138945
29162,-0.567466
29163,-1.925633
29164,0.236344
29165,-1.674525
29166,-1.371839
29167,0.233817
29168,-0.593356
29169,-0.855704
29170,0.793303
29171,1.189232
29172,-0.053866
29173,-0.739978
29174,-1.434221
29175,0.451445
29176,0.946391
29177,0.717234
29178,0.370312
29179,0.620350
29180,1.166349
29181,-0.460652
29182,0.272798
29183,-0.058010
29184,-0.136124
29185,0.937930
29186,-0.514172
29187,-0.309147
29188,-1.261116
29189,-0.798950
29190,-0.443311
29191,-1.164162
29192,0.517754
29193,-0.048160
29194,-0.390374
29195,0.395064
29196,-1.175308
29197,-0.296682
29198,-0.781386
29199,0.991549
29200,1.958135
29201,0.824937
29202,-0.161719
29203,-1.734148
29204,-1.201744
29205,-0.074772
29206,-0.112231
29207,0.403611
29208,-0.538411
29209,-0.676611
29210,-0.550370
29211,-0.859019
29212,-1.604246
29213,-0.327947
29214,-0.134002
29215,0.002384
29216,1.008760
29217,-0.337168
29218,-1.100836
29219,-1.646131
29220,-0.303140
29221,-0.101620
29222,1.844482
29223,0.097634
29224,-0.813621
29225,-0.083155
29226,0.037924
29227,-2.026425
29228,-0.652033
29229,0.943679
29230,1.257387
29231,0.490209
29232,-0.845270
29233,-1.018887
29234,-1.844637
29235,-1.748251
29236,0.044208
29237,-1.204374
29238,0.941971
29239,-0.202241
29240,0.545057
29241,1.216405
29242,2.217404
29243,-0.093528
29244,0.963430
29245,-0.061786
29246,0.491642
29247,-0.293410
29248,0.711816
29249,2.036962
29250,-1.024514
29251,-0.138310
29252,-0.465389
29253,-2.593912
29254,-1.399316
29255,-0.528029
29256,-2.179289
29257,-1.133374
29258,-0.143129
29259,0.106450
29260,0.617308
29261,0.992664
29262,2.396928
29263,1.158153
29264,0.705012
29265,0.468218
29266,-0.772821
29267,0.298394
29268,0.863356
29269,0.425366
29270,1.788666
29271,1.010198
29272,1.575862
29273,0.622817
29274,0.854738
29275,0.680805
29276,-0.117006
29277,1.605376
29278,1.062621
29279,-0.039701
29280,-0.683174
29281,-0.694068
29282,-0.268678
29283,-0.227015
29284,-0.079836
29285,0.123275
29286,-0.594172
29287,-0.760035
29288,-0.444089
29289,-0.116803
29290,-1.864211
29291,-1.990772
29292,0.765749
29293,0.227346
29294,-0.994560
29295,0.378014
29296,-1.807921
29297,-0.719124
29298,0.152775
29299,-0.673846
29300,-2.560833
29301,0.003395
29302,-0.016577
29303,-0.779080
29304,-1.108669
29305,-1.273145
29306,-1.176655
29307,-0.411719
29308,-0.443353
29309,-0.868352
29310,-1.746556
29311,-0.613243
29312,0.293372
29313,1.629230
29314,0.350375
29315,-0.667291
29316,1.191977
29317,1.060560
29318,0.935399
29319,0.596781
29320,-0.828542
29321,0.696691
29322,1.187222
29323,-2.047114
29324,-0.461324
29325,-0.350102
29326,-0.077625
29327,0.296678
29328,-1.356505
29329,3.169026
29330,-0.031343
29331,-0.711466
29332,-1.225870
29333,-0.539989
29334,-0.486795
29335,0.349645
29336,1.126718
29337,-0.923634
29338,0.582540
29339,-0.667632
29340,0.262470
29341,-1.358688
29342,1.210092
29343,-0.815924
29344,0.062694
29345,-0.959574
29346,1.949534
29347,0.579192
29348,-0.262148
29349,-0.808691
29350,-2.259566
29351,0.095702
29352,0.148158
29353,0.281193
29354,0.181529
29355,-1.481386
29356,0.825511
29357,0.306253
29358,-1.343610
29359,-1.808496
29360,0.241352
29361,0.176106
29362,0.041539
29363,0.711411
29364,-0.554851
29365,-1.241028
29366,0.057571
29367,-0.867218
29368,-2.055705
29369,0.765337
29370,1.136077
29371,0.421773
29372,-0.581210
29373,-0.681273
29374,-0.391799
29375,-1.410350
29376,-0.979567
29377,0.152137
29378,0.752240
29379,0.849199
29380,2.216924
29381,-0.738871
29382,-0.329156
29383,0.052417
29384,-2.325870
29385,-0.204829
29386,-1.044406
29387,-0.800152
29388,-0.907888
29389,-0.369060
29390,-0.431567
29391,-0.501686
29392,-0.509750
29393,1.140715
29394,0.363287
29395,-0.757915
29396,-1.117916
29397,0.380038
29398,-0.055917
29399,0.319803
29400,-0.095408
29401,-0.934267
29402,1.886687
29403,1.093041
29404,-1.516574
29405,0.157536
29406,0.333770
29407,-0.176844
29408,0.224743
29409,0.054714
29410,0.334230
29411,1.431093
29412,-0.368075
29413,-1.759497
29414,-2.067265
29415,-0.000377
29416,0.638724
29417,0.273555
29418,-0.888118
29419,-1.627040
29420,-1.160152
29421,-0.662746
29422,1.278464
29423,0.388565
29424,-1.669774
29425,-0.365824
29426,0.089013
29427,-0.393265
29428,0.117376
29429,-1.159630
29430,-1.228525
29431,0.219780
29432,0.497780
29433,-0.478266
29434,1.127658
29435,0.813036
29436,0.339212
29437,-0.395957
29438,0.325773
29439,-1.039522
29440,0.438390
29441,0.669236
29442,0.722926
29443,1.121484
29444,-0.775246
29445,0.097473
29446,1.652837
29447,0.608577
29448,1.024437
29449,-0.264884
29450,1.377900
29451,0.929745
29452,0.226239
29453,0.892602
29454,-1.020525
29455,-0.087886
29456,-1.279324
29457,0.809560
29458,0.716297
29459,1.410438
29460,1.742436
29461,1.109019
29462,-0.368928
29463,0.568993
29464,0.413334
29465,1.924518
29466,0.495753
29467,-0.613952
29468,1.344840
29469,0.092640
29470,-0.931736
29471,-1.668985
29472,-2.607916
29473,-1.146730
29474,-0.891465
29475,0.874821
29476,1.381124
29477,0.328791
29478,-0.454060
29479,0.489665
29480,0.163349
29481,-0.362804
29482,0.791874
29483,0.453435
29484,-1.018568
29485,1.253294
29486,-0.509735
29487,1.905422
29488,0.461954
29489,-0.045598
29490,0.275360
29491,0.552395
29492,1.032399
29493,1.250275
29494,0.540906
29495,0.126107
29496,0.777887
29497,1.087350
29498,0.707172
29499,-0.328767
29500,0.552814
29501,1.419921
29502,-0.157601
29503,1.219671
29504,-1.701075
29505,0.089643
29506,-0.359157
29507,1.422830
29508,-0.231790
29509,-2.361425
29510,-1.177499
29511,-0.302881
29512,0.734554
29513,-0.348750
29514,0.016929
29515,0.546826
29516,-0.627065
29517,0.475510
29518,-0.893960
29519,0.429883
29520,-0.322059
29521,-1.588063
29522,0.057667
29523,-1.399517
29524,-1.444780
29525,1.195821
29526,0.525036
29527,-0.786140
29528,-0.171508
29529,-1.872558
29530,0.656129
29531,0.702554
29532,0.814040
29533,-1.543199
29534,-0.697374
29535,-0.489625
29536,-1.269466
29537,-1.898798
29538,-0.599287
29539,0.546771
29540,0.614199
29541,1.425431
29542,-0.927239
29543,-0.389848
29544,-2.468895
29545,-0.330585
29546,-0.737362
29547,-0.270796
29548,-0.369131
29549,-0.398083
29550,-0.265498
29551,-1.934769
29552,-0.880549
29553,0.137932
29554,1.078253
29555,1.017930
29556,-0.053965
29557,0.771058
29558,0.017278
29559,0.384762
29560,-0.563993
29561,0.073314
29562,-0.192805
29563,-1.462092
29564,-0.399309
29565,0.298084
29566,-0.218061
29567,-0.166459
29568,2.467455
29569,0.926860
29570,0.078763
29571,-0.055603
29572,-0.544688
29573,-1.066829
29574,0.814951
29575,1.388507
29576,0.969459
29577,-0.266133
29578,0.577401
29579,0.472478
29580,0.182033
29581,0.275617
29582,1.766481
29583,1.378028
29584,0.168940
29585,-0.046915
29586,0.012282
29587,-0.554201
29588,-1.088298
29589,-0.137480
29590,1.535576
29591,-1.927197
29592,-0.668816
29593,0.471197
29594,0.939043
29595,-0.164751
29596,1.391544
29597,0.459018
29598,1.026323
29599,-0.315258
29600,-1.287839
29601,0.809496
29602,1.127645
29603,0.490674
29604,-0.195732
29605,-1.776585
29606,-0.313402
29607,-0.092307
29608,-1.005552
29609,-1.064835
29610,-1.035201
29611,0.267252
29612,1.971251
29613,0.519957
29614,-0.556495
29615,-0.742081
29616,0.033666
29617,0.424996
29618,-0.061744
29619,-1.028263
29620,0.106490
29621,-0.924405
29622,0.450957
29623,0.446640
29624,0.922867
29625,0.820637
29626,-0.220792
29627,-1.268662
29628,-0.373105
29629,-0.837465
29630,1.060503
29631,0.761859
29632,-0.217574
29633,-0.652177
29634,1.153372
29635,3.173463
29636,2.053420
29637,0.768307
29638,0.503519
29639,0.174123
29640,-1.068435
29641,0.069253
29642,-1.824995
29643,-0.542028
29644,-0.149687
29645,-0.015331
29646,0.433848
29647,-0.092110
29648,-0.272627
29649,1.787653
29650,0.060425
29651,-1.132211
29652,-1.842796
29653,-0.981291
29654,-0.841430
29655,1.720837
29656,0.833418
29657,-0.408895
29658,-0.132431
29659,-0.248480
29660,-0.751651
29661,0.456360
29662,1.418639
29663,-1.477170
29664,1.036973
29665,-1.070599
29666,0.188112
29667,0.469328
29668,0.768370
29669,0.386000
29670,-2.150815
29671,1.309587
29672,-1.188507
29673,-1.498713
29674,0.494416
29675,-1.417392
29676,-0.494129
29677,-0.028989
29678,-1.019153
29679,-0.589999
29680,3.296119
29681,0.265378
29682,0.021029
29683,-0.866625
29684,-0.972718
29685,-1.152359
29686,-1.266477
29687,-0.248152
29688,-1.088358
29689,1.527704
29690,1.795477
29691,0.549170
29692,0.326660
29693,-0.057977
29694,-1.326774
29695,-1.657701
29696,-0.595547
29697,-0.022299
29698,-0.052868
29699,0.243679
29700,-0.063775
29701,0.432307
29702,0.408454
29703,0.105487
29704,-0.375710
29705,-0.208232
29706,0.060326
29707,-0.324658
29708,-0.134957
29709,-1.616631
29710,-1.047385
29711,-0.568254
29712,-0.096528
29713,-0.332481
29714,1.248473
29715,0.144477
29716,-0.180376
29717,0.706069
29718,-0.652601
29719,1.336379
29720,0.086052
29721,-0.956103
29722,-0.441677
29723,0.619837
29724,1.159822
29725,0.011626
29726,-2.670281
29727,0.733716
29728,-0.703403
29729,-1.628232
29730,-1.935302
29731,-0.588664
29732,1.081077
29733,0.117668
29734,0.089056
29735,-0.219529
29736,-0.722681
29737,-0.297284
29738,-1.539543
29739,-1.371569
29740,-0.635005
29741,1.072668
29742,1.385431
29743,-1.365180
29744,-2.268240
29745,0.187129
29746,-0.632259
29747,0.269587
29748,0.060047
29749,0.136549
29750,-0.768679
29751,0.335366
29752,0.757937
29753,1.187188
29754,0.282550
29755,1.751949
29756,0.053054
29757,0.303226
29758,0.103244
29759,0.081350
29760,2.091840
29761,1.309615
29762,0.887004
29763,-1.576005
29764,0.261095
29765,2.063999
29766,0.384294
29767,0.258381
29768,0.226035
29769,-1.107984
29770,0.979296
29771,-0.129635
29772,-0.655139
29773,1.191935
29774,1.246476
29775,-0.071352
29776,-0.959769
29777,-0.873532
29778,0.429765
29779,0.656011
29780,0.913468
29781,-0.996942
29782,-0.197851
29783,1.124046
29784,0.066751
29785,0.396922
29786,-0.036103
29787,1.156621
29788,1.353067
29789,-1.261762
29790,1.657204
29791,2.020196
29792,1.260202
29793,1.520018
29794,-0.653320
29795,0.560701
29796,0.805021
29797,1.863441
29798,0.351546
29799,-0.490341
29800,-0.653722
29801,-2.328412
29802,-0.089271
29803,1.738722
29804,0.529436
29805,0.180281
29806,0.548097
29807,-0.361545
29808,0.792664
29809,0.976722
29810,1.192084
29811,-0.079655
29812,-0.929511
29813,-0.840306
29814,-0.511062
29815,0.689192
29816,-0.903671
29817,-0.391753
29818,0.305012
29819,-0.025942
29820,-1.109156
29821,-0.805960
29822,-0.182325
29823,-0.557481
29824,-0.685461
29825,-0.407939
29826,0.080144
29827,1.042883
29828,1.217925
29829,-0.250866
29830,1.345920
29831,0.239793
29832,-2.312898
29833,-1.799328
29834,-1.894653
29835,-0.467854
29836,0.057103
29837,0.207420
29838,-0.220301
29839,-0.245056
29840,-2.462726
29841,-1.314070
29842,-0.472397
29843,0.162092
29844,-0.790086
29845,-0.136516
29846,-2.495031
29847,-0.767449
29848,-0.548488
29849,1.412444
29850,-0.325861
29851,-0.372729
29852,1.002288
29853,0.450027
29854,0.073860
29855,0.431577
29856,-1.031365
29857,-0.371928
29858,0.243347
29859,1.599040
29860,0.755021
29861,0.963776
29862,0.286491
29863,0.123118
29864,0.222316
29865,-0.674068
29866,-1.341507
29867,-2.192838
29868,1.211202
29869,0.501507
29870,1.300089
29871,0.807431
29872,-1.419456
29873,1.392717
29874,-0.273758
29875,0.019870
29876,0.973938
29877,1.366090
29878,1.946542
29879,-0.083497
29880,-0.222507
29881,1.584284
29882,0.284971
29883,0.812578
29884,2.289406
29885,-0.208624
29886,-0.601099
29887,-1.078381
29888,-0.754224
29889,-0.776777
29890,-1.304540
29891,0.291634
29892,0.519976
29893,0.263528
29894,-1.179427
29895,-1.338977
29896,1.084619
29897,0.767373
29898,-1.507004
29899,0.184164
29900,-1.097170
29901,-0.062895
29902,1.595105
29903,-0.613798
29904,0.768064
29905,0.340737
29906,1.333934
29907,1.240322
29908,0.737395
29909,-1.986951
29910,-1.782677
29911,-0.249669
29912,-0.186962
29913,-0.489018
29914,-0.163993
29915,0.396477
29916,0.616449
29917,0.041273
29918,-0.494093
29919,-2.056218
29920,-2.065790
29921,0.151653
29922,0.564154
29923,-1.104763
29924,0.276417
29925,-0.499813
29926,0.540708
29927,1.454707
29928,1.171941
29929,0.714030
29930,-1.048395
29931,-1.608965
29932,-1.468521
29933,-0.077386
29934,-0.103402
29935,-1.230282
29936,-1.170769
29937,1.885531
29938,1.792455
29939,0.035850
29940,-3.189077
29941,-1.369007
29942,-1.462931
29943,-0.565385
29944,1.172914
29945,1.099852
29946,-0.688865
29947,-0.050964
29948,-0.889322
29949,-0.379724
29950,-1.465216
29951,-0.819534
29952,0.916656
29953,1.480100
29954,-0.455215
29955,0.262200
29956,-1.575796
29957,-1.743805
29958,-1.777509
29959,-1.254872
29960,-1.464111
29961,-0.045684
29962,-0.227487
29963,-1.524923
29964,0.728761
29965,0.341270
29966,-0.774680
29967,-0.689371
29968,1.262533
29969,0.745990
29970,0.660002
29971,-0.457325
29972,-0.872164
29973,0.658643
29974,-0.998030
29975,0.012275
29976,0.170844
29977,1.303138
29978,2.599584
29979,-0.104435
29980,2.588962
29981,1.104528
29982,0.273765
29983,0.333592
29984,-0.163010
29985,1.012710
29986,1.364005
29987,-1.128990
29988,-0.251880
29989,0.470871
29990,0.295417
29991,-0.725623
29992,0.938683
29993,1.603816
29994,1.879246
29995,0.993160
29996,0.613809
29997,-0.183015
29998,-0.628886
29999,0.715907
30000,-0.299732
30001,-1.173662
30002,-0.542069
30003,0.855060
30004,-0.321197
30005,0.959371
30006,-1.232363
30007,-2.745694
30008,1.843179
30009,0.130680
30010,0.152092
30011,0.694313
30012,-1.264711
30013,1.685510
30014,1.553605
30015,0.673054
30016,0.163371
30017,0.639370
30018,-0.454251
30019,0.032493
30020,-1.961698
30021,0.583885
30022,-0.648630
30023,0.480240
30024,1.749425
30025,0.784647
30026,-0.646039
30027,2.547969
30028,0.891306
30029,-0.073969
30030,0.090370
30031,-0.303413
30032,1.333237
30033,-1.020211
30034,-2.139902
30035,-0.941511
30036,0.234456
30037,0.349503
30038,1.003918
30039,1.544131
30040,0.393174
30041,0.382684
30042,0.614707
30043,0.358579
30044,-0.633142
30045,0.519179
30046,0.877266
30047,0.059994
30048,1.846433
30049,1.095776
30050,-1.156031
30051,0.402059
30052,0.733403
30053,-0.562199
30054,-1.387538
30055,-0.026296
30056,-0.818844
30057,-2.035376
30058,-0.979720
30059,-0.265330
30060,0.958622
30061,1.197850
30062,-0.320111
30063,-1.510392
30064,0.361312
30065,-0.330078
30066,-0.612824
30067,1.177309
30068,1.330155
30069,1.250285
30070,-1.036620
30071,-1.201126
30072,0.079087
30073,-0.224307
30074,-0.259616
30075,-0.747738
30076,-0.864904
30077,-0.894966
30078,-0.022874
30079,0.799772
30080,-0.168908
30081,-0.625370
30082,0.304753
30083,0.749323
30084,-1.676912
30085,-0.630606
30086,1.100128
30087,1.578899
30088,0.175808
30089,0.856118
30090,0.186519
30091,0.930862
30092,-1.277922
30093,-0.483081
30094,-0.405058
30095,0.602083
30096,1.479161
30097,0.829255
30098,0.057013
30099,1.144121
30100,-0.426839
30101,-0.056892
30102,0.173198
30103,0.654399
30104,0.300184
30105,0.098781
30106,-1.257760
30107,1.122539
30108,-0.450458
30109,0.152366
30110,1.015079
30111,-0.783490
30112,1.180669
30113,0.383597
30114,-1.313533
30115,-1.237952
30116,-1.286938
30117,0.652383
30118,0.211879
30119,-0.436913
30120,-1.315368
30121,-2.066973
30122,-1.682865
30123,-2.070891
30124,-0.078443
30125,0.368489
30126,0.719865
30127,-1.200816
30128,1.365016
30129,-0.619749
30130,0.072843
30131,-0.820452
30132,0.496222
30133,-0.120777
30134,0.026179
30135,-0.017461
30136,-0.721389
30137,1.022837
30138,0.511580
30139,-0.161760
30140,-0.128779
30141,-0.748181
30142,-0.275922
30143,-1.718889
30144,-0.579760
30145,1.208449
30146,-0.395082
30147,-0.219871
30148,-0.054183
30149,0.028902
30150,-0.420455
30151,-0.475949
30152,-1.103119
30153,-1.069313
30154,-1.106202
30155,0.912111
30156,0.301742
30157,-0.220210
30158,-0.520220
30159,-1.082652
30160,-0.811129
30161,1.181082
30162,-0.403266
30163,-0.642594
30164,0.567271
30165,0.933687
30166,0.603187
30167,2.172152
30168,0.850410
30169,0.330889
30170,-0.122299
30171,0.174571
30172,1.667931
30173,0.294245
30174,1.105318
30175,-0.108621
30176,0.678202
30177,-1.362452
30178,-0.747238
30179,0.076670
30180,0.823217
30181,0.703372
30182,0.892744
30183,2.437497
30184,1.719369
30185,-1.910290
30186,0.187584
30187,0.254803
30188,0.010376
30189,-0.328772
30190,-0.831810
30191,-0.310020
30192,-0.275881
30193,0.422811
30194,2.381091
30195,0.596385
30196,1.351908
30197,0.936907
30198,-0.616364
30199,1.480482
30200,0.079271
30201,-0.128307
30202,-0.449313
30203,2.120571
30204,-1.236761
30205,0.736166
30206,-0.802190
30207,0.817946
30208,-0.447712
30209,1.172394
30210,1.591244
30211,1.056383
30212,-0.577414
30213,0.506664
30214,-0.281010
30215,-0.070546
30216,-1.136728
30217,1.069844
30218,-0.094038
30219,0.066929
30220,-2.010231
30221,0.933302
30222,2.078527
30223,2.125765
30224,1.131057
30225,-0.115349
30226,0.228758
30227,-1.376319
30228,-0.693731
30229,-0.232674
30230,-0.043200
30231,-0.125515
30232,0.945157
30233,1.340577
30234,-0.019209
30235,0.612986
30236,-0.155440
30237,2.233418
30238,2.251857
30239,0.090838
30240,-0.941412
30241,-1.946640
30242,-0.605440
30243,-0.066528
30244,0.302078
30245,0.036163
30246,-0.250271
30247,0.595823
30248,0.691717
30249,-0.342809
30250,-0.135334
30251,-0.930997
30252,0.160499
30253,1.579775
30254,0.240254
30255,1.767733
30256,0.962309
30257,0.770600
30258,0.609457
30259,-1.010852
30260,0.535852
30261,0.348604
30262,-1.555139
30263,-0.314065
30264,1.378549
30265,-0.251928
30266,0.936509
30267,1.191251
30268,1.100986
30269,-0.892794
30270,-0.033912
30271,-1.184658
30272,-1.642280
30273,0.208912
30274,1.089827
30275,0.408550
30276,1.093192
30277,1.345433
30278,2.688898
30279,0.689999
30280,-0.536688
30281,-0.577008
30282,-1.149398
30283,-0.376968
30284,-0.453285
30285,-0.673206
30286,0.303789
30287,-0.317652
30288,-1.322268
30289,-1.417867
30290,1.851248
30291,0.541447
30292,-0.147458
30293,-0.607049
30294,0.142167
30295,0.378738
30296,2.301855
30297,1.544824
30298,0.726916
30299,0.788721
30300,-0.700253
30301,1.902290
30302,0.352091
30303,-0.075301
30304,-0.159681
30305,0.049655
30306,0.756398
30307,1.798708
30308,0.595957
30309,1.471142
30310,-0.150603
30311,1.830756
30312,1.243644
30313,0.058150
30314,-0.123077
30315,-2.463188
30316,-1.692611
30317,-1.521341
30318,-0.171069
30319,1.441950
30320,1.824612
30321,0.132865
30322,0.302433
30323,-2.286266
30324,-1.582847
30325,-1.018492
30326,0.293979
30327,1.794245
30328,0.363945
30329,1.472947
30330,-0.307782
30331,0.916543
30332,0.400167
30333,0.560304
30334,-1.287390
30335,0.486322
30336,-1.481429
30337,0.852452
30338,1.288388
30339,1.750826
30340,1.620788
30341,1.359057
30342,-0.901170
30343,0.398286
30344,0.098243
30345,-0.512003
30346,1.392525
30347,0.289589
30348,-0.566975
30349,0.322669
30350,0.569002
30351,0.249764
30352,-1.408852
30353,-1.537373
30354,-1.685708
30355,0.639983
30356,0.653329
30357,1.206951
30358,-1.378725
30359,-0.161555
30360,0.954411
30361,1.430430
30362,-0.653461
30363,-1.095336
30364,1.155093
30365,-0.309944
30366,0.362334
30367,0.021602
30368,-1.795365
30369,-0.017266
30370,1.975268
30371,0.641176
30372,-2.075208
30373,-0.996903
30374,-0.265893
30375,-0.057233
30376,-1.504736
30377,1.136763
30378,1.549710
30379,-0.109547
30380,0.805494
30381,0.738351
30382,0.401074
30383,-1.410629
30384,0.003293
30385,1.667032
30386,1.019202
30387,-2.320594
30388,-0.599273
30389,-1.288739
30390,-0.038395
30391,0.771900
30392,0.805599
30393,0.725562
30394,1.903787
30395,0.977148
30396,0.154382
30397,0.963099
30398,1.279987
30399,2.225738
30400,2.814340
30401,-0.273721
30402,-0.148416
30403,0.532788
30404,1.103633
30405,-0.347703
30406,0.596511
30407,2.270169
30408,0.071254
30409,-0.869154
30410,0.015979
30411,0.609422
30412,-0.742230
30413,-0.764973
30414,0.772210
30415,-0.063021
30416,-0.170419
30417,0.031515
30418,-1.336493
30419,2.451470
30420,0.705433
30421,-0.722026
30422,-0.309868
30423,-0.196268
30424,-0.237079
30425,-0.897863
30426,-0.777838
30427,0.699030
30428,0.416589
30429,1.544142
30430,1.384642
30431,0.469096
30432,0.775226
30433,0.413186
30434,-0.148207
30435,0.393215
30436,-1.414973
30437,-0.791793
30438,-1.017180
30439,-0.425730
30440,-1.102467
30441,-0.456861
30442,-0.699387
30443,-0.417209
30444,-0.540497
30445,-0.899616
30446,0.442932
30447,-1.825744
30448,-1.416230
30449,0.507457
30450,-0.312515
30451,-1.430759
30452,-2.096572
30453,-1.745150
30454,-0.874989
30455,1.422942
30456,-0.543791
30457,-1.894323
30458,-2.010799
30459,-0.189671
30460,0.324505
30461,0.305593
30462,-0.132197
30463,-0.058273
30464,1.684655
30465,-0.404064
30466,-0.209429
30467,-1.074400
30468,-0.081060
30469,0.861795
30470,0.654801
30471,-0.388924
30472,0.465698
30473,-1.821547
30474,-2.845609
30475,-0.232746
30476,-0.798493
30477,2.072211
30478,0.398946
30479,-0.069119
30480,-0.021596
30481,-1.073159
30482,-1.289214
30483,0.979840
30484,2.340079
30485,0.394827
30486,1.262391
30487,-0.019719
30488,0.792755
30489,0.138858
30490,-0.104447
30491,-1.962696
30492,0.028934
30493,1.218937
30494,1.452791
30495,-1.779861
30496,-0.215780
30497,2.191932
30498,1.325086
30499,1.708083
30500,-0.499389
30501,-1.311461
30502,-0.617798
30503,-0.040737
30504,1.067338
30505,0.343441
30506,0.243055
30507,0.322948
30508,-0.797870
30509,-1.720313
30510,0.334601
30511,0.391831
30512,-0.973882
30513,-0.858940
30514,-0.093743
30515,-0.608693
30516,0.731866
30517,-0.387185
30518,-1.285340
30519,0.731207
30520,-0.710989
30521,-0.773099
30522,-1.548566
30523,-0.258547
30524,-0.224857
30525,1.940894
30526,-0.126529
30527,0.123496
30528,1.019952
30529,0.841546
30530,-0.604179
30531,-0.103913
30532,-0.112943
30533,0.013538
30534,-1.493938
30535,-1.680539
30536,-1.359070
30537,0.314782
30538,-0.153981
30539,0.059997
30540,0.282824
30541,2.135542
30542,0.930297
30543,0.225356
30544,-0.094203
30545,-1.749713
30546,0.950684
30547,-0.153430
30548,-0.466613
30549,0.083004
30550,1.388892
30551,-0.661809
30552,-0.404950
30553,-1.886292
30554,0.761529
30555,1.210876
30556,0.571611
30557,-0.647819
30558,-0.150646
30559,-0.369993
30560,-0.402144
30561,-1.081164
30562,-0.022886
30563,-0.103494
30564,1.298709
30565,-1.542034
30566,-0.343835
30567,-1.795839
30568,-0.351113
30569,1.672572
30570,0.995305
30571,0.420627
30572,-1.016879
30573,0.009709
30574,-0.069291
30575,-0.059845
30576,0.419327
30577,1.434582
30578,-1.127671
30579,-0.198886
30580,0.160742
30581,-0.163441
30582,0.445136
30583,1.392641
30584,0.401335
30585,0.776622
30586,0.722322
30587,0.839138
30588,-0.006927
30589,-2.197418
30590,0.283173
30591,1.117925
30592,-1.491043
30593,0.922622
30594,-0.782816
30595,0.251547
30596,0.048415
30597,-0.972075
30598,-0.224151
30599,1.208942
30600,-0.248728
30601,-0.060340
30602,0.369692
30603,0.437431
30604,0.062224
30605,-1.106965
30606,-0.817724
30607,-0.320663
30608,-1.241214
30609,0.227405
30610,0.274565
30611,1.809647
30612,1.444928
30613,0.811842
30614,0.565519
30615,1.317728
30616,0.134509
30617,-0.395718
30618,1.304782
30619,0.648263
30620,1.075400
30621,-0.476696
30622,0.983712
30623,-0.762251
30624,2.002931
30625,0.555438
30626,-0.416411
30627,-1.590410
30628,-1.094592
30629,0.518762
30630,0.634533
30631,0.056056
30632,0.549042
30633,-1.585795
30634,0.644047
30635,3.163219
30636,1.053532
30637,-1.448220
30638,1.451499
30639,-2.653246
30640,-1.316216
30641,-0.369900
30642,0.419392
30643,2.657035
30644,2.573612
30645,-1.041076
30646,0.254416
30647,0.541102
30648,0.656141
30649,2.145060
30650,0.857530
30651,-0.971685
30652,-0.105946
30653,1.598596
30654,-0.051184
30655,0.122042
30656,-1.300998
30657,-0.996806
30658,0.459239
30659,-0.925447
30660,1.269342
30661,1.395611
30662,0.384976
30663,0.451317
30664,0.191100
30665,0.229828
30666,-1.798400
30667,-1.403302
30668,-0.587952
30669,0.084918
30670,0.038874
30671,-1.906029
30672,-0.292517
30673,0.054289
30674,-1.636597
30675,-0.507719
30676,0.135009
30677,0.141888
30678,-0.286760
30679,-1.592108
30680,-1.056672
30681,-0.429891
30682,0.646458
30683,0.582016
30684,-0.668356
30685,1.394075
30686,-0.906176
30687,0.746579
30688,1.999113
30689,1.762483
30690,-0.745759
30691,-0.584510
30692,-0.437498
30693,-1.716396
30694,-1.958840
30695,-0.724216
30696,1.274106
30697,-0.300642
30698,0.493716
30699,1.566231
30700,-1.212083
30701,0.169349
30702,-0.129811
30703,-0.551854
30704,-0.259835
30705,-1.415092
30706,-0.949884
30707,0.277385
30708,0.814076
30709,-0.048366
30710,-0.318997
30711,1.120604
30712,0.650744
30713,0.465036
30714,0.791544
30715,-1.271229
30716,-2.116585
30717,-0.871122
30718,-1.344172
30719,-2.118073
30720,0.161506
30721,-0.491662
30722,0.035373
30723,-0.730527
30724,0.304822
30725,1.086451
30726,0.995492
30727,-1.314070
30728,-1.275808
30729,0.098289
30730,0.267823
30731,1.035702
30732,0.768880
30733,0.887946
30734,-1.288087
30735,-0.732649
30736,1.262305
30737,0.910429
30738,1.304870
30739,0.349106
30740,0.372477
30741,0.158565
30742,-0.965229
30743,-1.195691
30744,1.088397
30745,-0.525171
30746,-0.512324
30747,-0.027593
30748,-1.392141
30749,-0.180492
30750,0.079530
30751,-0.037072
30752,-1.576889
30753,0.296027
30754,0.552698
30755,0.310844
30756,-0.669877
30757,-0.514859
30758,-0.277704
30759,0.825012
30760,0.688111
30761,-0.633187
30762,0.550810
30763,-0.218072
30764,0.079461
30765,-1.381315
30766,-0.705031
30767,0.299386
30768,-0.331527
30769,0.618051
30770,0.394936
30771,0.566525
30772,0.209376
30773,-0.969499
30774,1.326362
30775,-1.081086
30776,-0.864766
30777,-0.622678
30778,-0.278930
30779,-0.646226
30780,-1.612928
30781,-1.183121
30782,0.331388
30783,1.267124
30784,0.114682
30785,0.717548
30786,-1.509638
30787,-0.088533
30788,1.395132
30789,0.456276
30790,0.988152
30791,0.814698
30792,1.265838
30793,0.039126
30794,1.768795
30795,-0.066120
30796,-0.462379
30797,-0.208082
30798,-0.187670
30799,0.515757
30800,-1.074641
30801,0.107919
30802,-1.283432
30803,-1.435278
30804,-0.997882
30805,-0.886503
30806,0.062194
30807,-0.736303
30808,0.170639
30809,-0.234512
30810,-0.295632
30811,1.528028
30812,-0.487235
30813,-1.061361
30814,0.437480
30815,-0.126452
30816,0.045632
30817,0.147758
30818,0.942021
30819,0.522010
30820,-0.447632
30821,0.667908
30822,-0.000263
30823,0.121455
30824,-0.199630
30825,1.290997
30826,0.591809
30827,-0.897069
30828,0.278657
30829,0.242985
30830,-0.931129
30831,1.337208
30832,-0.438511
30833,0.034605
30834,0.801679
30835,-0.104830
30836,0.209972
30837,-0.847262
30838,-1.231326
30839,0.232063
30840,2.151975
30841,0.979293
30842,1.204144
30843,-0.694460
30844,-1.592724
30845,-1.116652
30846,-2.203002
30847,0.452516
30848,1.812350
30849,0.293505
30850,0.131704
30851,-0.707352
30852,-1.751383
30853,-2.549458
30854,-1.971955
30855,-0.053475
30856,-0.211085
30857,0.885330
30858,0.784658
30859,0.501085
30860,1.298216
30861,-1.018075
30862,0.171792
30863,0.720765
30864,-0.487080
30865,0.139262
30866,-0.859854
30867,1.386171
30868,-0.996509
30869,-0.236016
30870,-1.012333
30871,-0.347344
30872,0.400469
30873,0.671345
30874,1.980500
30875,0.442456
30876,-0.057573
30877,0.985134
30878,0.039348
30879,0.360106
30880,0.455555
30881,1.100512
30882,0.383557
30883,1.007377
30884,-1.159628
30885,-0.885694
30886,0.961858
30887,0.650312
30888,0.181989
30889,-1.209319
30890,111.140971
30891,141.918813
30892,149.909047
30893,147.400140
30894,145.118197
30895,143.386172
30896,146.842926
30897,148.798295
30898,149.710526
30899,147.217915
30900,146.885338
30901,148.387372
30902,149.886834
30903,146.781758
30904,147.543673
30905,144.872223
30906,145.304555
30907,146.624145
30908,143.713021
30909,142.551616
30910,142.865417
30911,145.177914
30912,143.529817
30913,145.557537
30914,144.626950
30915,147.122659
30916,146.503360
30917,142.878149
30918,143.285655
30919,144.837167
30920,142.068418
30921,143.424628
30922,143.676001
30923,149.485822
30924,142.451349
30925,145.893871
30926,147.817650
30927,146.383536
30928,144.963688
30929,144.791729
30930,145.004670
30931,141.920304
30932,141.937403
30933,144.211744
30934,144.680476
30935,144.416237
30936,145.856671
30937,148.186563
30938,144.461230
30939,146.306756
30940,141.317860
30941,147.852334
30942,145.366833
30943,145.026788
30944,147.622003
30945,146.700512
30946,145.188682
30947,145.860034
30948,147.348003
30949,146.160664
30950,146.122489
30951,142.786687
30952,142.592502
30953,147.581539
30954,145.290275
30955,148.387130
30956,145.117469
30957,149.153503
30958,145.924321
30959,148.291298
30960,144.431748
30961,147.436991
30962,144.927891
30963,144.995766
30964,146.083629
30965,144.844037
30966,142.348457
30967,144.161580
30968,146.204890
30969,148.352735
30970,142.948246
30971,146.619932
30972,145.325367
30973,146.021938
30974,147.923735
30975,147.754522
30976,145.654881
30977,146.782183
30978,144.051353
30979,143.844227
30980,146.647845
30981,147.263957
30982,148.889413
30983,141.602710
30984,145.936484
30985,147.519314
30986,145.090656
30987,142.549544
30988,145.453297
30989,147.723878
30990,145.338744
30991,146.985796
30992,147.662050
30993,147.239161
30994,145.071833
30995,145.348696
30996,147.428407
30997,144.874562
30998,143.235881
30999,143.400541
31000,144.590214
31001,144.182589
31002,145.238749
31003,147.891377
31004,145.179371
31005,144.423670
31006,146.791534
31007,144.565002
31008,146.681918
31009,148.613054
31010,146.188392
31011,142.150415
31012,144.403031
31013,147.353696
31014,144.063865
31015,144.739076
31016,149.030287
31017,145.350807
31018,145.384195
31019,145.045503
31020,145.140297
31021,146.713263
31022,147.996385
31023,144.291392
31024,145.938957
31025,145.306637
31026,143.934543
31027,145.240970
31028,147.306813
31029,145.534212
31030,145.398289
31031,145.996242
31032,145.580431
31033,147.765180
31034,144.166933
31035,147.945029
31036,149.777080
31037,145.794050
31038,146.390988
31039,145.677524
31040,139.774867
31041,141.299371
31042,146.221904
31043,148.277176
31044,147.879058
31045,146.913286
31046,146.023203
31047,146.857718
31048,146.493123
31049,146.051235
31050,145.454089
31051,144.724993
31052,145.872639
31053,147.856990
31054,146.302581
31055,146.364637
31056,145.787192
31057,145.135280
31058,148.388972
31059,147.792553
31060,143.408384
31061,142.308533
31062,143.614852
31063,143.849791
31064,146.284188
31065,144.649065
31066,148.636778
31067,145.021050
31068,147.156455
31069,148.984295
31070,142.474911
31071,142.051524
31072,142.141443
31073,144.199926
31074,144.477383
31075,142.460855
31076,144.462526
31077,146.511464
31078,143.839760
31079,144.976938
31080,144.148023
31081,145.025780
31082,145.530356
31083,147.602924
31084,147.057496
31085,147.764224
31086,146.153454
31087,147.463966
31088,148.860250
31089,148.435888
31090,145.744918
31091,141.792848
31092,142.004145
31093,144.814615
31094,145.533510
31095,144.442133
31096,145.419820
31097,147.114054
31098,147.102419
31099,150.415999
31100,147.283046
31101,151.951176
31102,144.351133
31103,144.695851
31104,146.960785
31105,143.721425
31106,141.954947
31107,144.907084
31108,144.916206
31109,143.931341
31110,36.727691
31111,8.141773
31112,2.177920
31113,0.175422
31114,-0.345225
31115,1.130469
31116,0.547767
31117,0.423399
31118,-1.388929
31119,-1.046644
31120,-0.078950
31121,-1.084943
31122,1.534520
31123,0.085662
31124,-3.164028
31125,-1.712899
31126,-1.810975
31127,-0.594733
31128,0.869979
31129,-0.897308
31130,0.004943
31131,0.734088
31132,-0.391774
31133,0.899200
31134,0.019078
31135,-1.652539
31136,-2.039249
31137,-0.851422
31138,-0.715478
31139,-0.903963
31140,-1.905707
31141,0.002936
31142,0.005542
31143,-1.923151
31144,-0.438925
31145,-1.330289
31146,-0.135879
31147,-0.818137
31148,0.411023
31149,0.340503
31150,-1.610824
31151,0.103977
31152,0.778545
31153,0.276923
31154,-0.240992
31155,0.915536
31156,-0.288073
31157,-1.313527
31158,0.812352
31159,0.672164
31160,1.449257
31161,0.973480
31162,-0.655983
31163,-0.849782
31164,0.183292
31165,2.056435
31166,1.309720
31167,-0.507641
31168,-0.968790
31169,0.778150
31170,0.788978
31171,1.934065
31172,1.146612
31173,-0.947469
31174,-1.024509
31175,-3.352517
31176,-0.734619
31177,-0.299830
31178,-0.903435
31179,0.370949
31180,0.084742
31181,0.842268
31182,-0.745809
31183,1.333960
31184,-2.123971
31185,-2.080910
31186,0.015968
31187,-1.103885
31188,0.143581
31189,-1.585163
31190,-2.029430
31191,-0.368470
31192,0.688753
31193,1.447715
31194,-1.618223
31195,-1.053141
31196,0.066158
31197,1.992621
31198,0.973812
31199,-1.521026
31200,-1.838919
31201,0.221450
31202,0.197127
31203,0.176496
31204,-0.635751
31205,0.342058
31206,-0.909004
31207,0.086846
31208,0.465917
31209,-0.270179
31210,-0.682771
31211,0.321236
31212,1.127571
31213,1.439092
31214,-1.278692
31215,0.610565
31216,0.614158
31217,1.045271
31218,1.252798
31219,0.428882
31220,-0.460320
31221,-0.235543
31222,0.832793
31223,1.063583
31224,1.974904
31225,0.845957
31226,-0.753774
31227,-0.201682
31228,0.211857
31229,-1.362827
31230,-0.641991
31231,-0.025504
31232,-0.364542
31233,-1.095303
31234,0.104895
31235,1.308533
31236,0.042363
31237,0.889789
31238,-1.457086
31239,0.491679
31240,-0.674479
31241,-0.547296
31242,-0.537290
31243,-0.714679
31244,0.575841
31245,0.038199
31246,0.360586
31247,-0.193385
31248,-0.521865
31249,-0.947741
31250,0.565369
31251,-0.460206
31252,-0.591511
31253,1.300675
31254,0.700180
31255,-0.498680
31256,-0.190088
31257,-0.265006
31258,-1.046988
31259,-1.519257
31260,0.111452
31261,1.252502
31262,0.416898
31263,-0.481036
31264,-0.872140
31265,-2.168170
31266,0.226044
31267,0.317132
31268,1.270884
31269,1.288074
31270,-1.095921
31271,0.254194
31272,-0.479979
31273,-1.844089
31274,-0.877620
31275,0.161635
31276,-0.766510
31277,0.937465
31278,-0.188740
31279,0.224148
31280,-0.474610
31281,-0.045060
31282,0.664475
31283,0.457424
31284,0.190427
31285,1.333963
31286,1.458862
31287,0.923779
31288,1.401533
31289,0.851926
31290,-1.310088
31291,-1.715930
31292,0.347070
31293,-0.280734
31294,0.751061
31295,1.768200
31296,0.717008
31297,0.425027
31298,0.054531
31299,-1.172276
31300,-2.024458
31301,0.840600
31302,0.609845
31303,-0.981245
31304,-0.211075
31305,-0.122446
31306,0.915020
31307,0.940155
31308,-0.467882
31309,-2.234110
31310,-1.789321
31311,-0.929067
31312,0.107837
31313,-0.559795
31314,-1.239333
31315,-1.304167
31316,-0.772549
31317,0.226839
31318,-0.905291
31319,-0.321079
31320,-1.529036
31321,-0.245102
31322,-0.382955
31323,0.272077
31324,0.532151
31325,0.567702
31326,-0.433243
31327,-1.827938
31328,-1.284732
31329,-0.334486
31330,-1.160953
31331,-0.847565
31332,0.141228
31333,0.168895
31334,-1.922904
31335,-0.845408
31336,-0.478852
31337,0.434937
31338,-0.801386
31339,1.381490
31340,1.109510
31341,-1.015665
31342,-1.092429
31343,-1.108546
31344,-0.713591
31345,-0.717067
31346,0.698457
31347,0.285182
31348,2.142909
31349,0.826005
31350,-0.750260
31351,-1.695246
31352,-1.506810
31353,-1.014692
31354,0.882654
31355,1.026956
31356,0.271000
31357,-0.046153
31358,-0.442202
31359,-1.516915
31360,0.603187
31361,-0.183247
31362,0.857593
31363,1.111897
31364,-0.946519
31365,0.470403
31366,1.021211
31367,0.028579
31368,0.028010
31369,-0.838051
31370,1.155353
31371,-0.944486
31372,-2.894256
31373,-0.735412
31374,-0.592415
31375,-0.329695
31376,0.509116
31377,1.010043
31378,-1.360759
31379,-0.931284
31380,1.490559
31381,-0.277972
31382,0.399447
31383,1.475737
31384,0.223024
31385,-2.411214
31386,0.097406
31387,1.830444
31388,-0.493628
31389,0.044001
31390,-1.153689
31391,-0.619383
31392,1.785895
31393,-0.255434
31394,-0.600391
31395,-1.768324
31396,2.119084
31397,0.374842
31398,0.645248
31399,-0.207933
31400,0.361662
31401,1.081781
31402,0.936361
31403,0.411331
31404,2.032286
31405,2.055964
31406,2.591196
31407,2.130242
31408,-1.234926
31409,0.985757
31410,0.837589
31411,2.381052
31412,-0.673701
31413,-0.795245
31414,0.612650
31415,0.461398
31416,0.591818
31417,1.610383
31418,2.103120
31419,-0.065523
31420,-0.281249
31421,0.083889
31422,0.806027
31423,0.742640
31424,2.823540
31425,0.416469
31426,-0.195272
31427,-1.941325
31428,-0.139347
31429,-0.048769
31430,-0.583510
31431,-0.061873
31432,0.102623
31433,-0.227376
31434,1.707308
31435,-0.368195
31436,0.246094
31437,0.489619
31438,0.078271
31439,-1.203012
31440,2.665295
31441,0.766703
31442,1.742958
31443,0.479066
31444,-0.812724
31445,0.695917
31446,-0.009943
31447,-0.823307
31448,0.131508
31449,-0.782228
31450,0.131458
31451,0.597561
31452,1.109387
31453,0.152769
31454,-0.210926
31455,-1.030106
31456,-0.532057
31457,0.381349
31458,-1.257551
31459,-0.086837
31460,1.299564
31461,0.584676
31462,-2.098152
31463,-0.187115
31464,0.629604
31465,0.658844
31466,0.695913
31467,-0.207489
31468,1.118478
31469,2.210344
31470,1.480793
31471,3.099513
31472,-0.068307
31473,1.351458
31474,-0.835845
31475,-0.826949
31476,0.325597
31477,-2.106646
31478,-1.005019
31479,-1.320976
31480,-1.879882
31481,-1.615633
31482,-0.740232
31483,-1.310956
31484,-2.373207
31485,-1.898325
31486,0.834712
31487,0.073279
31488,0.021374
31489,1.050078
31490,-0.522009
31491,-0.887157
31492,-1.145685
31493,-0.011807
31494,1.489861
31495,-0.684756
31496,0.504780
31497,2.727298
31498,1.775853
31499,1.966912
31500,-0.133494
31501,-1.912604
31502,-0.825133
31503,0.406359
31504,-1.085691
31505,-0.015200
31506,1.534510
31507,0.959123
31508,1.407142
31509,0.048029
31510,0.902056
31511,0.322864
31512,0.565615
31513,-0.066632
31514,1.139385
31515,0.706408
31516,1.168131
31517,0.130317
31518,0.092818
31519,1.437905
31520,0.831403
31521,2.382456
31522,1.479477
31523,-0.486242
31524,0.584092
31525,0.020337
31526,0.784846
31527,1.675825
31528,1.158571
31529,-0.463538
31530,-1.232516
31531,0.157529
31532,-0.713615
31533,-2.483192
31534,-0.963275
31535,0.957636
31536,-0.030586
31537,-0.075398
31538,0.343573
31539,0.568456
31540,-0.406233
31541,-0.455055
31542,1.159154
31543,0.939870
31544,1.141642
31545,1.717426
31546,-0.228279
31547,0.768226
31548,-0.456452
31549,0.550145
31550,1.569660
31551,1.071135
31552,-0.751874
31553,0.344532
31554,0.323004
31555,-0.741484
31556,0.055730
31557,-1.036052
31558,-0.396207
31559,0.147838
31560,0.216509
31561,0.615576
31562,-0.193569
31563,-0.374911
31564,-1.108455
31565,0.769531
31566,0.022154
31567,-0.093053
31568,-0.311211
31569,-1.500570
31570,0.127172
31571,-0.085745
31572,0.575468
31573,-0.201116
31574,-0.504521
31575,1.520141
31576,0.010514
31577,1.608936
31578,1.472043
31579,-0.421960
31580,1.114505
31581,0.746086
31582,0.448406
31583,0.656715
31584,-0.255354
31585,1.256573
31586,-0.117131
31587,0.153473
31588,0.291615
31589,0.806597
31590,0.600594
31591,-0.434001
31592,0.288084
31593,-1.175179
31594,-0.505482
31595,0.652249
31596,0.891454
31597,0.072369
31598,-0.244555
31599,2.501393
31600,2.378881
31601,0.589509
31602,1.800224
31603,-1.485951
31604,-1.041683
31605,-0.375505
31606,-0.504260
31607,0.643763
31608,0.010231
31609,0.434735
31610,2.086265
31611,0.480755
31612,-0.637172
31613,1.985627
31614,-0.547086
31615,-1.445900
31616,0.543662
31617,-0.832553
31618,-0.370670
31619,-1.952191
31620,-2.099943
31621,-2.266297
31622,-1.815481
31623,-0.428215
31624,-1.366387
31625,-0.396346
31626,-1.172270
31627,-0.487936
31628,0.624399
31629,0.257239
31630,0.253271
31631,-0.227225
31632,1.166922
31633,0.289068
31634,0.603260
31635,1.348380
31636,0.660253
31637,1.560435
31638,2.445534
31639,-0.339279
31640,0.148572
31641,-0.266738
31642,1.534719
31643,1.988297
31644,0.911340
31645,0.233751
31646,-0.249159
31647,-0.418969
31648,-0.195036
31649,2.424882
31650,1.041635
31651,0.439978
31652,0.457067
31653,-0.536025
31654,-0.982577
31655,-0.020733
31656,1.490619
31657,1.382347
31658,0.477179
31659,0.488776
31660,-0.906375
31661,-0.721567
31662,-1.230991
31663,-1.587539
31664,0.385832
31665,0.270019
31666,0.248664
31667,1.479794
31668,0.218239
31669,-1.871175
31670,-0.767789
31671,0.131232
31672,0.274810
31673,-0.486076
31674,-1.598264
31675,-1.647712
31676,0.223500
31677,1.683414
31678,2.487791
31679,0.209400
31680,-1.290350
31681,-1.307726
31682,-1.215948
31683,-0.183935
31684,0.586496
31685,0.466057
31686,1.510373
31687,0.327983
31688,0.612172
31689,-0.265424
31690,1.257299
31691,0.137024
31692,2.339403
31693,0.286528
31694,-0.735827
31695,-0.748639
31696,-0.139334
31697,-0.662522
31698,-0.632051
31699,-1.391881
31700,-0.235767
31701,1.727720
31702,1.353839
31703,0.378979
31704,0.149377
31705,-1.819427
31706,0.566137
31707,-0.676706
31708,0.865747
31709,-0.560680
31710,-1.668316
31711,-0.966792
31712,1.018399
31713,0.037359
31714,1.321470
31715,-0.068050
31716,0.224937
31717,0.356683
31718,-1.698853
31719,-0.117482
31720,0.004913
31721,-0.021737
31722,0.264355
31723,0.612949
31724,1.141405
31725,0.487060
31726,1.194239
31727,-1.617402
31728,-1.908178
31729,0.509509
31730,0.058450
31731,0.812939
31732,0.335432
31733,0.570014
31734,-1.398137
31735,-1.020247
31736,0.826074
31737,0.648076
31738,-1.136877
31739,0.556303
31740,0.120595
31741,-0.362221
31742,0.646231
31743,0.726453
31744,-0.368059
31745,-0.255616
31746,0.897473
31747,0.290962
31748,0.677451
31749,0.676421
31750,0.056866
31751,0.143603
31752,1.342878
31753,1.076869
31754,1.508130
31755,-0.523626
31756,-0.948745
31757,-2.566700
31758,0.387675
31759,1.364670
31760,-0.996425
31761,-0.682679
31762,0.675455
31763,0.128118
31764,0.323243
31765,-0.939854
31766,-0.415384
31767,-0.684864
31768,-0.478941
31769,0.062378
31770,0.192080
31771,-2.223133
31772,0.853634
31773,2.174917
31774,-1.778870
31775,0.930717
31776,1.375839
31777,1.291829
31778,0.674173
31779,1.830844
31780,2.253770
31781,2.366059
31782,-0.669480
31783,-0.233940
31784,-0.867359
31785,0.670470
31786,-0.096665
31787,-1.036819
31788,-0.043467
31789,-0.825616
31790,0.068620
31791,-0.582806
31792,-0.918627
31793,-1.129288
31794,-1.340590
31795,0.721261
31796,-2.706287
31797,-0.190394
31798,-0.493153
31799,0.379703
31800,0.113108
31801,0.474566
31802,0.281634
31803,0.106092
31804,-1.424824
31805,-0.248140
31806,-0.483252
31807,0.276084
31808,-0.568389
31809,-1.056363
31810,-0.230962
31811,0.357590
31812,-1.473219
31813,0.983218
31814,0.740218
31815,-1.134480
31816,-0.486340
31817,-1.040784
31818,1.307681
31819,1.453597
31820,-0.362603
31821,1.333629
31822,2.258450
31823,0.044497
31824,0.938217
31825,0.993789
31826,0.997429
31827,0.564358
31828,-1.672884
31829,0.334053
31830,0.085813
31831,0.401154
31832,-1.994508
31833,0.162498
31834,1.125150
31835,0.444999
31836,-0.669797
31837,0.454621
31838,0.532154
31839,0.121239
31840,0.382948
31841,0.638123
31842,1.688662
31843,0.835253
31844,1.004735
31845,-0.345866
31846,-0.185395
31847,0.714475
31848,-2.533551
31849,0.047029
31850,-0.212238
31851,0.098320
31852,-0.237052
31853,-0.122890
31854,1.127797
31855,-0.307772
31856,0.272228
31857,0.233532
31858,-0.065658
31859,-1.700537
31860,-0.132947
31861,-0.642772
31862,0.744975
31863,0.333964
31864,1.902489
31865,0.175819
31866,-1.518965
31867,-0.306968
31868,-1.401129
31869,-0.865561
31870,-0.933034
31871,0.594164
31872,0.943508
31873,0.533524
31874,1.396926
31875,-1.005859
31876,-0.791254
31877,-2.308854
31878,-0.031938
31879,-0.176441
31880,0.438547
31881,-0.268284
31882,1.933275
31883,-0.878588
31884,0.460424
31885,-1.300394
31886,-0.305334
31887,0.382589
31888,0.098499
31889,0.368168
31890,-1.719154
31891,-1.221635
31892,-1.686509
31893,-0.365489
31894,1.236812
31895,-0.186593
31896,-1.500210
31897,-0.392561
31898,0.341348
31899,-0.580353
31900,0.515274
31901,-1.623335
31902,-1.186466
31903,-0.690412
31904,-0.633793
31905,-1.245473
31906,1.076427
31907,-1.559410
31908,-0.239177
31909,-0.739422
31910,0.478334
31911,-1.038644
31912,0.757146
31913,-0.061756
31914,-0.635352
31915,-1.030859
31916,0.313508
31917,0.005623
31918,-0.125131
31919,-0.425263
31920,-0.261378
31921,-1.087374
31922,0.299990
31923,-0.257242
31924,-0.311234
31925,-0.433087
31926,-1.963661
31927,-0.375958
31928,0.811375
31929,-1.487662
31930,-1.871544
31931,1.619103
31932,1.064151
31933,1.827068
31934,-1.029292
31935,-0.092149
31936,1.201257
31937,0.595355
31938,-0.445645
31939,-1.106584
31940,0.020692
31941,1.291015
31942,2.066869
31943,1.810428
31944,0.988979
31945,0.230338
31946,0.489551
31947,-0.502454
31948,1.252221
31949,1.935810
31950,0.022070
31951,0.961710
31952,-0.897244
31953,-0.066501
31954,1.566437
31955,1.843417
31956,2.203978
31957,-0.083395
31958,0.071286
31959,-1.334094
31960,-0.984895
31961,0.290549
31962,-0.731695
31963,1.837450
31964,-0.569460
31965,-1.726485
31966,-1.943180
31967,-0.405675
31968,-0.976778
31969,-1.050161
31970,-1.612860
31971,-1.076471
31972,-1.054812
31973,-1.417368
31974,1.926228
31975,-1.978701
31976,-1.142714
31977,-0.557515
31978,0.681376
31979,1.309334
31980,2.007796
31981,1.432307
31982,1.751753
31983,0.943687
31984,-0.866647
31985,1.155005
31986,1.573664
31987,1.083890
31988,-0.846562
31989,0.694027
31990,0.687478
31991,0.681949
31992,0.117120
31993,0.036339
31994,-0.129958
31995,-0.453948
31996,-1.205695
31997,1.011027
31998,2.780875
31999,0.640381
32000,0.924624
32001,-1.100519
32002,-0.358673
32003,0.287286
32004,-0.318521
32005,1.447317
32006,-0.148862
32007,-0.790182
32008,0.224354
32009,-1.068929
32010,1.422699
32011,-0.170673
32012,-1.669038
32013,-1.305401
32014,-1.131759
32015,-0.265411
32016,-0.088879
32017,-0.205101
32018,-0.035727
32019,0.769220
32020,0.654174
32021,0.632220
32022,1.814901
32023,0.946901
32024,0.639091
32025,-0.152344
32026,1.052061
32027,0.194583
32028,1.090557
32029,-0.515926
32030,-0.753617
32031,-1.051903
32032,-0.769425
32033,-1.666260
32034,-0.223968
32035,0.433354
32036,1.171727
32037,-2.074820
32038,-1.146547
32039,-1.016111
32040,-0.047178
32041,0.022458
32042,-1.188692
32043,-1.344109
32044,0.966554
32045,0.038425
32046,-0.773270
32047,1.247747
32048,2.147887
32049,0.377474
32050,-0.395516
32051,-0.419593
32052,1.092621
32053,1.364671
32054,0.331155
32055,1.006582
32056,0.839061
32057,0.043749
32058,0.575352
32059,-0.402634
32060,-0.718226
32061,-1.846494
32062,-0.587984
32063,-0.714347
32064,0.279360
32065,-0.485260
32066,-1.560939
32067,-0.560347
32068,-1.655148
32069,-0.896626
32070,-0.203796
32071,2.057903
32072,0.358858
32073,-1.792483
32074,-0.809847
32075,-0.581800
32076,1.124584
32077,-0.259659
32078,-0.839061
32079,-0.530726
32080,-0.743462
32081,-0.603608
32082,-2.370278
32083,-0.443365
32084,1.214830
32085,0.388540
32086,-0.802834
32087,0.349313
32088,0.318321
32089,0.528492
32090,-0.574129
32091,-0.150255
32092,0.231804
32093,-1.035305
32094,0.640149
32095,-0.401790
32096,-0.088775
32097,-2.108937
32098,-1.084476
32099,-2.046570
32100,-0.320817
32101,-1.148435
32102,-0.010993
32103,-1.222710
32104,1.298104
32105,-0.063748
32106,0.553738
32107,1.459323
32108,0.810677
32109,-2.951393
32110,-1.667557
32111,-0.913853
32112,-0.169292
32113,0.750383
32114,0.273025
32115,0.732237
32116,-0.016587
32117,1.150503
32118,1.182825
32119,0.909541
32120,2.494100
32121,-0.045862
32122,-0.275120
32123,0.926690
32124,-0.156738
32125,-1.431720
32126,1.784496
32127,0.556751
32128,1.055491
32129,-1.971715
32130,1.418202
32131,0.184635
32132,-0.219549
32133,-0.434264
32134,-0.027431
32135,0.022330
32136,0.390034
32137,-0.160918
32138,0.370684
32139,-1.077829
32140,1.318377
32141,1.730661
32142,-1.481170
32143,-0.141059
32144,1.738457
32145,-0.489591
32146,2.151361
32147,0.150847
32148,0.342565
32149,-0.126190
32150,0.232303
32151,-0.772341
32152,-0.405312
32153,-2.348158
32154,-0.598927
32155,-0.982173
32156,-0.152014
32157,0.849941
32158,0.679643
32159,-0.180592
32160,0.457630
32161,0.502739
32162,1.033139
32163,0.368284
32164,-0.243343
32165,0.878847
32166,1.450479
32167,-0.125787
32168,-0.810913
32169,-0.719260
32170,0.888723
32171,1.829340
32172,-0.298896
32173,0.543725
32174,1.215643
32175,-0.615941
32176,-1.843315
32177,-2.161162
32178,-1.215250
32179,-0.796833
32180,-0.989477
32181,0.065027
32182,1.968830
32183,1.012692
32184,1.606882
32185,-1.347239
32186,1.433091
32187,0.067501
32188,1.251572
32189,0.478391
32190,-0.889182
32191,-2.079354
32192,-1.242647
32193,-1.493436
32194,0.639412
32195,-0.311970
32196,-0.778425
32197,0.148381
32198,0.178583
32199,-1.354852
32200,-0.192392
32201,-0.183797
32202,-0.058887
32203,0.119229
32204,1.479514
32205,0.131711
32206,-0.248857
32207,-1.733666
32208,-3.383765
32209,0.565336
32210,-1.574297
32211,0.830359
32212,-0.512612
32213,1.089842
32214,-0.564136
32215,-0.987236
32216,0.797471
32217,1.638218
32218,-1.098306
32219,-0.019870
32220,1.996440
32221,0.419869
32222,0.199408
32223,1.245692
32224,-0.250518
32225,-0.115276
32226,0.336854
32227,-0.913824
32228,0.145907
32229,0.461154
32230,-0.687416
32231,1.198813
32232,0.464072
32233,0.164710
32234,-0.656229
32235,-0.864807
32236,2.532498
32237,3.283564
32238,1.203342
32239,-0.799905
32240,-1.333401
32241,-0.381308
32242,0.783507
32243,-0.097361
32244,0.172541
32245,-0.756584
32246,0.561065
32247,2.701059
32248,0.678359
32249,0.267449
32250,-1.143899
32251,-2.490044
32252,1.162628
32253,0.021499
32254,-0.180898
32255,0.404887
32256,-0.009973
32257,2.072792
32258,-0.646219
32259,-0.763313
32260,-1.233201
32261,0.758041
32262,1.097525
32263,-1.002270
32264,-0.270707
32265,-1.045984
32266,-2.108947
32267,-1.109173
32268,0.600524
32269,0.462041
32270,1.203914
32271,1.015489
32272,0.518033
32273,1.475983
32274,-1.597039
32275,0.264671
32276,-1.577991
32277,-0.511381
32278,0.745671
32279,-0.481434
32280,0.454826
32281,1.164182
32282,-0.094219
32283,0.002590
32284,0.271672
32285,-1.736213
32286,-0.137612
32287,-1.307191
32288,1.095667
32289,-0.045797
32290,0.445918
32291,-1.164551
32292,-0.466088
32293,-1.025132
32294,0.419275
32295,0.654917
32296,-0.187854
32297,-0.274410
32298,-1.153415
32299,-0.241588
32300,0.459093
32301,0.034331
32302,-1.282867
32303,-1.648384
32304,-0.035980
32305,0.269256
32306,-0.769413
32307,-0.835674
32308,-0.633526
32309,0.271623
32310,-1.073697
32311,-0.225849
32312,-1.573459
32313,-0.228469
32314,0.062956
32315,0.663384
32316,0.181769
32317,-0.001919
32318,-0.540891
32319,-0.489613
32320,1.187262
32321,-0.553134
32322,-1.819084
32323,1.085085
32324,0.131530
32325,0.272908
32326,0.528146
32327,0.110635
32328,-0.608409
32329,-0.181425
32330,-0.615298
32331,-1.466126
32332,0.858895
32333,-0.517761
32334,-0.465550
32335,-1.028310
32336,-1.149334
32337,-0.156087
32338,0.414351
32339,1.296365
32340,-0.493894
32341,-0.761212
32342,-2.171640
32343,0.981543
32344,-0.373444
32345,0.664424
32346,0.037261
32347,3.208641
32348,1.963952
32349,1.620703
32350,-0.372340
32351,-0.322158
32352,0.658875
32353,0.384100
32354,-1.446776
32355,-0.676166
32356,0.265827
32357,0.186486
32358,-0.601649
32359,-3.211706
32360,-1.866261
32361,-0.734428
32362,0.849578
32363,1.504576
32364,1.734638
32365,-0.818913
32366,-0.400384
32367,-1.835997
32368,-1.735132
32369,1.429587
32370,0.807214
32371,2.448969
32372,1.643172
32373,-1.494756
32374,-1.290720
32375,-0.518727
32376,1.167649
32377,1.044596
32378,-0.014196
32379,-0.567225
32380,-0.240937
32381,-1.065973
32382,-0.717110
32383,-0.762216
32384,0.245949
32385,-0.818517
32386,-1.542955
32387,-0.294718
32388,-1.657900
32389,-0.727745
32390,1.399988
32391,0.984968
32392,0.205459
32393,-1.320275
32394,-0.139002
32395,-0.196684
32396,0.172136
32397,0.661731
32398,0.558057
32399,-0.990171
32400,0.304156
32401,0.407749
32402,1.256112
32403,0.152104
32404,-0.211837
32405,0.383817
32406,-0.050779
32407,-2.459506
32408,-1.647741
32409,1.236266
32410,1.570133
32411,0.556333
32412,2.748782
32413,0.030479
32414,-1.596079
32415,-0.770697
32416,-1.110297
32417,-0.653570
32418,-0.105170
32419,0.819654
32420,-0.259644
32421,1.251868
32422,0.131060
32423,-0.180512
32424,2.474340
32425,-1.268745
32426,0.847986
32427,-0.274476
32428,-0.515061
32429,-0.758205
32430,0.005790
32431,-1.283384
32432,-0.278605
32433,0.793134
32434,0.086667
32435,0.119066
32436,-0.518827
32437,0.143063
32438,0.549301
32439,-0.753099
32440,0.208231
32441,-0.825607
32442,1.228261
32443,0.363225
32444,-0.210266
32445,-0.751549
32446,-0.616192
32447,-0.290847
32448,-0.287156
32449,-0.817063
32450,0.884549
32451,2.086306
32452,1.885779
32453,0.662190
32454,-1.230357
32455,-0.835472
32456,-1.323530
32457,-2.351606
32458,0.765402
32459,1.021259
32460,-0.326787
32461,-0.037207
32462,-0.681174
32463,-0.150539
32464,1.345728
32465,0.322478
32466,1.601177
32467,1.554661
32468,0.981631
32469,1.814781
32470,0.557864
32471,0.710546
32472,0.142303
32473,0.465568
32474,-0.899116
32475,-0.988409
32476,-0.622574
32477,0.986064
32478,-0.066929
32479,1.041575
32480,-1.466548
32481,-0.887912
32482,-0.304117
32483,0.751619
32484,0.171947
32485,0.013237
32486,-0.007242
32487,-0.568867
32488,-0.563201
32489,-1.704832
32490,1.092225
32491,-0.262145
32492,0.013966
32493,-0.530719
32494,0.321125
32495,-0.729348
32496,-0.950695
32497,-1.478969
32498,-1.242114
32499,0.014114
32500,1.751427
32501,0.073294
32502,-0.216971
32503,-1.853492
32504,-0.703953
32505,1.638834
32506,-0.504144
32507,-0.687794
32508,1.322595
32509,3.402175
32510,0.343448
32511,0.195422
32512,0.312482
32513,1.465571
32514,1.666607
32515,0.422092
32516,0.631651
32517,1.422840
32518,1.416370
32519,0.270980
32520,0.995729
32521,0.610658
32522,-1.060217
32523,0.979217
32524,0.431350
32525,0.622223
32526,1.632810
32527,0.826397
32528,-0.279876
32529,0.039326
32530,0.080758
32531,1.230826
32532,1.442588
32533,1.440867
32534,0.306486
32535,-0.763520
32536,-1.446646
32537,-1.639237
32538,0.549516
32539,1.587122
32540,1.091070
32541,1.585878
32542,0.626667
32543,-0.097436
32544,1.540400
32545,1.514556
32546,2.444152
32547,0.507530
32548,0.379772
32549,1.319245
32550,0.467763
32551,-0.368591
32552,-0.276010
32553,-0.841099
32554,-0.141301
32555,0.374780
32556,-0.369284
32557,-0.641597
32558,-0.626874
32559,0.212667
32560,-1.651066
32561,-0.924074
32562,0.011100
32563,0.297514
32564,0.787396
32565,0.593954
32566,1.295378
32567,2.409981
32568,0.211129
32569,-1.310955
32570,-1.512089
32571,-0.896706
32572,0.720173
32573,-1.448019
32574,-0.462689
32575,-1.013135
32576,-0.613543
32577,-1.707063
32578,-0.387948
32579,-1.257153
32580,-0.257410
32581,1.301756
32582,-1.803580
32583,0.285006
32584,-1.212194
32585,0.396603
32586,0.165426
32587,0.082887
32588,0.517201
32589,0.207257
32590,1.063121
32591,-0.076622
32592,0.224649
32593,0.372127
32594,0.073937
32595,-0.110107
32596,-1.382826
32597,-1.554981
32598,-0.545881
32599,0.022614
32600,-0.700907
32601,-0.125466
32602,0.845862
32603,0.279794
32604,0.013509
32605,-0.742552
32606,-0.830060
32607,0.168215
32608,0.588339
32609,1.594296
32610,0.547409
32611,-0.737195
32612,-0.513877
32613,-0.569201
32614,0.144654
32615,0.783600
32616,0.738219
32617,1.151120
32618,0.890894
32619,0.573218
32620,0.432312
32621,0.550809
32622,-1.962828
32623,1.533148
32624,0.188624
32625,-0.970318
32626,-1.984641
32627,0.870614
32628,2.141863
32629,3.426370
32630,1.611587
32631,0.104213
32632,2.037401
32633,-0.754300
32634,1.387562
32635,1.886353
32636,-0.105732
32637,-2.021421
32638,-0.740450
32639,0.386919
32640,-1.581648
32641,-0.960907
32642,-0.752591
32643,0.225059
32644,-0.643511
32645,-0.425644
32646,-0.414193
32647,0.666292
32648,0.114943
32649,-0.276593
32650,-0.730382
32651,-1.885323
32652,-0.175437
32653,1.094728
32654,1.100025
32655,0.852776
32656,-1.955536
32657,-0.782020
32658,-1.114468
32659,1.022225
32660,1.346122
32661,3.311389
32662,-0.185516
32663,3.221166
32664,2.168339
32665,-0.656769
32666,-1.842363
32667,-1.704175
32668,-1.298949
32669,0.221828
32670,-1.519407
32671,-1.311083
32672,1.989752
32673,0.553318
32674,0.978013
32675,1.556421
32676,1.248579
32677,1.053196
32678,0.490816
32679,-0.999898
32680,0.093143
32681,2.094557
32682,-0.759461
32683,1.395093
32684,0.893917
32685,0.026917
32686,0.146623
32687,0.820863
32688,0.123189
32689,-0.586950
32690,-1.455941
32691,0.059965
32692,-0.476294
32693,-0.582713
32694,0.014643
32695,0.828606
32696,0.582708
32697,2.310753
32698,-0.342630
32699,-1.457934
32700,0.426355
32701,-0.776808
32702,-0.980415
32703,1.081293
32704,1.251101
32705,-0.295104
32706,-0.437260
32707,-1.564733
32708,1.698159
32709,0.416291
32710,-0.979099
32711,-0.116071
32712,-1.531351
32713,-0.916584
32714,-1.190225
32715,0.662732
32716,1.652596
32717,-0.713875
32718,-0.760010
32719,-0.146931
32720,1.396189
32721,1.121313
32722,2.124870
32723,-0.491315
32724,0.608136
32725,0.545051
32726,-0.654807
32727,-0.163946
32728,-1.194472
32729,-0.323232
32730,-0.392790
32731,-0.784642
32732,-1.018449
32733,0.113287
32734,-1.546998
32735,-2.457761
32736,-0.765194
32737,0.267521
32738,-0.217426
32739,-2.043907
32740,-0.109667
32741,-0.504894
32742,0.447082
32743,-1.081781
32744,1.181705
32745,0.956229
32746,-0.028060
32747,-0.874975
32748,0.553853
32749,0.866338
32750,-0.911775
32751,0.820102
32752,1.523203
32753,-0.610605
32754,0.898549
32755,-0.855221
32756,1.139706
32757,1.041177
32758,-0.133641
32759,-1.204076
32760,0.368191
32761,0.451697
32762,-1.105235
32763,-1.174088
32764,-1.405118
32765,0.174663
32766,-2.336996
32767,-0.474274
32768,-0.621878
32769,-0.435048
32770,0.752359
32771,-0.223315
32772,1.570655
32773,1.426389
32774,-0.064653
32775,1.681726
32776,-0.731763
32777,-0.411392
32778,-0.358764
32779,-0.678770
32780,0.895340
32781,0.023964
32782,0.333864
32783,1.236293
32784,-1.040779
32785,2.629520
32786,1.820375
32787,-0.105782
32788,-0.312340
32789,1.534083
32790,-0.937077
32791,-0.156381
32792,-0.516398
32793,0.670353
32794,0.335367
32795,-0.751201
32796,2.091973
32797,0.682300
32798,0.005691
32799,-0.703631
32800,1.027788
32801,1.862365
32802,0.392938
32803,1.040054
32804,-0.308566
32805,0.941896
32806,-0.157055
32807,1.032183
32808,-0.517237
32809,0.150274
32810,0.608138
32811,1.318590
32812,-0.778795
32813,-0.118849
32814,0.157760
32815,-0.650280
32816,-0.116356
32817,-0.190119
32818,-1.572352
32819,-0.896718
32820,-0.639043
32821,-1.597229
32822,-2.058693
32823,0.831111
32824,0.329456
32825,1.008882
32826,-0.958767
32827,-0.444242
32828,-0.093773
32829,0.121374
32830,-1.006297
32831,-1.287973
32832,-0.137689
32833,-0.842725
32834,-0.620241
32835,-1.016524
32836,-1.626446
32837,-1.122105
32838,-1.802396
32839,-0.557666
32840,0.747763
32841,-1.809479
32842,-0.946925
32843,0.221364
32844,0.794208
32845,-0.935342
32846,0.363744
32847,0.097161
32848,1.802967
32849,0.636106
32850,-1.086158
32851,1.145889
32852,-1.427231
32853,0.097833
32854,-1.224800
32855,-0.371902
32856,0.362996
32857,2.019142
32858,-1.808253
32859,-1.082392
32860,-1.963191
32861,0.320810
32862,2.018149
32863,-0.354193
32864,-1.736784
32865,0.056571
32866,-1.294826
32867,1.698447
32868,-0.317480
32869,-0.242262
32870,0.185037
32871,-0.488908
32872,-0.740463
32873,-0.629500
32874,1.591080
32875,0.740170
32876,-0.269733
32877,0.033521
32878,-0.278126
32879,-0.594543
32880,1.453829
32881,-0.722589
32882,0.614884
32883,0.674482
32884,0.160552
32885,1.359523
32886,0.307500
32887,2.009985
32888,0.962755
32889,0.985676
32890,1.021837
32891,0.922494
32892,-0.091506
32893,-0.345465
32894,-0.637079
32895,1.244032
32896,0.786146
32897,0.210003
32898,-0.643484
32899,0.181083
32900,-0.874400
32901,-1.135821
32902,0.607195
32903,0.459228
32904,0.285378
32905,0.248945
32906,1.166498
32907,-0.201083
32908,0.442560
32909,2.433192
32910,2.073470
32911,1.634487
32912,1.040800
32913,1.120112
32914,0.677621
32915,-0.808162
32916,-1.121466
32917,-0.271282
32918,0.128301
32919,-1.045260
32920,-0.845051
32921,-2.015683
32922,-0.177004
32923,0.510392
32924,0.602090
32925,-0.193437
32926,-1.816505
32927,0.820040
32928,0.498772
32929,0.325064
32930,0.678817
32931,0.905327
32932,-0.760937
32933,-2.222773
32934,0.128584
32935,-0.009839
32936,-0.571217
32937,-0.760801
32938,-2.559342
32939,0.074414
32940,-0.811520
32941,1.592423
32942,0.542076
32943,0.126396
32944,0.059803
32945,-0.285889
32946,0.083389
32947,-0.527266
32948,-1.200672
32949,0.364253
32950,-0.767662
32951,0.124542
32952,-0.616520
32953,-2.420726
32954,-0.588305
32955,0.317397
32956,-0.011400
32957,-1.116830
32958,0.289792
32959,2.280042
32960,0.392156
32961,-0.880918
32962,-0.486120
32963,-0.391895
32964,-1.595638
32965,-0.159354
32966,0.366203
32967,1.654196
32968,-0.038082
32969,1.634392
32970,1.337193
32971,0.640744
32972,-1.057657
32973,1.593432
32974,-0.672904
32975,1.045862
32976,-0.268340
32977,1.381984
32978,1.933481
32979,0.482795
32980,0.922446
32981,0.455797
32982,2.272256
32983,0.129086
32984,0.217055
32985,0.039062
32986,0.529661
32987,1.076288
32988,-1.647471
32989,1.250396
32990,0.313356
32991,-0.891063
32992,1.129888
32993,0.228194
32994,-0.673616
32995,1.268296
32996,1.152602
32997,-0.751544
32998,0.070466
32999,0.194747
33000,-0.614468
33001,-1.415993
33002,0.814522
33003,-0.093117
33004,0.627092
33005,0.125401
33006,-1.257177
33007,-1.024011
33008,-1.353502
33009,0.168858
33010,-0.415247
33011,-0.051109
33012,0.556275
33013,0.910543
33014,1.557768
33015,-0.393169
33016,-0.177427
33017,1.605742
33018,1.104598
33019,-0.149873
33020,0.290725
33021,1.911668
33022,-1.756419
33023,-1.603043
33024,0.715632
33025,-0.104605
33026,-0.065590
33027,1.505556
33028,-0.501663
33029,1.057741
33030,-0.080573
33031,-1.838896
33032,0.565411
33033,0.731192
33034,-0.209909
33035,0.399433
33036,0.353396
33037,2.052946
33038,1.127442
33039,-1.541847
33040,-2.411453
33041,-0.634858
33042,0.171818
33043,1.223202
33044,0.651499
33045,-1.166510
33046,0.376458
33047,0.917305
33048,0.591700
33049,1.038939
33050,0.087689
33051,-0.842647
33052,-0.425569
33053,-0.888840
33054,0.297566
33055,-1.971660
33056,0.247852
33057,0.412016
33058,0.181974
33059,-0.103952
33060,-1.503190
33061,-0.525281
33062,-0.924378
33063,-0.724069
33064,0.052183
33065,-0.698078
33066,-1.249562
33067,-0.976009
33068,0.581319
33069,3.190382
33070,-0.034469
33071,-0.786633
33072,-0.462942
33073,-1.141205
33074,-0.135857
33075,-0.094418
33076,-0.191192
33077,-0.964374
33078,0.224430
33079,1.115674
33080,2.009219
33081,-1.830922
33082,-0.685821
33083,0.247402
33084,-0.381693
33085,0.504234
33086,-1.047829
33087,2.084304
33088,0.616948
33089,1.571193
33090,0.575399
33091,-0.672492
33092,-1.209658
33093,-1.739522
33094,-0.677021
33095,-0.335954
33096,-1.066222
33097,-1.179566
33098,0.725218
33099,-2.424440
33100,-0.570522
33101,0.222078
33102,-2.351970
33103,-1.366108
33104,-0.709283
33105,0.526756
33106,0.329751
33107,-1.712975
33108,0.455143
33109,0.210363
33110,0.112655
33111,-0.866440
33112,0.168810
33113,0.126681
33114,-0.923902
33115,-1.696851
33116,-0.142534
33117,0.763395
33118,1.509015
33119,-0.808473
33120,0.130508
33121,-0.984060
33122,0.510606
33123,1.353771
33124,0.269289
33125,-0.303539
33126,0.530610
33127,1.331445
33128,0.133229
33129,-1.670391
33130,-0.723784
33131,-0.649831
33132,0.254016
33133,0.243987
33134,-1.133163
33135,0.409973
33136,0.657141
33137,0.075867
33138,-0.445862
33139,0.224261
33140,-0.466553
33141,-0.348166
33142,0.020192
33143,-0.013281
33144,1.251860
33145,1.068517
33146,-1.043822
33147,0.430470
33148,-0.292431
33149,-1.000064
33150,0.973496
33151,0.896042
33152,1.162587
33153,0.735067
33154,-1.585045
33155,-0.993520
33156,0.094881
33157,0.735723
33158,1.080258
33159,-0.753744
33160,0.185220
33161,0.471496
33162,0.870791
33163,-0.689027
33164,-0.171052
33165,-0.968852
33166,0.772348
33167,2.598004
33168,0.080762
33169,1.976174
33170,0.075654
33171,0.508476
33172,-0.338541
33173,-1.673530
33174,-1.347034
33175,-1.623920
33176,-1.053397
33177,1.337447
33178,1.309512
33179,0.378871
33180,-1.828537
33181,-1.063967
33182,-0.021965
33183,0.849894
33184,1.329583
33185,0.470851
33186,0.942709
33187,-0.119224
33188,0.713650
33189,0.652217
33190,-0.386528
33191,-0.533066
33192,0.649073
33193,0.463244
33194,0.493532
33195,0.216225
33196,1.169030
33197,1.765183
33198,0.088494
33199,1.846384
33200,0.049292
33201,-0.034423
33202,0.216528
33203,-1.004578
33204,0.167677
33205,-1.003051
33206,0.908407
33207,-0.076958
33208,1.002036
33209,0.429314
33210,-0.882180
33211,-0.734771
33212,-0.938888
33213,-0.713282
33214,0.817307
33215,1.878484
33216,-0.232872
33217,-0.555005
33218,0.954684
33219,0.505762
33220,0.331653
33221,0.965006
33222,-0.260807
33223,-0.997462
33224,-0.784331
33225,0.528384
33226,0.420811
33227,-0.951923
33228,-0.266859
33229,0.430112
33230,-0.327500
33231,-0.367287
33232,-2.330539
33233,-1.029341
33234,0.935576
33235,1.345631
33236,0.380895
33237,0.047178
33238,0.185477
33239,-1.457838
33240,-0.230348
33241,1.282459
33242,2.742523
33243,0.019252
33244,-0.924488
33245,0.922447
33246,-0.372527
33247,-1.014367
33248,0.677219
33249,-0.463079
33250,0.177962
33251,-0.358363
33252,-0.087834
33253,-0.659260
33254,1.766911
33255,1.561241
33256,1.960624
33257,1.781618
33258,1.833675
33259,0.751651
33260,0.290931
33261,1.490931
33262,0.342455
33263,-0.438296
33264,-0.201640
33265,0.556380
33266,-0.369105
33267,-0.301990
33268,0.748424
33269,-0.032741
33270,0.358691
33271,0.941789
33272,-0.808280
33273,-0.351903
33274,0.015189
33275,1.559437
33276,0.000446
33277,1.803045
33278,-0.071029
33279,0.361242
33280,-1.155415
33281,1.206691
33282,0.009588
33283,0.262422
33284,-0.441471
33285,-0.668468
33286,-0.766419
33287,-0.255371
33288,-0.647996
33289,-0.234478
33290,-0.941696
33291,0.144198
33292,-0.198804
33293,-0.344079
33294,0.553659
33295,-0.787512
33296,-0.266991
33297,-0.723360
33298,1.295596
33299,1.057606
33300,1.126673
33301,0.146129
33302,2.519536
33303,1.181440
33304,1.062319
33305,0.837496
33306,0.002823
33307,0.250553
33308,-1.206601
33309,0.202168
33310,-0.056873
33311,0.991543
33312,0.172517
33313,-2.019962
33314,0.692838
33315,0.178805
33316,-0.145344
33317,-0.343142
33318,0.579777
33319,0.612986
33320,2.366597
33321,0.105702
33322,-1.225307
33323,-1.287230
33324,-0.264026
33325,0.545103
33326,1.974690
33327,0.811610
33328,-1.909232
33329,-1.433537
33330,0.427928
33331,-0.617988
33332,-0.545904
33333,1.418105
33334,-1.376014
33335,-0.210598
33336,0.055365
33337,0.246864
33338,-1.894654
33339,-0.860417
33340,-1.793575
33341,-0.530513
33342,0.816258
33343,-0.310691
33344,-0.087752
33345,-1.390960
33346,-0.950560
33347,-2.081309
33348,-2.047215
33349,1.389374
33350,0.410209
33351,1.070612
33352,-0.288624
33353,-1.589000
33354,0.409251
33355,1.137765
33356,-2.140506
33357,0.307550
33358,-1.131939
33359,0.150838
33360,0.733282
33361,-0.796854
33362,1.380994
33363,1.012534
33364,1.450538
33365,0.032178
33366,1.352871
33367,0.089849
33368,-1.341214
33369,-0.169106
33370,0.654162
33371,0.748593
33372,-1.015443
33373,-0.547863
33374,-0.420811
33375,0.056503
33376,-0.270739
33377,0.019348
33378,2.980089
33379,1.572463
33380,-0.086199
33381,-0.452758
33382,-0.257644
33383,0.350252
33384,-1.610630
33385,1.182569
33386,-0.153903
33387,-1.405394
33388,0.228975
33389,-0.937997
33390,0.332761
33391,0.657303
33392,1.608479
33393,1.147416
33394,-0.787374
33395,-2.964382
33396,0.082488
33397,-2.730740
33398,-2.460185
33399,-1.204485
33400,-0.652088
33401,0.925253
33402,1.749538
33403,0.875447
33404,0.220675
33405,-0.889334
33406,0.409252
33407,1.049225
33408,-0.075331
33409,0.745168
33410,2.048729
33411,0.448275
33412,1.238944
33413,0.288638
33414,2.136871
33415,1.055781
33416,122.574131
33417,153.266454
33418,161.392007
33419,163.899769
33420,166.107530
33421,164.920654
33422,166.981805
33423,164.305682
33424,165.404588
33425,166.271785
33426,168.668355
33427,164.587855
33428,164.641301
33429,164.357924
33430,166.130543
33431,164.470255
33432,164.536157
33433,168.054195
33434,166.855710
33435,164.387900
33436,163.146843
33437,166.559985
33438,166.640025
33439,162.018282
33440,165.319615
33441,163.856398
33442,163.445584
33443,165.266730
33444,163.965711
33445,162.516165
33446,170.111831
33447,166.418994
33448,163.446088
33449,162.641463
33450,164.014781
33451,169.496568
33452,164.483132
33453,165.407490
33454,168.773928
33455,168.712230
33456,164.316770
33457,166.370923
33458,164.419413
33459,166.145797
33460,163.685507
33461,161.354723
33462,167.394748
33463,165.379130
33464,165.798114
33465,166.765388
33466,164.950999
33467,165.510250
33468,162.502749
33469,164.681865
33470,163.724307
33471,168.206218
33472,166.849282
33473,166.376446
33474,164.689005
33475,160.327646
33476,163.451561
33477,164.531765
33478,164.998958
33479,168.191387
33480,163.068902
33481,164.167412
33482,166.617701
33483,160.917954
33484,165.713249
33485,164.936169
33486,165.463045
33487,167.532846
33488,168.019118
33489,166.097010
33490,168.809445
33491,163.928399
33492,166.404052
33493,165.732499
33494,165.188511
33495,165.498402
33496,162.376281
33497,40.846213
33498,8.514823
33499,3.051853
33500,0.981191
33501,-0.894872
33502,-1.175494
33503,-0.026209
33504,0.801576
33505,1.383721
33506,0.369470
33507,1.410540
33508,2.596237
33509,0.564020
33510,0.167176
33511,0.264830
33512,-0.148028
33513,-0.743528
33514,0.641961
33515,-0.197805
33516,-0.417934
33517,0.116157
33518,1.072967
33519,1.303784
33520,2.348254
33521,0.972561
33522,0.839426
33523,-1.498144
33524,-0.046476
33525,-1.153311
33526,-0.318082
33527,1.320745
33528,1.266445
33529,-1.035321
33530,-0.733809
33531,-0.290762
33532,-0.670922
33533,-0.887116
33534,-0.120683
33535,-0.566890
33536,1.435147
33537,1.459772
33538,-0.429552
33539,-0.383154
33540,0.425103
33541,-0.571908
33542,0.116577
33543,0.690418
33544,-1.384634
33545,-0.813462
33546,-1.001515
33547,-1.611810
33548,-0.795565
33549,0.544450
33550,-0.384083
33551,-0.213486
33552,-0.853404
33553,-0.269282
33554,0.420800
33555,-1.394796
33556,-0.342172
33557,-0.052140
33558,0.733299
33559,1.552959
33560,-0.744874
33561,0.327001
33562,-0.425539
33563,1.647675
33564,-0.277281
33565,0.859304
33566,-0.239474
33567,1.149961
33568,0.030585
33569,0.619533
33570,0.585486
33571,-1.395704
33572,0.016341
33573,-1.201269
33574,-1.558637
33575,-0.211122
33576,1.348508
33577,0.607774
33578,-0.100177
33579,-0.253043
33580,-0.695350
33581,-0.120948
33582,-1.260924
33583,0.430123
33584,-0.725737
33585,-0.388002
33586,-0.244011
33587,-0.893328
33588,-0.068159
33589,-2.054961
33590,-1.498381
33591,-2.734041
33592,-0.711161
33593,-0.228082
33594,-1.693758
33595,1.199000
33596,-0.525781
33597,-0.428290
33598,-1.095931
33599,0.073399
33600,0.666029
33601,0.614946
33602,-0.237005
33603,-1.718473
33604,-1.126271
33605,-1.346401
33606,-1.087840
33607,-0.267769
33608,-1.007370
33609,-1.320950
33610,0.512180
33611,0.839375
33612,0.532657
33613,1.018330
33614,-0.238316
33615,0.652199
33616,-1.304735
33617,-0.516198
33618,-0.939178
33619,-1.487666
33620,0.743815
33621,1.694740
33622,0.975806
33623,1.584026
33624,-0.520441
33625,1.268604
33626,0.319277
33627,-0.165644
33628,1.656760
33629,0.856625
33630,0.924584
33631,-0.255355
33632,0.399457
33633,-0.432154
33634,-0.248279
33635,-0.949506
33636,0.587527
33637,-1.963148
33638,-0.892430
33639,-1.516069
33640,-0.195354
33641,-0.351338
33642,-1.536570
33643,-0.250721
33644,0.014867
33645,0.216483
33646,-0.614392
33647,-0.520985
33648,-1.175863
33649,-0.880765
33650,2.429174
33651,0.350659
33652,0.055135
33653,-0.415039
33654,-0.652373
33655,-0.151061
33656,-0.551600
33657,-0.641985
33658,-0.589636
33659,-0.315206
33660,0.949899
33661,0.168097
33662,-1.756619
33663,0.419470
33664,-0.115713
33665,-1.240822
33666,0.274262
33667,1.562422
33668,-0.185448
33669,-0.090532
33670,-1.788003
33671,-1.110832
33672,0.695537
33673,-0.903801
33674,0.902589
33675,-0.088816
33676,0.048528
33677,0.463548
33678,-0.053908
33679,-2.300806
33680,-0.078738
33681,0.956760
33682,-1.666661
33683,-0.427917
33684,0.161173
33685,-0.808365
33686,0.431580
33687,-1.077179
33688,-0.507606
33689,0.232883
33690,0.342517
33691,-0.001129
33692,1.429813
33693,0.540043
33694,-0.104804
33695,0.242147
33696,2.812415
33697,0.158572
33698,0.399633
33699,-0.860008
33700,2.132620
33701,0.757485
33702,-1.221537
33703,-1.198087
33704,-1.076349
33705,-3.443168
33706,-0.605116
33707,0.517296
33708,-0.042909
33709,-0.232299
33710,-0.432916
33711,-1.666149
33712,-0.476098
33713,0.394896
33714,0.473000
33715,0.941749
33716,-0.435816
33717,-0.070474
33718,-0.242258
33719,-1.012063
33720,0.970546
33721,-2.225658
33722,0.144272
33723,-0.465790
33724,-0.366035
33725,0.114973
33726,0.541100
33727,0.548932
33728,-0.348588
33729,0.733491
33730,0.526385
33731,-0.831943
33732,-1.518218
33733,-2.888752
33734,-0.499256
33735,-0.557134
33736,-0.963367
33737,0.163375
33738,0.917746
33739,-0.743774
33740,-0.307692
33741,0.568147
33742,-0.701686
33743,0.446357
33744,0.115480
33745,0.030885
33746,0.464521
33747,0.409319
33748,-0.920105
33749,0.221345
33750,-0.342286
33751,1.242439
33752,1.086524
33753,1.201350
33754,0.622458
33755,2.289480
33756,0.478390
33757,-0.297493
33758,0.940364
33759,0.687903
33760,-1.460040
33761,-0.009346
33762,0.074981
33763,-2.040304
33764,-0.649239
33765,0.326886
33766,-0.763180
33767,-0.450082
33768,-0.488900
33769,0.774977
33770,1.594826
33771,0.418578
33772,1.409054
33773,1.424433
33774,-1.022821
33775,-0.789760
33776,0.062724
33777,0.834483
33778,-0.317553
33779,0.350241
33780,-0.981457
33781,0.096834
33782,-1.461807
33783,-0.476161
33784,-1.789812
33785,-0.158516
33786,0.835286
33787,-0.215739
33788,1.542275
33789,-0.089853
33790,1.311090
33791,1.255561
33792,-0.141889
33793,-0.375677
33794,-0.877182
33795,-0.351254
33796,1.474447
33797,0.004798
33798,1.174046
33799,-0.202810
33800,-0.710196
33801,-0.301385
33802,0.400778
33803,1.623219
33804,-1.162360
33805,1.556130
33806,0.084635
33807,-0.920305
33808,-0.120740
33809,1.655861
33810,0.518557
33811,0.106196
33812,0.729573
33813,-0.080405
33814,0.014042
33815,0.478673
33816,-0.387022
33817,0.776855
33818,0.961239
33819,1.357562
33820,1.811354
33821,0.744450
33822,0.015659
33823,-0.461895
33824,0.034462
33825,-0.808383
33826,-0.456557
33827,-0.847856
33828,2.144699
33829,-0.086555
33830,1.047904
33831,0.722283
33832,-1.195353
33833,-2.316253
33834,-2.033384
33835,-1.662145
33836,-0.157177
33837,-0.565233
33838,0.008590
33839,1.623931
33840,0.180659
33841,0.425801
33842,2.293504
33843,0.679373
33844,-0.267974
33845,0.357958
33846,2.170165
33847,-0.019846
33848,1.080222
33849,1.357088
33850,1.051575
33851,0.381948
33852,0.660219
33853,-0.619014
33854,0.635591
33855,-1.178968
33856,-0.100847
33857,1.989819
33858,-0.650841
33859,-1.443476
33860,-0.901793
33861,2.201952
33862,1.680467
33863,-0.127751
33864,1.590575
33865,0.150633
33866,0.060968
33867,2.019396
33868,1.434545
33869,2.457453
33870,1.257117
33871,0.099171
33872,-0.093638
33873,0.709052
33874,-0.055582
33875,-0.205283
33876,0.535899
33877,0.374636
33878,1.023688
33879,0.507922
33880,-1.232669
33881,-0.889082
33882,2.057610
33883,-0.428875
33884,0.730168
33885,-0.139028
33886,-1.050680
33887,0.275004
33888,0.570504
33889,-0.931867
33890,0.290206
33891,0.799602
33892,-1.386686
33893,-0.800050
33894,-0.680206
33895,-0.255473
33896,1.183168
33897,1.941694
33898,1.387692
33899,2.101703
33900,-0.088941
33901,-0.261400
33902,-0.468223
33903,-0.834041
33904,-0.855351
33905,-0.033617
33906,-0.563546
33907,-1.180142
33908,0.752927
33909,0.866131
33910,-0.278286
33911,-1.031220
33912,0.584937
33913,-0.342578
33914,-0.641425
33915,-0.861158
33916,-0.825299
33917,-2.618290
33918,-1.849369
33919,0.993817
33920,-1.108388
33921,-0.479569
33922,-2.741963
33923,-0.391960
33924,0.048381
33925,-0.292998
33926,-1.526146
33927,0.165561
33928,-1.433128
33929,-0.791761
33930,0.238495
33931,0.677986
33932,1.631082
33933,-0.396910
33934,1.164792
33935,1.000785
33936,0.239457
33937,3.022594
33938,1.476162
33939,-1.583368
33940,0.075228
33941,-0.422548
33942,0.611695
33943,1.725583
33944,1.024745
33945,-0.266861
33946,-0.418353
33947,-0.733091
33948,-1.263176
33949,0.745754
33950,-0.717775
33951,-0.443802
33952,2.047411
33953,1.549322
33954,0.215247
33955,-0.662031
33956,1.584581
33957,0.955974
33958,2.012528
33959,0.301479
33960,-1.793835
33961,-1.315526
33962,-0.254723
33963,0.093394
33964,0.505472
33965,-0.557875
33966,-1.956935
33967,-1.528530
33968,-2.429679
33969,-1.519695
33970,-0.197080
33971,-0.147345
33972,0.370160
33973,-1.176735
33974,-1.446184
33975,0.024610
33976,-0.464232
33977,-2.371374
33978,0.044042
33979,-2.166031
33980,-1.284916
33981,1.342910
33982,1.177487
33983,0.866160
33984,0.101918
33985,-1.754395
33986,-1.480805
33987,-0.098865
33988,1.214200
33989,-0.864703
33990,1.120649
33991,0.005998
33992,0.228019
33993,-0.216596
33994,0.678165
33995,-0.694882
33996,1.446395
33997,-0.794964
33998,0.357613
33999,0.322581
34000,-1.273470
34001,-0.000403
34002,1.951614
34003,-0.142224
34004,0.720980
34005,1.514456
34006,1.065923
34007,-1.062724
34008,-0.193273
34009,0.032786
34010,-0.944301
34011,0.752622
34012,-0.655501
34013,-0.483195
34014,0.373989
34015,1.958444
34016,0.167630
34017,-0.327068
34018,0.634824
34019,1.428482
34020,0.114401
34021,-0.614722
34022,-1.462135
34023,-0.850921
34024,-0.366317
34025,-1.838196
34026,-0.524668
34027,-0.188330
34028,-0.785777
34029,2.720712
34030,0.981255
34031,-0.429465
34032,0.858366
34033,-0.297109
34034,-0.420453
34035,0.447678
34036,0.199444
34037,0.108416
34038,1.225489
34039,0.344089
34040,0.414959
34041,-0.866374
34042,-0.132989
34043,0.292605
34044,0.092903
34045,-0.806331
34046,-0.412524
34047,-0.691901
34048,-1.326789
34049,1.397742
34050,0.897868
34051,1.474991
34052,0.772363
34053,0.831264
34054,0.331504
34055,0.839832
34056,-1.200205
34057,-2.054435
34058,0.833797
34059,0.544732
34060,0.186852
34061,-0.262983
34062,0.661408
34063,-0.732524
34064,0.489246
34065,0.965550
34066,2.385909
34067,0.764863
34068,-1.177069
34069,0.314099
34070,-0.131117
34071,-0.904147
34072,0.791021
34073,-0.455770
34074,2.040239
34075,-0.646273
34076,-0.227732
34077,0.636496
34078,-0.440290
34079,-0.180098
34080,-0.867010
34081,-1.570814
34082,0.887131
34083,-1.035442
34084,-0.075215
34085,-0.396862
34086,2.405147
34087,1.054226
34088,0.809476
34089,2.139053
34090,1.777451
34091,2.790342
34092,1.603193
34093,1.373706
34094,-0.480741
34095,-0.039792
34096,1.441881
34097,-0.078393
34098,-0.664294
34099,-0.284448
34100,0.191817
34101,1.974466
34102,1.807850
34103,-0.500615
34104,-0.368657
34105,-0.938499
34106,1.526866
34107,-0.040117
34108,1.187596
34109,1.276061
34110,0.173857
34111,0.713799
34112,0.384678
34113,0.740141
34114,0.214789
34115,-0.078629
34116,1.528429
34117,0.890015
34118,1.859521
34119,0.591642
34120,-0.039525
34121,0.792893
34122,-0.972317
34123,0.417561
34124,1.652236
34125,0.201736
34126,-0.515368
34127,-1.348685
34128,0.675937
34129,0.840377
34130,1.936992
34131,0.986272
34132,0.890744
34133,1.497962
34134,1.907102
34135,0.485209
34136,-1.144273
34137,-1.314354
34138,1.171433
34139,-0.214861
34140,-1.431526
34141,-0.197239
34142,0.018067
34143,0.090092
34144,-0.991505
34145,0.378022
34146,-0.999667
34147,-1.048861
34148,0.276020
34149,0.041950
34150,-0.777259
34151,0.034528
34152,1.387214
34153,1.230675
34154,0.307788
34155,0.926994
34156,0.307254
34157,1.537312
34158,2.205449
34159,0.987092
34160,-0.798047
34161,0.510499
34162,1.438904
34163,-1.380314
34164,-2.120361
34165,-0.770478
34166,0.132776
34167,0.083019
34168,0.097627
34169,-1.267792
34170,-2.735689
34171,-0.287551
34172,-0.840344
34173,0.183185
34174,-0.490798
34175,-0.036896
34176,2.571481
34177,1.671231
34178,1.432341
34179,0.257751
34180,1.032026
34181,0.558725
34182,-0.545343
34183,-0.270289
34184,0.702167
34185,1.600788
34186,0.503487
34187,0.207362
34188,1.231152
34189,1.202917
34190,0.524134
34191,1.553956
34192,-0.339208
34193,0.413153
34194,-2.086112
34195,-1.127684
34196,-0.772457
34197,0.004514
34198,-0.317943
34199,1.260702
34200,0.682075
34201,0.061001
34202,-0.544982
34203,0.051293
34204,-0.838535
34205,-0.536497
34206,1.183888
34207,1.760143
34208,-0.174595
34209,-0.181152
34210,0.247395
34211,1.095703
34212,0.818744
34213,-0.266073
34214,1.039363
34215,-1.044240
34216,-0.916032
34217,-0.948546
34218,1.018282
34219,1.327367
34220,0.074009
34221,0.674411
34222,0.129700
34223,-0.052529
34224,-0.025220
34225,-0.006474
34226,-0.416390
34227,1.750303
34228,-0.503162
34229,0.622328
34230,0.419670
34231,-1.607391
34232,-0.202802
34233,-0.709277
34234,0.952332
34235,0.177765
34236,1.686133
34237,1.484452
34238,-0.327185
34239,-0.680017
34240,1.158745
34241,0.421061
34242,0.475581
34243,2.355141
34244,1.460363
34245,1.135864
34246,-1.581334
34247,-0.683452
34248,0.387771
34249,-0.294027
34250,0.040313
34251,0.193971
34252,-0.374398
34253,0.101865
34254,-0.881365
34255,0.928788
34256,2.379708
34257,0.432631
34258,1.056847
34259,-0.282435
34260,1.458526
34261,0.207043
34262,-0.055110
34263,1.304977
34264,-0.101160
34265,0.762864
34266,-0.293916
34267,0.308622
34268,-0.428225
34269,-0.694635
34270,-0.419035
34271,1.557368
34272,0.684692
34273,-0.096239
34274,-1.629746
34275,-0.904271
34276,0.950044
34277,-0.204401
34278,0.809455
34279,-0.027459
34280,1.107149
34281,2.706350
34282,1.024401
34283,0.785055
34284,-0.617143
34285,-0.547008
34286,0.457405
34287,-0.678305
34288,-0.084668
34289,-0.055559
34290,0.083169
34291,-0.418100
34292,0.335612
34293,-0.031625
34294,-1.123841
34295,-1.171728
34296,-0.347844
34297,0.450418
34298,0.002831
34299,1.150148
34300,-0.299277
34301,-0.510008
34302,-1.018153
34303,1.153713
34304,-0.708273
34305,-0.605981
34306,-0.693391
34307,-0.008457
34308,-0.671747
34309,-0.609607
34310,1.635199
34311,-0.170923
34312,-0.484929
34313,0.688039
34314,0.472271
34315,-1.188193
34316,-0.958323
34317,-0.650927
34318,-0.046748
34319,0.011011
34320,0.758343
34321,0.780502
34322,1.688914
34323,-0.007205
34324,-0.564801
34325,0.417436
34326,1.704569
34327,-1.726473
34328,2.364525
34329,0.264815
34330,1.834819
34331,-0.441551
34332,-0.616713
34333,1.138416
34334,-0.751156
34335,0.809690
34336,-0.547430
34337,0.785055
34338,-0.647661
34339,-1.458394
34340,-0.307601
34341,-2.416253
34342,-0.531838
34343,-1.208051
34344,-0.069886
34345,0.216016
34346,-1.545221
34347,0.235886
34348,1.703169
34349,1.043552
34350,-0.159918
34351,-0.593396
34352,-0.737981
34353,-1.354441
34354,-0.846100
34355,-0.738575
34356,0.685420
34357,1.423455
34358,-0.585315
34359,0.125279
34360,-0.120691
34361,-0.515533
34362,0.066287
34363,-0.344185
34364,1.426965
34365,-1.187848
34366,-1.882578
34367,0.895017
34368,0.728757
34369,-0.025791
34370,0.078481
34371,-0.090638
34372,0.284212
34373,-0.716922
34374,-0.258848
34375,-0.657674
34376,-0.198149
34377,0.543565
34378,0.617436
34379,0.213663
34380,-1.674160
34381,-2.075676
34382,-0.061351
34383,1.085168
34384,0.252527
34385,0.495710
34386,-0.050210
34387,0.079884
34388,-0.432205
34389,-0.343978
34390,0.413705
34391,0.448602
34392,0.582485
34393,0.636291
34394,0.802801
34395,-0.930730
34396,-1.035824
34397,-1.293796
34398,1.485054
34399,0.211650
34400,1.710764
34401,2.530777
34402,1.142995
34403,1.262691
34404,-0.361421
34405,0.527906
34406,0.707270
34407,-1.072856
34408,-1.096056
34409,-1.044536
34410,-0.117937
34411,-0.229648
34412,0.921455
34413,0.086617
34414,0.297383
34415,-0.505633
34416,0.491770
34417,-1.262886
34418,-2.360475
34419,-0.981819
34420,-1.292872
34421,-0.094677
34422,2.378711
34423,0.487461
34424,1.240245
34425,0.395300
34426,0.449021
34427,1.025330
34428,0.548399
34429,1.267372
34430,0.868911
34431,0.983105
34432,-0.125668
34433,-1.010305
34434,0.628266
34435,0.560599
34436,2.049787
34437,-0.136477
34438,-0.027715
34439,-0.228984
34440,0.087368
34441,0.499988
34442,0.849477
34443,1.112907
34444,-0.885331
34445,-2.091480
34446,0.513108
34447,1.030307
34448,-0.909438
34449,-1.951161
34450,-1.093710
34451,-0.222289
34452,1.303114
34453,-0.022852
34454,-1.267810
34455,0.293637
34456,1.047965
34457,-0.254737
34458,-0.879759
34459,0.197964
34460,0.612667
34461,0.568008
34462,0.228255
34463,1.287211
34464,-0.055889
34465,0.615641
34466,0.336733
34467,-0.106537
34468,0.569678
34469,0.075293
34470,1.145567
34471,0.320982
34472,0.297259
34473,0.086289
34474,-1.007735
34475,-1.078775
34476,0.520735
34477,1.145252
34478,-0.239946
34479,-2.128388
34480,-2.638567
34481,-1.398632
34482,-2.007377
34483,-0.187310
34484,-0.255178
34485,0.111085
34486,1.919282
34487,1.690271
34488,-0.037825
34489,-1.539680
34490,-0.332233
34491,-0.941047
34492,0.950232
34493,0.191459
34494,0.792402
34495,0.265540
34496,1.313887
34497,-0.121167
34498,-0.867631
34499,-1.148352
34500,-0.525345
34501,-1.359664
34502,-0.418834
34503,-1.882405
34504,-1.641077
34505,0.444303
34506,-0.074159
34507,-1.808941
34508,0.167947
34509,-3.423628
34510,0.249631
34511,-0.668575
34512,0.552163
34513,-0.493727
34514,1.623943
34515,0.523891
34516,0.365903
34517,0.291457
34518,0.334528
34519,0.431808
34520,2.105187
34521,2.973639
34522,1.434757
34523,-0.030884
34524,-0.633712
34525,-0.757408
34526,-0.014285
34527,-0.473453
34528,-0.002676
34529,-0.499955
34530,0.699223
34531,2.584809
34532,-0.055475
34533,0.243162
34534,1.051812
34535,0.467116
34536,-0.138748
34537,-0.376339
34538,-0.021214
34539,0.058059
34540,0.413766
34541,-0.148461
34542,0.277016
34543,1.007035
34544,-0.000434
34545,-0.352202
34546,1.179059
34547,-0.243078
34548,-1.338419
34549,-1.685921
34550,-1.244277
34551,0.015558
34552,-0.528384
34553,0.482964
34554,0.445468
34555,0.643111
34556,1.169451
34557,0.261847
34558,0.192769
34559,0.145947
34560,0.651059
34561,1.669324
34562,1.511716
34563,0.261964
34564,-1.047551
34565,0.618664
34566,0.047870
34567,-0.509931
34568,-0.050012
34569,-0.676795
34570,0.420024
34571,-0.269378
34572,-0.806148
34573,0.968333
34574,0.577003
34575,1.389887
34576,1.075564
34577,0.296705
34578,0.581807
34579,1.741705
34580,0.708682
34581,0.012557
34582,1.684861
34583,2.018996
34584,2.312631
34585,0.764535
34586,1.315515
34587,-1.385712
34588,-1.441131
34589,-1.426302
34590,-0.965404
34591,-0.042832
34592,-0.024879
34593,0.332948
34594,-1.439292
34595,-1.203635
34596,0.886664
34597,0.606772
34598,1.516510
34599,1.195991
34600,2.170972
34601,1.465931
34602,0.987755
34603,-0.697245
34604,0.106924
34605,0.512048
34606,1.557040
34607,1.808210
34608,0.248726
34609,0.711944
34610,0.628505
34611,1.042061
34612,2.058025
34613,0.543643
34614,0.566318
34615,-0.888346
34616,0.309860
34617,-2.214703
34618,-1.760735
34619,-1.162710
34620,-1.385202
34621,1.560583
34622,1.140497
34623,-0.477309
34624,-1.393569
34625,-0.136738
34626,-1.306243
34627,-1.092615
34628,-0.621866
34629,-1.004515
34630,-0.272721
34631,0.554113
34632,-0.628272
34633,0.150705
34634,-0.049852
34635,-1.963836
34636,1.377195
34637,0.631622
34638,-0.372327
34639,-0.441519
34640,0.613532
34641,1.356453
34642,1.757493
34643,0.719108
34644,0.084427
34645,1.108063
34646,0.694342
34647,0.812782
34648,2.456600
34649,0.539392
34650,-1.314951
34651,0.664823
34652,-1.248048
34653,-1.856401
34654,-0.286847
34655,0.305573
34656,0.180292
34657,0.763106
34658,1.573637
34659,0.991084
34660,1.581198
34661,0.269041
34662,0.794284
34663,-0.140856
34664,0.273900
34665,-0.276621
34666,-0.878043
34667,-1.089014
34668,-0.626492
34669,1.250735
34670,-0.565812
34671,-0.470472
34672,0.361070
34673,0.181266
34674,1.135134
34675,0.246555
34676,2.052096
34677,-0.117294
34678,0.116002
34679,-1.067916
34680,-0.110416
34681,1.811262
34682,1.269108
34683,0.073177
34684,-0.649436
34685,-2.219175
34686,-0.648222
34687,1.264725
34688,0.379287
34689,1.638225
34690,-0.629036
34691,2.347391
34692,0.885633
34693,-0.529147
34694,3.646490
34695,-0.186235
34696,-1.467189
34697,-1.128136
34698,-0.700899
34699,-0.611222
34700,1.661550
34701,0.654240
34702,1.420463
34703,-0.186077
34704,0.601661
34705,-1.568891
34706,1.322579
34707,1.637164
34708,0.898688
34709,-0.060516
34710,-1.573698
34711,-0.596054
34712,-1.036694
34713,-0.390247
34714,0.007135
34715,1.917506
34716,2.568811
34717,0.646363
34718,1.869271
34719,1.809016
34720,-0.006428
34721,0.388375
34722,2.128320
34723,1.310775
34724,-2.370127
34725,-1.333589
34726,1.633808
34727,-0.212542
34728,0.610408
34729,0.447251
34730,-0.462004
34731,-0.432451
34732,-0.326085
34733,-0.591936
34734,2.654341
34735,0.370990
34736,0.286884
34737,-0.403755
34738,0.280633
34739,-1.155127
34740,-2.377747
34741,-1.531164
34742,1.032539
34743,-1.303278
34744,-0.505416
34745,-1.732714
34746,0.593506
34747,0.228057
34748,0.339864
34749,0.380050
34750,1.731013
34751,0.435860
34752,-0.793948
34753,-0.295638
34754,-0.031814
34755,-0.276455
34756,-0.759411
34757,0.347510
34758,-0.367811
34759,-0.188464
34760,0.187577
34761,1.464567
34762,0.073804
34763,-0.246193
34764,-0.246731
34765,0.244468
34766,2.044551
34767,0.929799
34768,-1.048633
34769,-1.703541
34770,0.040493
34771,-1.032968
34772,0.712660
34773,-0.513875
34774,-0.697270
34775,-1.921152
34776,-0.884839
34777,0.172316
34778,0.834964
34779,-0.271112
34780,-0.637500
34781,0.225764
34782,-0.849013
34783,-1.130667
34784,0.483953
34785,-0.204099
34786,-0.887116
34787,1.517003
34788,-1.317828
34789,-0.725366
34790,0.332844
34791,-1.829761
34792,-1.371152
34793,0.405334
34794,-0.552299
34795,-1.970786
34796,-2.072933
34797,-0.206568
34798,0.773310
34799,0.432977
34800,0.600718
34801,1.667680
34802,-0.360114
34803,-0.349969
34804,-1.282093
34805,-0.078595
34806,0.234093
34807,0.080314
34808,-0.490134
34809,0.169540
34810,0.349089
34811,1.213281
34812,2.180690
34813,1.011528
34814,-1.426023
34815,0.026577
34816,-0.323646
34817,0.206950
34818,-0.731214
34819,-1.275045
34820,-2.636962
34821,-0.968568
34822,-1.675720
34823,0.240686
34824,-0.153159
34825,0.008604
34826,-1.354236
34827,-1.435889
34828,1.153532
34829,0.698914
34830,-0.945850
34831,1.230088
34832,-0.045273
34833,-0.676440
34834,-0.345172
34835,-0.435865
34836,-1.053163
34837,-0.520135
34838,0.583246
34839,0.351350
34840,0.859380
34841,-2.789268
34842,-0.643085
34843,-0.139230
34844,-0.235740
34845,-1.498742
34846,0.718142
34847,-1.436219
34848,-3.145439
34849,0.107533
34850,-0.442119
34851,-1.306979
34852,0.452308
34853,-0.939020
34854,-0.846990
34855,0.295877
34856,0.098719
34857,-0.362527
34858,-0.184562
34859,-0.448129
34860,0.745658
34861,0.011740
34862,-1.201797
34863,-0.451772
34864,-0.155343
34865,-1.887341
34866,-0.374579
34867,1.387781
34868,-0.257414
34869,-0.424184
34870,-2.204514
34871,0.524943
34872,0.395839
34873,0.696624
34874,-0.630756
34875,0.140274
34876,0.666862
34877,-0.267822
34878,0.059131
34879,0.442261
34880,0.109650
34881,0.244746
34882,-0.872079
34883,-0.997850
34884,1.145388
34885,-0.460850
34886,0.291333
34887,0.032591
34888,-1.197762
34889,0.398823
34890,2.099857
34891,0.113667
34892,-1.685922
34893,-2.301112
34894,-0.563785
34895,1.071490
34896,-0.194952
34897,-1.813329
34898,0.588109
34899,-1.040193
34900,-0.610353
34901,0.172167
34902,-0.338370
34903,1.148395
34904,0.215975
34905,-0.585082
34906,0.354805
34907,0.791965
34908,1.270098
34909,-0.410221
34910,0.081167
34911,0.123726
34912,0.398355
34913,1.438745
34914,0.932373
34915,1.645842
34916,-0.257462
34917,0.241318
34918,-0.950980
34919,0.792652
34920,-0.378752
34921,-1.062990
34922,0.542021
34923,0.849425
34924,1.311779
34925,-0.108338
34926,0.876031
34927,-1.763919
34928,0.510579
34929,0.220711
34930,-0.066387
34931,1.420127
34932,-0.983641
34933,-1.224771
34934,0.387511
34935,-0.456303
34936,-0.009076
34937,1.193232
34938,1.746277
34939,0.864050
34940,1.089464
34941,0.991079
34942,-0.510925
34943,-0.137606
34944,0.715514
34945,0.437528
34946,1.873008
34947,0.120648
34948,1.076887
34949,-0.198808
34950,-0.056752
34951,0.852126
34952,0.812142
34953,-1.615458
34954,-0.650701
34955,0.324436
34956,-1.808246
34957,-1.377501
34958,-0.213587
34959,-0.037155
34960,-0.771826
34961,-0.224083
34962,-0.393086
34963,1.004550
34964,-0.289960
34965,0.562970
34966,0.012182
34967,-0.723395
34968,-0.289185
34969,0.124980
34970,-1.556691
34971,-0.492325
34972,-1.901471
34973,-1.222916
34974,-0.620192
34975,-1.177733
34976,-1.630713
34977,0.021030
34978,-2.017833
34979,-1.700363
34980,-0.014593
34981,-1.512524
34982,-1.069642
34983,-2.807749
34984,-1.025910
34985,0.310951
34986,-1.740955
34987,0.218711
34988,1.112591
34989,0.235921
34990,-2.252575
34991,0.829834
34992,0.082552
34993,-0.844277
34994,-2.184327
34995,-2.958465
34996,-2.153591
34997,-0.283443
34998,-0.355346
34999,-0.322384
35000,-1.525843
35001,-1.380548
35002,-0.825361
35003,-0.659663
35004,-0.950317
35005,-0.300302
35006,0.396083
35007,2.389457
35008,0.843345
35009,-1.105374
35010,-2.181437
35011,-1.525813
35012,-1.009019
35013,1.311333
35014,-1.142728
35015,0.325526
35016,-2.307901
35017,0.119692
35018,-0.220621
35019,0.113469
35020,1.751715
35021,2.251682
35022,1.603786
35023,0.525871
35024,0.546236
35025,2.196738
35026,1.969425
35027,0.643603
35028,-0.076382
35029,1.391399
35030,2.377993
35031,2.450963
35032,-0.236972
35033,-0.863790
35034,-0.173014
35035,-1.343237
35036,-1.053093
35037,-0.617638
35038,-1.330367
35039,-0.559595
35040,0.154187
35041,-0.817241
35042,-0.064636
35043,0.001877
35044,-0.352884
35045,-0.245802
35046,-1.051958
35047,-0.626857
35048,-1.194221
35049,-0.262731
35050,-0.638702
35051,1.886873
35052,0.693878
35053,0.766518
35054,-1.754997
35055,-0.750079
35056,-1.241260
35057,-0.495259
35058,-0.096970
35059,-1.158424
35060,-0.017546
35061,-0.082180
35062,1.762127
35063,1.456310
35064,0.107087
35065,0.484644
35066,0.359690
35067,0.304643
35068,-1.401908
35069,0.337456
35070,1.238223
35071,0.754417
35072,-1.260824
35073,0.961213
35074,1.112865
35075,-1.655200
35076,-0.026536
35077,0.029597
35078,-1.309610
35079,-1.587565
35080,-0.351319
35081,-0.403603
35082,-0.042689
35083,-0.607961
35084,0.683724
35085,1.380225
35086,-0.921233
35087,1.578946
35088,-0.085961
35089,-0.546660
35090,1.717626
35091,0.540393
35092,-0.291851
35093,0.687427
35094,2.082707
35095,-0.188386
35096,0.774187
35097,1.233492
35098,0.324483
35099,-1.607481
35100,-0.752847
35101,-0.575719
35102,0.554837
35103,0.480871
35104,-0.790298
35105,-0.519447
35106,-0.059516
35107,1.308364
35108,-1.012165
35109,0.979623
35110,-0.288293
35111,-1.134659
35112,-0.431215
35113,-1.930373
35114,0.686708
35115,3.102144
35116,1.028928
35117,-0.097749
35118,-0.562439
35119,-0.909925
35120,-0.545837
35121,0.760638
35122,1.590751
35123,2.712076
35124,-0.530345
35125,0.175209
35126,0.790525
35127,1.328504
35128,0.824294
35129,-0.502494
35130,-1.004034
35131,-0.151483
35132,0.880144
35133,-0.898428
35134,1.470719
35135,0.778109
35136,-2.106589
35137,-2.211956
35138,0.819965
35139,-0.084935
35140,-2.412164
35141,-0.985291
35142,-0.650004
35143,-0.025573
35144,1.039794
35145,-1.439248
35146,-1.353912
35147,0.399982
35148,0.414491
35149,-0.865594
35150,-0.137116
35151,0.835461
35152,0.371207
35153,-0.168913
35154,-0.649443
35155,-0.772986
35156,0.802155
35157,0.066361
35158,0.124774
35159,-0.473122
35160,0.097418
35161,-0.539934
35162,-0.852731
35163,0.387559
35164,0.499486
35165,-0.737697
35166,0.526436
35167,0.917345
35168,0.790281
35169,1.066439
35170,2.297904
35171,-0.086059
35172,-0.169112
35173,0.495305
35174,-1.503031
35175,-0.400053
35176,-0.568487
35177,-0.382993
35178,0.893482
35179,-0.771048
35180,-0.517211
35181,0.421160
35182,0.192652
35183,0.056298
35184,0.269090
35185,-1.851040
35186,-0.897419
35187,-0.044480
35188,-0.272469
35189,-0.950065
35190,1.013706
35191,-0.151312
35192,-1.078287
35193,0.351789
35194,-0.019370
35195,0.704655
35196,0.291888
35197,0.850362
35198,-0.900756
35199,0.590299
35200,-1.234587
35201,1.092601
35202,0.458682
35203,1.426123
35204,-0.326572
35205,1.078304
35206,-0.207200
35207,-0.097094
35208,-0.067544
35209,-0.500957
35210,0.519007
35211,0.055868
35212,0.034575
35213,-1.406404
35214,1.253536
35215,-1.659729
35216,-0.701359
35217,0.121283
35218,-0.223770
35219,-0.891702
35220,0.372596
35221,-0.882817
35222,0.684741
35223,0.430808
35224,-1.100166
35225,0.457473
35226,-0.786438
35227,-0.392901
35228,-2.129639
35229,0.170353
35230,-0.565532
35231,0.315235
35232,-0.375835
35233,0.333659
35234,-1.014050
35235,-0.516336
35236,-0.558485
35237,0.441202
35238,0.144850
35239,-0.056086
35240,-1.162484
35241,-0.427627
35242,-0.449250
35243,-0.868696
35244,0.281556
35245,-0.740222
35246,0.009646
35247,0.397146
35248,0.145292
35249,-0.070531
35250,1.228337
35251,0.057765
35252,-1.100869
35253,0.230116
35254,0.022997
35255,-0.607271
35256,0.898526
35257,0.796156
35258,1.233554
35259,0.312541
35260,-0.417250
35261,2.085850
35262,0.456040
35263,0.037657
35264,0.223991
35265,-2.179960
35266,-2.572145
35267,-1.893983
35268,-0.239470
35269,0.021172
35270,1.279233
35271,2.043342
35272,1.219801
35273,0.315126
35274,1.122644
35275,0.946209
35276,-0.160393
35277,0.892366
35278,1.063169
35279,0.224844
35280,0.731047
35281,-0.569740
35282,-1.483248
35283,-1.034246
35284,-1.009360
35285,0.354522
35286,-0.515542
35287,-0.829712
35288,-0.766696
35289,-0.158462
35290,-1.175669
35291,1.123541
35292,0.700636
35293,-0.439666
35294,-0.960257
35295,-0.498690
35296,0.465476
35297,1.152656
35298,0.438073
35299,0.120842
35300,0.020579
35301,1.019132
35302,-0.503138
35303,1.613899
35304,0.944070
35305,-0.954427
35306,0.851766
35307,0.463335
35308,-2.050946
35309,-0.223562
35310,-0.937292
35311,-0.543548
35312,1.297109
35313,0.982763
35314,1.010433
35315,1.405649
35316,-1.776130
35317,0.407813
35318,-0.421954
35319,-0.826744
35320,0.311838
35321,-1.728949
35322,-1.316198
35323,-0.213998
35324,0.739173
35325,-0.397881
35326,-1.040711
35327,-0.049938
35328,1.375157
35329,0.797982
35330,0.246034
35331,-0.855874
35332,1.296946
35333,0.083530
35334,0.702141
35335,-0.194031
35336,0.044079
35337,-1.168405
35338,-0.304708
35339,-0.508647
35340,-1.661334
35341,0.626629
35342,0.623373
35343,0.625508
35344,0.627267
35345,0.977783
35346,-0.149916
35347,-0.457003
35348,-1.193222
35349,-0.068036
35350,1.044275
35351,-0.429590
35352,-0.436118
35353,-0.503459
35354,1.066273
35355,-0.760428
35356,-0.302807
35357,-0.306604
35358,0.013973
35359,0.148295
35360,0.377377
35361,0.895331
35362,0.967679
35363,-0.075903
35364,0.939414
35365,2.159239
35366,0.891866
35367,-0.334215
35368,0.722559
35369,0.899028
35370,0.665488
35371,0.078462
35372,0.131335
35373,-1.214309
35374,-0.965359
35375,0.106403
35376,-0.070726
35377,0.767629
35378,-1.394639
35379,-0.512553
35380,-1.222609
35381,-0.607469
35382,-0.936007
35383,-1.058238
35384,-1.116460
35385,-0.352200
35386,1.722157
35387,-0.174681
35388,0.977261
35389,0.890603
35390,0.559275
35391,-0.894243
35392,-1.320222
35393,0.190506
35394,0.617976
35395,-0.828017
35396,-0.796253
35397,0.170854
35398,0.182246
35399,-0.576263
35400,0.510145
35401,0.232434
35402,1.661918
35403,0.466286
35404,-1.047439
35405,-0.328608
35406,-0.637027
35407,1.845665
35408,0.158337
35409,-0.003416
35410,0.509769
35411,0.687391
35412,0.785175
35413,0.664340
35414,0.639967
35415,0.506625
35416,-2.288953
35417,-1.204636
35418,1.154756
35419,1.118440
35420,0.352106
35421,0.042712
35422,0.205821
35423,-0.121648
35424,0.211064
35425,-2.672250
35426,-1.257767
35427,-0.056478
35428,-1.583812
35429,-0.896090
35430,-0.097656
35431,0.691862
35432,-0.540660
35433,0.435316
35434,-0.132254
35435,-1.148432
35436,1.632295
35437,0.985521
35438,1.142683
35439,1.415604
35440,-0.617524
35441,0.705796
35442,0.895159
35443,-1.839836
35444,-0.187597
35445,-0.371690
35446,0.477745
35447,-0.491659
35448,0.089716
35449,0.368558
35450,0.787000
35451,-0.659676
35452,0.846661
35453,1.091130
35454,1.454013
35455,0.234174
35456,2.049425
35457,-0.303376
35458,-1.094309
35459,-0.375615
35460,-0.416414
35461,0.625956
35462,0.979288
35463,0.561712
35464,-0.560808
35465,-1.112423
35466,-0.266211
35467,-1.437130
35468,-1.090190
35469,-2.319681
35470,0.421583
35471,0.276536
35472,1.435534
35473,1.846879
35474,-0.547217
35475,1.696148
35476,0.984806
35477,-0.452636
35478,0.297429
35479,0.590637
35480,0.666804
35481,1.018798
35482,0.278828
35483,-0.963307
35484,0.294738
35485,-0.450544
35486,0.323871
35487,0.317010
35488,1.483174
35489,1.801231
35490,1.452776
35491,0.764154
35492,0.614373
35493,-0.043433
35494,-0.309820
35495,-0.677826
35496,0.240965
35497,-2.197971
35498,-3.109778
35499,-2.064606
35500,-2.735200
35501,-1.435545
35502,0.409738
35503,0.464577
35504,0.894026
35505,-0.672268
35506,2.082412
35507,-0.469972
35508,0.003655
35509,1.077501
35510,0.509472
35511,-1.055145
35512,-1.652651
35513,-0.822313
35514,0.619624
35515,1.255220
35516,-0.232702
35517,0.623586
35518,0.024509
35519,0.257352
35520,0.021413
35521,0.481824
35522,-0.859256
35523,-0.172842
35524,2.066675
35525,-0.094650
35526,1.117152
35527,0.466043
35528,-0.806325
35529,-0.659905
35530,-1.861223
35531,0.260574
35532,0.395087
35533,-1.557480
35534,-1.475924
35535,-0.701232
35536,-0.745743
35537,-0.468017
35538,0.345000
35539,0.513446
35540,-1.462976
35541,-1.180827
35542,-1.426322
35543,-0.526236
35544,0.576564
35545,-0.445064
35546,-1.981069
35547,0.393037
35548,-1.781601
35549,-0.588717
35550,-1.017966
35551,-1.632699
35552,-1.529601
35553,0.098132
35554,-1.519712
35555,-1.647036
35556,-0.556584
35557,0.322534
35558,0.396638
35559,-2.117375
35560,-1.204999
35561,-0.194434
35562,-0.383573
35563,0.817038
35564,1.302658
35565,-0.217876
35566,-1.002265
35567,-0.591946
35568,-0.857605
35569,0.186487
35570,1.301584
35571,1.851867
35572,1.292362
35573,0.401026
35574,0.636822
35575,-0.219702
35576,-1.144348
35577,-1.540089
35578,0.450758
35579,1.401826
35580,-0.808146
35581,1.484916
35582,-0.255295
35583,0.051639
35584,1.303652
35585,-0.474877
35586,-1.367399
35587,0.623672
35588,-0.521443
35589,0.366945
35590,-0.339814
35591,1.202304
35592,-0.727469
35593,-0.267254
35594,0.451736
35595,-0.350722
35596,0.470710
35597,-0.315249
35598,0.252798
35599,-0.825836
35600,-0.718382
35601,0.432616
35602,0.407755
35603,-0.237523
35604,1.032967
35605,0.445446
35606,-1.091160
35607,-0.522160
35608,-1.026753
35609,-2.121434
35610,-0.341825
35611,1.512691
35612,0.438766
35613,-0.171428
35614,0.203581
35615,1.006806
35616,0.071346
35617,-0.446587
35618,-0.259828
35619,-0.289394
35620,-0.525971
35621,-0.392745
35622,0.302621
35623,-0.320717
35624,0.197448
35625,-1.561723
35626,-1.378506
35627,-0.258190
35628,-0.853942
35629,0.657379
35630,0.189695
35631,-0.582679
35632,0.178019
35633,1.032385
35634,-1.409702
35635,-3.071501
35636,0.906573
35637,-0.453350
35638,0.825219
35639,-0.386042
35640,1.387429
35641,-1.023122
35642,0.791177
35643,0.348454
35644,1.056878
35645,0.243147
35646,-0.352781
35647,-1.384801
35648,0.628285
35649,0.287241
35650,0.844943
35651,0.145086
35652,-0.680957
35653,-0.537719
35654,-0.290523
35655,-0.962959
35656,-0.204806
35657,1.043617
35658,0.968770
35659,0.044434
35660,-2.363313
35661,-0.666367
35662,0.285863
35663,-0.886670
35664,1.135486
35665,0.563663
35666,-0.994511
35667,0.663544
35668,0.762303
35669,0.305492
35670,-1.396434
35671,0.027428
35672,0.469535
35673,-0.769982
35674,-2.301949
35675,-0.158461
35676,0.576133
35677,1.050442
35678,-0.036178
35679,1.979671
35680,-0.568444
35681,2.378097
35682,1.492034
35683,2.191390
35684,-1.006186
35685,0.484285
35686,-0.057859
35687,-1.150458
35688,0.327043
35689,0.930565
35690,0.003552
35691,-1.333386
35692,-0.576960
35693,0.503762
35694,0.410008
35695,1.456862
35696,0.510362
35697,-0.141527
35698,0.341282
35699,-1.165714
35700,-0.319750
35701,-0.393789
35702,0.848104
35703,-0.537731
35704,-0.348526
35705,1.916877
35706,0.336298
35707,0.627621
35708,0.973573
35709,1.596744
35710,0.140620
35711,-1.250066
35712,1.671517
35713,0.721483
35714,-1.509782
35715,-0.247452
35716,0.085323
35717,0.453211
35718,0.947870
35719,0.642170
35720,2.461888
35721,0.542874
35722,1.604818
35723,0.816017
35724,0.892586
35725,0.902005
35726,-1.071449
35727,0.485198
35728,-0.434857
35729,-1.946611
35730,0.918569
35731,1.012193
35732,0.000972
35733,0.756488
35734,-0.385625
35735,0.259169
35736,0.996407
35737,-0.032423
35738,1.064125
35739,-0.076384
35740,-0.305206
35741,1.251452
35742,-1.068643
35743,-1.420756
35744,-0.610650
35745,-0.108648
35746,-0.300673
35747,1.419788
35748,-1.250417
35749,1.678885
35750,0.674665
35751,-0.748021
35752,1.656403
35753,-0.515359
35754,0.860117
35755,0.944707
35756,-0.145618
35757,0.214970
35758,1.563411
35759,-0.956109
35760,-1.255208
35761,0.112121
35762,1.217868
35763,1.080322
35764,0.900953
35765,0.090749
35766,0.646125
35767,1.065152
35768,-0.708486
35769,1.209779
35770,0.822078
35771,0.128854
35772,1.080917
35773,0.717447
35774,2.066196
35775,1.101799
35776,0.226506
35777,0.085298
35778,1.312417
35779,-0.035508
35780,-3.209883
35781,1.050556
35782,0.376413
35783,-0.120960
35784,-2.134500
35785,-1.659048
35786,-1.757758
35787,-0.163803
35788,0.568301
35789,0.612763
35790,0.062779
35791,0.936342
35792,-0.633497
35793,-0.416008
35794,-0.620940
35795,1.271975
35796,-0.150102
35797,-0.327547
35798,0.376877
35799,-0.870304
35800,-1.007499
35801,-0.378141
35802,0.128189
35803,-0.466570
35804,-1.111132
35805,-0.196086
35806,-0.505200
35807,-0.811593
35808,0.099856
35809,1.172227
35810,0.274969
35811,-0.373000
35812,0.209813
35813,-1.342711
35814,-1.681388
35815,-1.400649
35816,-0.396912
35817,1.486927
35818,-0.852528
35819,-0.185958
35820,-0.252587
35821,-1.514176
35822,0.975921
35823,0.520779
35824,1.487079
35825,-0.815373
35826,-0.193204
35827,-0.030896
35828,0.993175
35829,0.307322
35830,0.809622
35831,-1.641288
35832,-1.357873
35833,0.157199
35834,-0.420258
35835,0.729866
35836,-0.659641
35837,0.286967
35838,0.093283
35839,-0.900959
35840,1.096127
35841,2.308075
35842,1.280340
35843,0.440276
35844,-0.167429
35845,-1.162486
35846,-0.148625
35847,-0.042710
35848,0.332316
35849,0.910333
35850,0.958825
35851,0.923791
35852,-0.528287
35853,-0.812253
35854,0.051768
35855,1.114676
35856,0.157420
35857,0.995277
35858,-1.325011
35859,-2.553983
35860,-0.610248
35861,0.536776
35862,0.094342
35863,-1.197633
35864,-0.848287
35865,-0.991974
35866,-0.362500
35867,-0.898233
35868,-0.502687
35869,-0.272097
35870,1.449284
35871,1.860029
35872,0.739438
35873,1.210783
35874,-0.073606
35875,0.096221
35876,1.297331
35877,-0.809338
35878,-1.154697
35879,-1.325176
35880,-0.985311
35881,-1.214640
35882,0.192422
35883,0.477347
35884,0.097583
35885,-0.910380
35886,0.664202
35887,-1.446131
35888,-0.860358
35889,-1.011041
35890,0.468193
35891,1.433165
35892,1.807177
35893,0.317486
35894,-0.243625
35895,-2.257925
35896,-0.959639
35897,-0.351346
35898,-0.641191
35899,0.522618
35900,-0.425500
35901,-0.190907
35902,0.082297
35903,2.189559
35904,0.009059
35905,1.714904
35906,0.480659
35907,0.069902
35908,0.787417
35909,-0.343053
35910,-1.925330
35911,0.422967
35912,2.678196
35913,1.346664
35914,0.961151
35915,-0.798307
35916,0.155553
35917,0.633679
35918,0.205426
35919,0.283602
35920,0.416732
35921,-0.809781
35922,1.489818
35923,0.232815
35924,-0.973829
35925,0.780647
35926,-0.495637
35927,0.517810
35928,1.597694
35929,0.568318
35930,-0.232028
35931,-1.013960
35932,-1.227989
35933,0.678610
35934,-0.995939
35935,0.192616
35936,0.843591
35937,-0.160993
35938,-0.196524
35939,-1.270476
35940,-0.795184
35941,-0.151727
35942,-0.750678
35943,-0.000315
35944,-0.698539
35945,0.175844
35946,-0.607875
35947,0.185683
35948,0.105553
35949,-1.822285
35950,0.501450
35951,0.055499
35952,1.448240
35953,1.284950
35954,0.333603
35955,-0.286050
35956,-0.206661
35957,-0.783891
35958,-0.269582
35959,0.437080
35960,0.648614
35961,-1.423479
35962,0.140180
35963,0.570869
35964,0.749387
35965,0.621223
35966,0.026333
35967,-0.007654
35968,-0.450949
35969,0.208802
35970,0.273332
35971,0.456354
35972,-0.652445
35973,-1.000925
35974,0.181960
35975,0.464668
35976,-1.782005
35977,-1.073737
35978,0.547609
35979,0.613997
35980,-0.324988
35981,-0.943761
35982,0.325926
35983,-1.058409
35984,-0.001366
35985,-0.147606
35986,0.655508
35987,0.134794
35988,-0.477884
35989,-0.397209
35990,0.811091
35991,-2.814490
35992,-1.062314
35993,-1.580479
35994,0.601571
35995,1.360907
35996,0.021178
35997,-0.915050
35998,0.564160
35999,-0.497733
36000,0.062859
36001,-0.959471
36002,-1.582204
36003,-0.968747
36004,-0.709708
36005,0.894162
36006,-0.204931
36007,-1.657324
36008,-0.754554
36009,-0.083242
36010,-0.282170
36011,-0.619769
36012,2.062191
36013,1.539458
36014,-0.811816
36015,-1.669758
36016,0.078015
36017,-0.086906
36018,-0.538882
36019,-1.750403
36020,0.406000
36021,-0.252247
36022,-0.042094
36023,0.177142
36024,1.436899
36025,-0.786788
36026,-0.474962
36027,1.204143
36028,-0.575478
36029,0.800019
36030,2.782675
36031,-0.028255
36032,0.221725
36033,-0.795921
36034,-0.262651
36035,1.082833
36036,-2.505118
36037,0.100622
36038,-0.717417
36039,0.899802
36040,0.830865
36041,-0.978855
36042,-0.211081
36043,0.157666
36044,-0.591019
36045,-1.261924
36046,0.756638
36047,-1.948927
36048,0.234296
36049,0.024647
36050,0.772030
36051,0.120716
36052,-1.004394
36053,0.717246
36054,-2.192447
36055,-1.106292
36056,-1.866477
36057,-0.858658
36058,-0.587635
36059,1.019509
36060,-0.000271
36061,-0.679124
36062,2.654841
36063,1.849347
36064,1.073554
36065,0.871638
36066,0.668956
36067,0.072591
36068,-0.964609
36069,-0.440105
36070,-0.056723
36071,0.519843
36072,0.983958
36073,0.127548
36074,0.691195
36075,-0.570568
36076,-0.728586
36077,0.398132
36078,-0.935114
36079,0.941006
36080,-0.561823
36081,1.071571
36082,0.223224
36083,1.518601
36084,-1.263764
36085,-2.038284
36086,-1.102382
36087,1.158300
36088,0.962079
36089,0.463045
36090,1.416459
36091,-0.180841
36092,-1.260918
36093,-0.051149
36094,0.302903
36095,-0.465640
36096,-2.621126
36097,-0.130711
36098,0.709733
36099,1.198310
36100,-0.574723
36101,1.872996
36102,1.889158
36103,0.260309
36104,0.927731
36105,-0.060949
36106,0.467386
36107,-0.712417
36108,0.558254
36109,-1.829378
36110,-1.602453
36111,0.633739
36112,-0.550798
36113,-1.477970
36114,-0.089098
36115,-1.063273
36116,-0.378170
36117,0.022717
36118,-0.912728
36119,2.196220
36120,1.426961
36121,-0.316506
36122,1.099575
36123,-0.094454
36124,0.114413
36125,-1.009616
36126,-1.704570
36127,0.534705
36128,-0.313223
36129,-1.431701
36130,-1.580725
36131,0.384804
36132,-0.290226
36133,0.117689
36134,0.948664
36135,0.853390
36136,0.188662
36137,2.442462
36138,1.690898
36139,0.374675
36140,0.879945
36141,-0.934148
36142,-0.388223
36143,-0.969449
36144,-0.806687
36145,-0.634765
36146,0.069448
36147,0.450893
36148,0.024404
36149,-0.181420
36150,0.892152
36151,0.346670
36152,-0.201226
36153,-0.274105
36154,-0.918292
36155,-1.173594
36156,-1.562893
36157,-1.201370
36158,-0.407385
36159,1.137761
36160,-0.666844
36161,0.382432
36162,-1.266275
36163,1.132637
36164,0.530916
36165,1.540393
36166,1.050089
36167,-1.141330
36168,0.968982
36169,1.964940
36170,0.878265
36171,2.431992
36172,2.924333
36173,1.213633
36174,0.867116
36175,1.582146
36176,-0.195359
36177,-0.900041
36178,1.553650
36179,-0.817358
36180,0.655436
36181,-0.239395
36182,0.087577
36183,0.899955
36184,-0.680694
36185,0.290081
36186,0.577366
36187,0.995078
36188,-0.322431
36189,-0.957609
36190,-1.072889
36191,0.382759
36192,1.107507
36193,0.782937
36194,2.026490
36195,0.647773
36196,-2.178547
36197,0.572550
36198,-0.222472
36199,-0.378590
36200,0.315025
36201,-1.264767
36202,-0.688681
36203,1.299576
36204,-0.927059
36205,0.244512
36206,1.954495
36207,0.766270
36208,-0.422087
36209,-0.184106
36210,-0.279580
36211,0.235809
36212,0.422367
36213,-0.926152
36214,0.351158
36215,-0.327512
36216,2.564263
36217,1.323002
36218,1.234967
36219,0.975508
36220,0.254955
36221,-0.580689
36222,0.453875
36223,-1.132133
36224,-0.010961
36225,1.506408
36226,2.212105
36227,1.288740
36228,-0.758473
36229,-0.656597
36230,-1.230364
36231,0.731572
36232,0.980625
36233,0.843919
36234,2.087656
36235,0.947406
36236,0.879191
36237,0.613177
36238,0.476734
36239,0.055898
36240,0.719525
36241,-0.325241
36242,1.461908
36243,1.395411
36244,-0.852131
36245,-2.459404
36246,-0.231109
36247,0.350316
36248,-1.380906
36249,0.280852
36250,-0.762935
36251,-0.100065
36252,-0.548171
36253,1.108802
36254,0.342252
36255,-1.259630
36256,-0.401075
36257,-0.286981
36258,-0.524049
36259,-0.000780
36260,-2.072661
36261,-2.636795
36262,-0.519633
36263,-0.644820
36264,0.011226
36265,1.524870
36266,1.870306
36267,0.745210
36268,-0.083258
36269,0.979317
36270,0.414587
36271,2.004719
36272,1.640202
36273,-0.554710
36274,2.295163
36275,0.865923
36276,0.831767
36277,0.160020
36278,1.401164
36279,1.447526
36280,-0.512656
36281,1.385419
36282,0.272820
36283,-0.332151
36284,-0.222440
36285,1.243316
36286,2.736000
36287,0.039417
36288,-0.825930
36289,-1.097786
36290,-0.812985
36291,-1.419936
36292,-0.828426
36293,0.093768
36294,-0.193032
36295,-1.950484
36296,-0.466020
36297,0.967039
36298,0.813499
36299,0.368069
36300,-0.017352
36301,0.130637
36302,-1.437694
36303,-0.719592
36304,-1.638165
36305,-0.991481
36306,0.666490
36307,0.706965
36308,0.128481
36309,-1.387540
36310,0.373991
36311,-0.661845
36312,-1.236863
36313,-0.728369
36314,-0.559000
36315,-0.258433
36316,-1.981844
36317,-0.584112
36318,0.311263
36319,0.415417
36320,-0.825331
36321,-1.139724
36322,0.248559
36323,0.143023
36324,0.386980
36325,-0.161513
36326,0.191199
36327,-0.632445
36328,1.303896
36329,1.795315
36330,0.576486
36331,1.030124
36332,-0.156002
36333,-0.623727
36334,1.901728
36335,0.864200
36336,0.573610
36337,-0.016548
36338,1.471049
36339,0.505369
36340,1.257229
36341,-0.778214
36342,0.180697
36343,0.600299
36344,0.675224
36345,-0.085528
36346,0.165440
36347,-0.673980
36348,-0.019068
36349,0.022748
36350,-0.825625
36351,-0.910207
36352,-0.566872
36353,1.267129
36354,0.372394
36355,0.027170
36356,-1.005342
36357,-1.160070
36358,-0.549238
36359,-0.222896
36360,0.359678
36361,1.247852
36362,0.903414
36363,0.879259
36364,-0.862737
36365,0.056235
36366,0.577679
36367,-0.047190
36368,-0.448777
36369,0.524984
36370,-0.571237
36371,1.212052
36372,1.181834
36373,0.338866
36374,0.080974
36375,-0.572910
36376,-1.018224
36377,0.252636
36378,-0.675775
36379,-0.135422
36380,0.765494
36381,0.377928
36382,0.959206
36383,-0.852568
36384,-0.002574
36385,-0.774486
36386,1.310137
36387,1.081309
36388,0.168942
36389,0.571982
36390,1.135432
36391,0.069028
36392,0.077085
36393,1.333477
36394,2.101442
36395,142.165348
36396,176.566613
36397,188.823909
36398,187.202146
36399,184.785647
36400,183.922907
36401,189.248463
36402,184.569575
36403,186.444621
36404,187.239945
36405,185.542997
36406,183.685199
36407,182.861498
36408,185.062337
36409,184.153615
36410,184.423597
36411,185.262889
36412,184.531207
36413,184.467822
36414,187.058992
36415,187.787612
36416,185.781986
36417,186.299046
36418,184.709643
36419,187.953260
36420,188.519235
36421,189.490818
36422,186.320665
36423,186.119283
36424,188.916521
36425,186.794816
36426,186.041445
36427,184.993201
36428,185.681223
36429,185.893058
36430,185.259187
36431,185.741649
36432,185.117772
36433,186.226301
36434,185.950232
36435,184.716098
36436,184.971934
36437,185.306107
36438,186.163794
36439,185.768528
36440,185.237377
36441,184.045331
36442,188.843239
36443,190.425304
36444,187.127664
36445,187.095988
36446,184.497922
36447,185.300324
36448,187.297636
36449,185.991109
36450,188.308942
36451,187.733623
36452,185.384583
36453,187.188313
36454,187.485243
36455,184.480203
36456,183.643667
36457,185.401812
36458,185.287050
36459,184.492377
36460,186.014723
36461,189.023668
36462,189.254012
36463,183.080594
36464,184.059483
36465,185.015906
36466,184.818997
36467,183.010833
36468,186.806884
36469,187.255221
36470,183.940913
36471,186.873063
36472,185.934864
36473,187.091237
36474,188.939252
36475,194.254698
36476,188.437292
36477,189.850776
36478,186.756957
36479,187.342897
36480,181.402517
36481,184.738396
36482,186.319534
36483,186.130087
36484,184.721151
36485,186.777982
36486,188.210393
36487,181.604996
36488,186.495297
36489,187.328987
36490,188.150255
36491,188.494227
36492,188.890302
36493,189.273747
36494,184.261281
36495,184.503440
36496,185.492835
36497,185.628805
36498,183.898629
36499,192.644799
36500,186.110648
36501,186.882530
36502,185.242078
36503,185.960117
36504,189.226249
36505,182.211167
36506,183.674476
36507,187.300237
36508,188.769322
36509,188.762798
36510,187.402586
36511,186.095486
36512,187.873818
36513,191.228699
36514,187.051010
36515,185.120627
36516,185.825707
36517,185.157676
36518,187.635610
36519,184.210087
36520,184.893077
36521,186.426111
36522,186.575827
36523,185.703818
36524,186.133756
36525,189.655038
36526,186.329502
36527,186.351736
36528,185.700734
36529,186.694196
36530,186.490695
36531,185.689168
36532,183.029646
36533,187.060448
36534,186.477648
36535,183.673330
36536,185.599353
36537,46.847574
36538,11.737151
36539,3.619450
36540,0.228471
36541,0.716942
36542,0.373001
36543,-0.438152
36544,-0.750893
36545,0.392201
36546,0.819519
36547,0.002673
36548,-0.812987
36549,-2.726550
36550,-0.660032
36551,-0.025706
36552,0.355664
36553,-0.112480
36554,-0.609126
36555,2.223041
36556,0.842485
36557,-1.491708
36558,0.812473
36559,-0.737363
36560,-0.970557
36561,-0.580049
36562,-1.134611
36563,-0.081512
36564,-1.235686
36565,-0.713183
36566,-0.288820
36567,-0.473712
36568,-0.806924
36569,0.049810
36570,0.270416
36571,-0.425840
36572,-0.710631
36573,-1.205062
36574,-0.491547
36575,-0.515760
36576,-0.182427
36577,-1.338929
36578,-0.432125
36579,-0.995221
36580,-1.272853
36581,0.558419
36582,1.465258
36583,1.838693
36584,-0.652103
36585,-0.776428
36586,-1.750667
36587,1.618321
36588,0.001596
36589,-0.040582
36590,-0.401500
36591,1.681900
36592,-0.888429
36593,-1.153020
36594,-1.373060
36595,-1.298232
36596,1.116850
36597,2.720854
36598,-1.641527
36599,-0.484537
36600,0.177415
36601,-0.210835
36602,-1.225383
36603,-0.582277
36604,0.148793
36605,0.278454
36606,-1.005694
36607,-1.658998
36608,-1.137430
36609,-0.237815
36610,0.821568
36611,0.300337
36612,3.287119
36613,1.564616
36614,-1.290382
36615,0.414467
36616,0.883703
36617,1.357818
36618,0.244341
36619,0.171966
36620,-0.631056
36621,-0.469799
36622,0.285197
36623,-0.479606
36624,1.055636
36625,0.143161
36626,-0.385790
36627,-0.654869
36628,-0.728624
36629,-0.219853
36630,-0.852680
36631,-0.503271
36632,0.476880
36633,-2.112712
36634,-0.821700
36635,-0.766043
36636,0.262135
36637,0.775824
36638,0.974877
36639,3.521317
36640,-0.415488
36641,0.827304
36642,1.839350
36643,-1.539877
36644,-0.187965
36645,0.898782
36646,-0.030960
36647,-1.380788
36648,-0.772321
36649,0.520436
36650,-0.255504
36651,0.059977
36652,-0.589634
36653,0.504852
36654,0.218055
36655,-0.590356
36656,0.495813
36657,0.012404
36658,-1.696577
36659,0.184977
36660,-1.037815
36661,1.591050
36662,0.553579
36663,0.662011
36664,-0.484159
36665,-0.662055
36666,0.057571
36667,-0.944428
36668,-1.634134
36669,-0.766361
36670,-0.103728
36671,1.261974
36672,0.684501
36673,-0.595498
36674,-1.265177
36675,-0.567220
36676,0.971957
36677,-0.383514
36678,2.347114
36679,0.353306
36680,-0.801293
36681,-2.293381
36682,-1.765138
36683,1.054234
36684,0.102970
36685,0.157749
36686,0.413027
36687,-1.228979
36688,0.342048
36689,0.324405
36690,0.140794
36691,0.821564
36692,-0.559853
36693,-1.988811
36694,-1.510895
36695,-1.167870
36696,-0.765936
36697,-0.658069
36698,-0.393590
36699,0.888296
36700,-1.218192
36701,-0.651817
36702,0.801576
36703,-0.547245
36704,0.786028
36705,1.824647
36706,1.477316
36707,1.297899
36708,1.045442
36709,1.237080
36710,-0.044722
36711,-0.054081
36712,1.027397
36713,2.020055
36714,0.373261
36715,1.330147
36716,1.481832
36717,0.141330
36718,-0.150679
36719,-0.191216
36720,0.047059
36721,0.498177
36722,-0.704424
36723,0.257432
36724,1.999890
36725,0.893002
36726,1.564455
36727,-0.278346
36728,-0.404563
36729,-0.792507
36730,-1.544554
36731,-0.167799
36732,-1.362474
36733,-0.088360
36734,-0.563923
36735,-1.163588
36736,-0.705336
36737,-0.746742
36738,0.063993
36739,0.295498
36740,0.011752
36741,0.842780
36742,-0.771530
36743,-0.212855
36744,0.800143
36745,0.746683
36746,1.533006
36747,0.178750
36748,-0.156101
36749,-0.187850
36750,-0.599621
36751,0.430745
36752,0.821067
36753,0.474678
36754,-1.707969
36755,-1.000855
36756,0.251610
36757,-0.373139
36758,1.779023
36759,1.104209
36760,-0.163659
36761,2.060580
36762,0.510158
36763,-1.516676
36764,1.095919
36765,-0.425311
36766,0.191395
36767,1.517633
36768,1.634932
36769,0.481660
36770,1.063283
36771,1.905904
36772,0.655957
36773,-0.729879
36774,1.338411
36775,-0.409889
36776,-1.655600
36777,-0.658910
36778,0.799015
36779,-1.029124
36780,1.168612
36781,-1.213540
36782,-0.103121
36783,-1.328294
36784,-0.436230
36785,2.740153
36786,-0.433841
36787,-0.976471
36788,0.810972
36789,1.123007
36790,-0.691387
36791,-0.059909
36792,0.385377
36793,0.323226
36794,-1.834983
36795,-0.273475
36796,0.238543
36797,-1.067599
36798,0.503037
36799,-0.538182
36800,0.051738
36801,-0.834472
36802,-0.865845
36803,2.262566
36804,0.117889
36805,0.121257
36806,0.814058
36807,2.060752
36808,-1.041537
36809,-1.390714
36810,0.705068
36811,-0.136251
36812,-0.800481
36813,-0.004037
36814,0.181310
36815,-0.742734
36816,-0.451387
36817,-0.571939
36818,-0.112952
36819,1.889823
36820,1.580845
36821,-0.794491
36822,-0.786456
36823,0.608582
36824,1.127108
36825,-1.669268
36826,0.686727
36827,2.252763
36828,-0.584380
36829,0.117789
36830,-0.271855
36831,-0.299128
36832,-0.452680
36833,0.395675
36834,0.845181
36835,-1.201150
36836,-0.964213
36837,-1.104051
36838,0.494125
36839,-1.328023
36840,0.775866
36841,0.029213
36842,0.474916
36843,-1.303268
36844,0.111248
36845,0.084776
36846,-1.201721
36847,-0.363129
36848,1.790045
36849,1.690489
36850,-0.031395
36851,-0.460659
36852,0.100652
36853,-1.219131
36854,-0.358711
36855,0.273963
36856,-0.696898
36857,1.317874
36858,1.683905
36859,1.653206
36860,-0.767076
36861,-1.205852
36862,0.915268
36863,-0.743915
36864,0.531945
36865,0.633284
36866,-0.087916
36867,0.807663
36868,0.717684
36869,-0.160600
36870,0.252951
36871,-1.158602
36872,-1.881715
36873,-0.104290
36874,1.164780
36875,2.633223
36876,1.955874
36877,1.817147
36878,1.386657
36879,1.643655
36880,-0.020009
36881,1.161919
36882,0.690713
36883,-0.198884
36884,-0.359230
36885,-1.006898
36886,0.212939
36887,1.482516
36888,-0.612568
36889,-1.317704
36890,-0.103267
36891,1.290799
36892,1.054611
36893,-0.615865
36894,-1.538937
36895,-0.867852
36896,1.803173
36897,1.094217
36898,-1.214766
36899,-0.246894
36900,0.875780
36901,0.953479
36902,0.311318
36903,-0.467889
36904,0.655754
36905,-0.386486
36906,0.119621
36907,-0.829812
36908,-0.493717
36909,-0.980929
36910,-1.709981
36911,0.598750
36912,0.469893
36913,0.024246
36914,-0.641446
36915,0.072500
36916,-0.182346
36917,1.189457
36918,0.261425
36919,1.107343
36920,-0.381886
36921,1.538563
36922,1.037834
36923,2.196277
36924,0.713007
36925,1.773764
36926,0.942628
36927,0.724839
36928,-0.452479
36929,-0.813609
36930,-0.673400
36931,0.027199
36932,1.660014
36933,0.744390
36934,0.274318
36935,-0.507043
36936,-0.413292
36937,0.337390
36938,-0.254738
36939,-0.772094
36940,-0.779769
36941,-0.691833
36942,0.325818
36943,-0.745379
36944,-0.989993
36945,1.943052
36946,0.329967
36947,-0.486905
36948,-1.025065
36949,-1.725205
36950,-0.785830
36951,-1.516276
36952,-0.547420
36953,-0.810697
36954,-0.353663
36955,-1.416259
36956,1.627124
36957,0.145922
36958,0.457381
36959,-1.310156
36960,-0.409133
36961,0.408777
36962,0.390280
36963,-1.305290
36964,2.420394
36965,1.510149
36966,1.886804
36967,-1.386943
36968,-0.185206
36969,-1.105702
36970,-0.744526
36971,-0.037156
36972,2.106302
36973,-1.254015
36974,0.263726
36975,1.788313
36976,-0.654338
36977,1.440207
36978,0.370283
36979,0.170265
36980,-0.486717
36981,-0.872278
36982,-0.328555
36983,0.961272
36984,1.383977
36985,0.229528
36986,2.273367
36987,-0.275202
36988,1.139796
36989,0.759959
36990,2.102509
36991,2.041680
36992,0.598354
36993,-0.871575
36994,-1.201908
36995,-0.610537
36996,-0.085065
36997,-0.042660
36998,0.397691
36999,-0.202513
37000,-0.353505
37001,-0.379872
37002,-0.555115
37003,0.658053
37004,1.274752
37005,0.866582
37006,-0.842248
37007,-1.084022
37008,0.692841
37009,-1.356892
37010,-1.975359
37011,-0.733457
37012,0.327618
37013,-0.646019
37014,-0.362690
37015,1.542339
37016,-0.343955
37017,0.170595
37018,-0.896009
37019,-0.347391
37020,-0.437174
37021,2.038019
37022,0.057564
37023,-1.659984
37024,-0.570703
37025,-1.055111
37026,0.302372
37027,0.129904
37028,0.193241
37029,0.504587
37030,0.329723
37031,0.316983
37032,1.074933
37033,-0.896194
37034,-1.202411
37035,-0.523390
37036,-0.708337
37037,-0.357183
37038,0.211387
37039,-0.470627
37040,-0.488655
37041,-0.280909
37042,1.722203
37043,-0.865844
37044,-0.949778
37045,-0.959381
37046,-1.278653
37047,1.971919
37048,-0.274165
37049,0.869704
37050,0.458428
37051,0.016167
37052,0.758425
37053,-0.385322
37054,1.053251
37055,-1.015142
37056,-1.885165
37057,0.849795
37058,-0.972973
37059,-0.663986
37060,0.841924
37061,-0.364165
37062,0.764568
37063,0.116219
37064,-0.099085
37065,0.303182
37066,0.985617
37067,-1.444231
37068,1.133360
37069,0.885966
37070,1.394558
37071,2.232798
37072,0.395593
37073,-1.554933
37074,-0.018402
37075,-1.302529
37076,1.520340
37077,-1.858077
37078,-2.298357
37079,0.113138
37080,-0.953402
37081,-1.613087
37082,-1.692048
37083,-1.539384
37084,-0.738964
37085,1.288914
37086,-0.864915
37087,-2.148296
37088,1.600832
37089,-0.444940
37090,-0.563027
37091,-0.351507
37092,-0.423879
37093,-1.274236
37094,-0.825792
37095,-0.727959
37096,-0.029866
37097,-0.673948
37098,1.933480
37099,0.377830
37100,1.057884
37101,-0.131819
37102,-0.027855
37103,-0.063962
37104,0.427150
37105,1.440526
37106,-0.076246
37107,0.134704
37108,-1.398944
37109,-0.912023
37110,0.639247
37111,-0.754839
37112,-0.535808
37113,-1.275436
37114,-1.806231
37115,0.800221
37116,0.441677
37117,-0.760603
37118,0.687776
37119,-0.894322
37120,-1.993051
37121,-0.755655
37122,-0.171893
37123,-2.375070
37124,-3.444577
37125,-1.935686
37126,-0.702624
37127,-0.245744
37128,0.025520
37129,-0.149821
37130,-1.445978
37131,0.009780
37132,0.369768
37133,-0.412700
37134,-0.642131
37135,-1.023851
37136,0.011447
37137,1.277088
37138,1.797304
37139,0.413974
37140,-0.984092
37141,0.113852
37142,-1.008739
37143,1.388690
37144,-1.115605
37145,1.613663
37146,-0.884100
37147,0.801761
37148,-0.060021
37149,1.397956
37150,0.813059
37151,0.472959
37152,0.418804
37153,0.144863
37154,-0.071498
37155,1.580264
37156,0.407240
37157,0.758716
37158,0.422038
37159,-1.706589
37160,-1.855425
37161,-1.274495
37162,-0.408509
37163,1.212719
37164,0.595021
37165,-0.634751
37166,0.326316
37167,-0.776850
37168,-0.135215
37169,0.619415
37170,0.268745
37171,1.327191
37172,-2.023925
37173,-0.964883
37174,-0.710819
37175,0.064183
37176,-1.772846
37177,-0.813271
37178,-0.816716
37179,1.046872
37180,0.809777
37181,-0.997474
37182,-2.244261
37183,0.470405
37184,-0.325674
37185,-0.472118
37186,0.077470
37187,-0.034090
37188,1.195526
37189,1.212164
37190,-1.650056
37191,-0.093877
37192,-0.395376
37193,-2.080318
37194,-0.872225
37195,0.685986
37196,-1.487997
37197,-0.750432
37198,1.863399
37199,0.003641
37200,0.793658
37201,-0.521515
37202,0.553178
37203,-0.533800
37204,0.381858
37205,0.837242
37206,0.237406
37207,0.037427
37208,-0.452416
37209,-0.221997
37210,-0.143289
37211,-1.530208
37212,0.045013
37213,-0.176560
37214,-1.658389
37215,-0.812385
37216,0.901616
37217,0.975994
37218,-1.220464
37219,-0.102860
37220,-0.857101
37221,0.303928
37222,0.485781
37223,0.893225
37224,-1.449729
37225,-0.021376
37226,0.135990
37227,-0.477254
37228,-0.441118
37229,-1.608561
37230,0.570925
37231,-0.950365
37232,0.926115
37233,-0.167927
37234,-0.896885
37235,-0.672154
37236,0.347608
37237,-1.276103
37238,0.786219
37239,-0.549272
37240,0.624277
37241,-0.587847
37242,0.931557
37243,0.103613
37244,1.857461
37245,-0.270924
37246,1.172881
37247,0.399586
37248,0.068623
37249,-0.221123
37250,0.594417
37251,2.011447
37252,0.284733
37253,1.143582
37254,1.228552
37255,-0.795078
37256,0.683990
37257,1.562807
37258,0.480183
37259,-0.626601
37260,1.110994
37261,0.245237
37262,-0.328903
37263,1.541454
37264,2.184634
37265,1.999347
37266,-0.753316
37267,0.523042
37268,0.415520
37269,-1.851372
37270,0.204265
37271,-0.762159
37272,0.954832
37273,1.221335
37274,1.620801
37275,0.253645
37276,0.470082
37277,0.252046
37278,-0.279562
37279,-0.968065
37280,-0.491367
37281,0.874622
37282,0.972513
37283,0.447159
37284,0.922717
37285,0.485570
37286,0.943634
37287,0.267134
37288,1.261254
37289,1.019901
37290,1.100649
37291,0.462563
37292,1.584801
37293,0.238263
37294,-0.473008
37295,-1.014132
37296,1.112023
37297,0.896013
37298,1.007659
37299,-1.490576
37300,0.327321
37301,0.142350
37302,-0.840579
37303,-0.421610
37304,0.215847
37305,0.677486
37306,-0.601331
37307,0.659658
37308,0.284162
37309,1.443905
37310,0.062526
37311,-1.457096
37312,-1.411431
37313,-0.724784
37314,-0.091965
37315,0.069781
37316,0.528398
37317,1.607074
37318,1.175273
37319,0.574629
37320,0.743354
37321,-0.363253
37322,0.870568
37323,1.232421
37324,1.403201
37325,-0.963437
37326,-0.497239
37327,-0.482031
37328,-0.910641
37329,-0.465239
37330,-2.061897
37331,1.518830
37332,0.360179
37333,0.555961
37334,-0.722221
37335,-0.787289
37336,-0.558848
37337,-0.008102
37338,-0.343800
37339,1.285031
37340,0.253916
37341,-1.313051
37342,0.686313
37343,-0.523924
37344,1.721321
37345,-0.658664
37346,0.914616
37347,-0.690923
37348,0.998651
37349,-0.690286
37350,0.372556
37351,0.066906
37352,0.471745
37353,1.675685
37354,0.095899
37355,-0.154567
37356,-0.050606
37357,0.988666
37358,0.239648
37359,-0.020796
37360,0.616222
37361,0.016137
37362,-0.158551
37363,0.896818
37364,1.187462
37365,-0.559024
37366,0.337351
37367,1.360534
37368,1.995438
37369,0.212975
37370,-1.595506
37371,0.653455
37372,-0.863586
37373,0.295290
37374,0.099751
37375,-0.783758
37376,-0.618137
37377,0.827373
37378,0.528273
37379,-0.630993
37380,-0.720054
37381,-2.189820
37382,0.374176
37383,0.965268
37384,-0.167321
37385,-0.596058
37386,2.623612
37387,0.023841
37388,-0.217995
37389,-1.672467
37390,-1.463775
37391,-0.264682
37392,-0.590516
37393,-0.568360
37394,0.338174
37395,-0.679106
37396,-3.015821
37397,1.537673
37398,-0.153288
37399,-0.781091
37400,0.299083
37401,0.720220
37402,-0.901009
37403,0.639748
37404,1.995931
37405,0.461272
37406,0.576102
37407,0.505907
37408,-0.942894
37409,1.371169
37410,0.773447
37411,-1.629853
37412,-2.187975
37413,0.001871
37414,-0.312851
37415,1.461180
37416,-1.515288
37417,0.004848
37418,1.147770
37419,0.112276
37420,0.740079
37421,0.380391
37422,-0.325963
37423,-0.840977
37424,-1.339793
37425,-1.290285
37426,0.528579
37427,1.134642
37428,0.383792
37429,0.534925
37430,-2.447953
37431,-0.477803
37432,-0.816085
37433,-0.556032
37434,-0.762513
37435,0.516896
37436,1.679825
37437,-0.691732
37438,-0.125349
37439,2.071631
37440,0.623420
37441,0.602335
37442,0.233455
37443,0.352262
37444,0.145908
37445,1.578002
37446,-0.339240
37447,-1.503613
37448,-1.364759
37449,0.005922
37450,0.818378
37451,0.246788
37452,-0.195108
37453,-0.794427
37454,0.028772
37455,-0.468283
37456,1.066267
37457,0.350549
37458,1.905213
37459,0.133276
37460,1.707256
37461,1.229478
37462,2.162447
37463,0.511002
37464,0.633064
37465,-1.848835
37466,-0.250898
37467,0.537331
37468,-0.101530
37469,1.359209
37470,-0.484428
37471,-1.189615
37472,1.032345
37473,1.579993
37474,0.325406
37475,0.871864
37476,-0.152925
37477,0.440173
37478,0.948689
37479,-0.135763
37480,0.836142
37481,0.644103
37482,-0.280256
37483,-0.120534
37484,-0.758924
37485,-3.274374
37486,-0.944787
37487,0.356715
37488,0.060734
37489,-0.880343
37490,1.858420
37491,2.090780
37492,-0.533479
37493,-1.856739
37494,-1.140653
37495,-2.347419
37496,-2.041270
37497,-1.506582
37498,-0.542872
37499,-1.145243
37500,0.294253
37501,-0.494788
37502,0.164826
37503,0.834123
37504,1.254323
37505,0.029090
37506,-0.838974
37507,1.239067
37508,0.910836
37509,0.806067
37510,-0.395594
37511,-1.595040
37512,-0.247703
37513,-0.789185
37514,-2.405225
37515,-0.242001
37516,-1.168533
37517,-0.176253
37518,0.215045
37519,0.269291
37520,-1.105543
37521,0.525139
37522,0.804724
37523,0.644535
37524,0.115888
37525,-0.201947
37526,0.119729
37527,0.109669
37528,1.491167
37529,-0.011278
37530,0.295808
37531,0.568226
37532,0.055459
37533,1.291156
37534,0.185471
37535,-0.840199
37536,-0.307998
37537,-0.911090
37538,-1.051417
37539,0.208328
37540,1.415605
37541,2.096177
37542,-2.193831
37543,-1.717844
37544,0.082525
37545,-0.054559
37546,0.037718
37547,-0.165722
37548,-1.992250
37549,-0.695253
37550,0.281182
37551,0.391852
37552,-0.677709
37553,3.366989
37554,0.899391
37555,2.354218
37556,0.561604
37557,-0.939613
37558,0.374884
37559,-0.197052
37560,0.198600
37561,0.370766
37562,-1.638219
37563,-0.472251
37564,144.077425
37565,179.714626
37566,189.134177
37567,191.852965
37568,190.454792
37569,196.007377
37570,194.447998
37571,193.425355
37572,194.982469
37573,194.286640
37574,197.212425
37575,193.749680
37576,194.079341
37577,193.892954
37578,193.158211
37579,193.798862
37580,192.156075
37581,195.471617
37582,192.544230
37583,193.870295
37584,194.716615
37585,192.426575
37586,194.976639
37587,194.492319
37588,191.592451
37589,192.871703
37590,194.074696
37591,192.821845
37592,192.174931
37593,190.853602
37594,194.075887
37595,191.661517
37596,193.636072
37597,192.224342
37598,192.646333
37599,192.411543
37600,192.220387
37601,187.807437
37602,194.459021
37603,193.241281
37604,193.326349
37605,195.388555
37606,189.848756
37607,194.879220
37608,194.350480
37609,192.427474
37610,191.960956
37611,193.229173
37612,191.182219
37613,194.173975
37614,193.114769
37615,194.893242
37616,194.451201
37617,194.922805
37618,194.912418
37619,192.310275
37620,192.094843
37621,194.136726
37622,195.927588
37623,192.537075
37624,192.745677
37625,191.366982
37626,190.867536
37627,193.153830
37628,193.214471
37629,194.564270
37630,190.981336
37631,196.784808
37632,190.288914
37633,193.724061
37634,194.037287
37635,195.625677
37636,193.736687
37637,188.554373
37638,192.756721
37639,193.033975
37640,195.090646
37641,190.756040
37642,191.959290
37643,191.787710
37644,192.221208
37645,197.292791
37646,195.975534
37647,199.541447
37648,198.539959
37649,195.973552
37650,192.866151
37651,193.758740
37652,191.725646
37653,191.731005
37654,190.555589
37655,193.412290
37656,195.287839
37657,192.250796
37658,195.131092
37659,193.346790
37660,190.334830
37661,193.531708
37662,194.041769
37663,192.873532
37664,193.950120
37665,192.223712
37666,195.703659
37667,194.768632
37668,194.901666
37669,194.959779
37670,195.974184
37671,194.460502
37672,195.542825
37673,197.092496
37674,194.734692
37675,196.384271
37676,195.758157
37677,195.950145
37678,193.468764
37679,191.320325
37680,195.645079
37681,193.258221
37682,194.267098
37683,192.140099
37684,193.304964
37685,194.689184
37686,195.033451
37687,192.721577
37688,194.549604
37689,194.930989
37690,193.323517
37691,190.930951
37692,196.379772
37693,194.929283
37694,196.483180
37695,193.291122
37696,191.294573
37697,193.551569
37698,195.555216
37699,194.299634
37700,193.386363
37701,192.347297
37702,196.275104
37703,196.394606
37704,191.029929
37705,194.145833
37706,192.254645
37707,193.149537
37708,192.232786
37709,195.998377
37710,194.695447
37711,196.670832
37712,196.234357
37713,192.199552
37714,192.699793
37715,192.056404
37716,193.665707
37717,194.475649
37718,190.304142
37719,192.274166
37720,194.547234
37721,194.408569
37722,194.856820
37723,194.559512
37724,192.667595
37725,194.656479
37726,195.700014
37727,195.947986
37728,197.152486
37729,192.582013
37730,194.319454
37731,192.698344
37732,194.272182
37733,191.830943
37734,192.535979
37735,192.927395
37736,192.655385
37737,192.699809
37738,194.375276
37739,190.966516
37740,189.799982
37741,190.281233
37742,193.553171
37743,191.426940
37744,189.138029
37745,194.429315
37746,195.958338
37747,192.621226
37748,189.156411
37749,192.569731
37750,195.625726
37751,191.154172
37752,192.693847
37753,191.270489
37754,190.354295
37755,193.326517
37756,196.421638
37757,192.864765
37758,192.202031
37759,193.407970
37760,194.693222
37761,194.153191
37762,195.767810
37763,196.498416
37764,189.853562
37765,194.594099
37766,193.380287
37767,192.984716
37768,193.784387
37769,192.926738
37770,193.512604
37771,192.249004
37772,190.695825
37773,190.653769
37774,193.348124
37775,194.856769
37776,197.382037
37777,189.803759
37778,193.105921
37779,188.587108
37780,192.001125
37781,189.929767
37782,196.232446
37783,197.774030
37784,195.061059
37785,196.381535
37786,193.563244
37787,192.302152
37788,192.970696
37789,195.568584
37790,195.216525
37791,190.743309
37792,194.951254
37793,194.397872
37794,191.116086
37795,192.932838
37796,189.637012
37797,191.024610
37798,190.888857
37799,191.670034
37800,197.261156
37801,194.869342
37802,195.668980
37803,192.565411
37804,191.710242
37805,191.544747
37806,198.387935
37807,193.190617
37808,191.106182
37809,194.577246
37810,193.222927
37811,195.687280
37812,194.737228
37813,196.944431
37814,193.225483
37815,193.778028
37816,193.722288
37817,197.121527
37818,197.822784
37819,198.779903
37820,189.463023
37821,191.857882
37822,193.549202
37823,193.024433
37824,193.642692
37825,194.316368
37826,195.521432
37827,193.777577
37828,191.917202
37829,195.306950
37830,191.885251
37831,193.965281
37832,193.534546
37833,195.008168
37834,195.476802
37835,191.733467
37836,194.163492
37837,194.358446
37838,194.182061
37839,196.703280
37840,195.033840
37841,196.155929
37842,196.087975
37843,194.270583
37844,194.600081
37845,191.169717
37846,192.208202
37847,190.142514
37848,194.930583
37849,193.739418
37850,191.782617
37851,191.443988
37852,196.366456
37853,194.681289
37854,193.429326
37855,194.537934
37856,192.611276
37857,191.560756
37858,190.647594
37859,194.971424
37860,193.923885
37861,193.095317
37862,195.211574
37863,195.889264
37864,193.009696
37865,190.807866
37866,192.971203
37867,192.396924
37868,190.226788
37869,192.490390
37870,195.165406
37871,192.001450
37872,194.172897
37873,194.903230
37874,194.292686
37875,193.440781
37876,188.950341
37877,193.957195
37878,192.952372
37879,192.673105
37880,195.733869
37881,195.247972
37882,192.081129
37883,188.904782
37884,189.849296
37885,193.581323
37886,195.062633
37887,196.153611
37888,191.172285
37889,192.514403
37890,195.961116
37891,192.037023
37892,194.100549
37893,194.605041
37894,194.715450
37895,192.950225
37896,194.774913
37897,190.190660
37898,192.661752
37899,197.445255
37900,193.971845
37901,190.619015
37902,195.460759
37903,194.259585
37904,194.617378
37905,193.124790
37906,191.806036
37907,191.397457
37908,192.813979
37909,193.435028
37910,190.185745
37911,191.156398
37912,190.779424
37913,187.779829
37914,190.187784
37915,192.582862
37916,192.898565
37917,196.518413
37918,197.534551
37919,193.864657
37920,195.598806
37921,194.004897
37922,195.910042
37923,196.313935
37924,194.547478
37925,191.550313
37926,191.792998
37927,194.971541
37928,197.644185
37929,191.471332
37930,195.678001
37931,196.736052
37932,193.982410
37933,193.460912
37934,192.836343
37935,190.579126
37936,195.674009
37937,194.833213
37938,194.224894
37939,192.804873
37940,194.636345
37941,192.988671
37942,189.993141
37943,190.434445
37944,187.760413
37945,190.591468
37946,192.894446
37947,191.659621
37948,195.376773
37949,192.424266
37950,193.255362
37951,196.546199
37952,195.501875
37953,193.026929
37954,194.466366
37955,191.764208
37956,188.937179
37957,193.480133
37958,195.513960
37959,192.600063
37960,192.689891
37961,193.588242
37962,197.952846
37963,194.776571
37964,193.081405
37965,190.846178
37966,192.466459
37967,195.490174
37968,195.168769
37969,192.066378
37970,189.892666
37971,195.214651
37972,191.525116
37973,193.746871
37974,195.098155
37975,193.428245
37976,194.168798
37977,197.088645
37978,194.812106
37979,192.634387
37980,193.342710
37981,193.923961
37982,193.096220
37983,193.505235
37984,193.393744
37985,196.059864
37986,194.890131
37987,197.000709
37988,195.581076
37989,196.491343
37990,196.426059
37991,196.237896
37992,192.923959
37993,195.713191
37994,195.049384
37995,193.026259
37996,193.534523
37997,195.646846
37998,194.184947
37999,192.397738
38000,198.022807
38001,195.676527
38002,193.493536
38003,194.080454
38004,193.942834
38005,195.479626
38006,194.740895
38007,195.740406
38008,199.326341
38009,197.160716
38010,195.999908
38011,195.788694
38012,194.911578
38013,194.762079
38014,195.662072
38015,195.610599
38016,194.751197
38017,190.346990
38018,192.588086
38019,197.251143
38020,196.804763
38021,196.771267
38022,195.302317
38023,193.564033
38024,194.489882
38025,194.100173
38026,195.082661
38027,190.923507
38028,193.019439
38029,192.766790
38030,194.481020
38031,189.999712
38032,196.835052
38033,193.987956
38034,194.265653
38035,193.600938
38036,199.280363
38037,196.573994
38038,194.599271
38039,193.178793
38040,195.056785
38041,195.324693
38042,193.619290
38043,197.082175
38044,196.666758
38045,195.896404
38046,193.842101
38047,194.806397
38048,191.541045
38049,197.805721
38050,194.988436
38051,194.025064
38052,193.462241
38053,198.583332
38054,198.267300
38055,196.993770
38056,199.160761
38057,196.905718
38058,192.589029
38059,192.126789
38060,191.892183
38061,194.656961
38062,190.724349
38063,196.790397
38064,194.854952
38065,195.976249
38066,193.271458
38067,195.547808
38068,193.520628
38069,193.960084
38070,193.050143
38071,196.737918
38072,195.741347
38073,194.769046
38074,194.937058
38075,193.645128
38076,193.829596
38077,194.145588
38078,193.488388
38079,195.094060
38080,194.670506
38081,194.088117
38082,193.386310
38083,191.999045
38084,197.123406
38085,194.670067
38086,195.857106
38087,197.769524
38088,197.767043
38089,196.197962
38090,193.429591
38091,189.592960
38092,194.224913
38093,193.508630
38094,193.586231
38095,196.233089
38096,193.435954
38097,198.657657
38098,198.207039
38099,196.206696
38100,199.363935
38101,192.893839
38102,192.717173
38103,194.815483
38104,196.105076
38105,194.128004
38106,192.684676
38107,193.611160
38108,195.741242
38109,193.722634
38110,191.428242
38111,194.917693
38112,194.288160
38113,193.445617
38114,194.814133
38115,193.670546
38116,193.445611
38117,198.791241
38118,197.757241
38119,196.591024
38120,193.254264
38121,194.647133
38122,193.980928
38123,194.429769
38124,194.773688
38125,195.131879
38126,197.701839
38127,196.810627
38128,194.846007
38129,195.525284
38130,195.466731
38131,193.672771
38132,196.415746
38133,195.686115
38134,197.274204
38135,195.243045
38136,196.022851
38137,191.527476
38138,191.191117
38139,195.716713
38140,195.549004
38141,196.949674
38142,195.929271
38143,194.137284
38144,197.747814
38145,194.608332
38146,196.073508
38147,194.420917
38148,192.650709
38149,195.606963
38150,197.482424
38151,194.560738
38152,194.587336
38153,192.891199
38154,196.570433
38155,195.353847
38156,196.167433
38157,192.348775
38158,198.334881
38159,193.866480
38160,197.211252
38161,195.226542
38162,193.404762
38163,192.307014
38164,195.425772
38165,196.913792
38166,195.636246
38167,194.193197
38168,191.999632
38169,195.757498
38170,192.262055
38171,193.833733
38172,190.513290
38173,190.090652
38174,194.234895
38175,198.688905
38176,193.681360
38177,190.550098
38178,196.022468
38179,194.098012
38180,194.422502
38181,193.981404
38182,196.257026
38183,198.601362
38184,196.184405
38185,194.566030
38186,191.613658
38187,194.726434
38188,197.528943
38189,197.502120
38190,195.269172
38191,194.814188
38192,194.715504
38193,190.797164
38194,193.943763
38195,192.461084
38196,192.622906
38197,194.150985
38198,192.768803
38199,197.355045
38200,197.359551
38201,193.126920
38202,194.843775
38203,193.398404
38204,196.444415
38205,196.406935
38206,197.134371
38207,198.617418
38208,194.786268
38209,193.738365
38210,192.659893
38211,194.909981
38212,194.587648
38213,197.181435
38214,198.520791
38215,195.439862
38216,191.862698
38217,194.517496
38218,196.411496
38219,195.737907
38220,193.787443
38221,197.235461
38222,193.189781
38223,194.128512
38224,193.957314
38225,191.230615
38226,200.030999
38227,198.510680
38228,192.690209
38229,194.909043
38230,194.997133
38231,197.839389
38232,193.582764
38233,193.076066
38234,193.138952
38235,192.103664
38236,191.829556
38237,193.703017
38238,193.362823
38239,192.658211
38240,196.419310
38241,195.502520
38242,193.449512
38243,193.149539
38244,197.553833
38245,192.873198
38246,190.821147
38247,192.609923
38248,194.687598
38249,196.868110
38250,194.008197
38251,196.458752
38252,194.700185
38253,192.533789
38254,197.681544
38255,192.496507
38256,191.273675
38257,194.942065
38258,192.755110
38259,195.648656
38260,190.797707
38261,193.258627
38262,195.187493
38263,197.206906
38264,194.664635
38265,190.075092
38266,194.714124
38267,196.030764
38268,194.849733
38269,196.921493
38270,195.116269
38271,193.544453
38272,191.918907
38273,192.686099
38274,194.072174
38275,192.664722
38276,194.077887
38277,197.241382
38278,195.450264
38279,193.062601
38280,192.420474
38281,194.984659
38282,196.191254
38283,194.762459
38284,195.543201
38285,196.770553
38286,194.686938
38287,196.084584
38288,193.101408
38289,194.240911
38290,50.216917
38291,11.903631
38292,2.773423
38293,0.559167
38294,0.316867
38295,-1.696849
38296,-1.492356
38297,-1.527850
38298,1.419020
38299,0.138513
38300,0.571994
38301,1.074223
38302,0.833858
38303,1.720647
38304,-0.658823
38305,0.267308
38306,-1.827209
38307,0.664357
38308,0.309196
38309,0.525337
38310,0.313946
38311,-1.243838
38312,-0.969243
38313,-0.516526
38314,-0.367105
38315,-0.006604
38316,-0.907241
38317,-0.054337
38318,-1.305345
38319,0.260759
38320,-0.676897
38321,-1.453331
38322,-1.853090
38323,-0.702971
38324,-0.419501
38325,-1.509064
38326,-2.470647
38327,0.352563
38328,1.591415
38329,-0.505573
38330,2.050168
38331,0.146398
38332,-0.754840
38333,0.211895
38334,-1.347157
38335,-0.982162
38336,0.248500
38337,-0.182518
38338,-0.412765
38339,-0.936028
38340,0.095301
38341,0.664311
38342,1.114323
38343,1.127238
38344,0.913490
38345,-0.152577
38346,-1.622374
38347,-1.733297
38348,-1.951824
38349,1.338289
38350,-0.632266
38351,0.082306
38352,0.369025
38353,0.375547
38354,-0.234532
38355,1.076022
38356,-1.375721
38357,-1.562021
38358,0.419136
38359,-1.396751
38360,-0.291133
38361,-0.570870
38362,1.265374
38363,-0.411229
38364,-1.540859
38365,0.115260
38366,-0.284830
38367,0.070190
38368,2.151412
38369,-1.016159
38370,-0.646279
38371,0.050988
38372,1.854025
38373,1.380298
38374,-2.072214
38375,0.257228
38376,1.709043
38377,0.493276
38378,1.047244
38379,-0.353448
38380,0.528541
38381,-0.281536
38382,1.388244
38383,0.423981
38384,1.180226
38385,-1.308001
38386,1.579086
38387,-0.864757
38388,-1.291651
38389,-1.256182
38390,-0.523686
38391,0.050499
38392,-0.822174
38393,1.054646
38394,0.567765
38395,0.159162
38396,-0.069363
38397,-0.382000
38398,-0.666983
38399,-0.328842
38400,-0.226154
38401,0.046843
38402,0.195796
38403,2.071376
38404,0.624981
38405,-0.241690
38406,0.805525
38407,1.227098
38408,1.140004
38409,0.736087
38410,-0.320266
38411,-0.095012
38412,0.454461
38413,-0.052161
38414,-0.301161
38415,-0.032942
38416,0.155392
38417,0.229399
38418,-1.336548
38419,1.497308
38420,-0.210684
38421,-0.556073
38422,-0.471459
38423,-0.438353
38424,0.340702
38425,0.564903
38426,0.878862
38427,1.277238
38428,-1.023717
38429,-0.422455
38430,-1.052355
38431,-0.377853
38432,0.469703
38433,0.667450
38434,0.051830
38435,-0.024685
38436,1.640759
38437,0.281932
38438,-0.031434
38439,-0.518899
38440,-0.567824
38441,-1.125143
38442,0.249618
38443,1.442633
38444,0.930663
38445,0.048853
38446,0.162773
38447,0.132444
38448,-0.821938
38449,-1.357335
38450,-0.520813
38451,0.409106
38452,-2.320708
38453,-0.523349
38454,-0.341690
38455,0.159580
38456,0.765709
38457,0.883750
38458,-0.401143
38459,-0.826013
38460,-1.187618
38461,1.770724
38462,-0.561706
38463,-0.053451
38464,0.594628
38465,1.033235
38466,0.315016
38467,-0.438488
38468,-0.371330
38469,-0.241977
38470,1.152880
38471,-2.049508
38472,-0.064762
38473,-0.301373
38474,-0.598425
38475,1.186665
38476,0.561252
38477,-0.693249
38478,-2.077314
38479,1.246509
38480,-0.625309
38481,0.077535
38482,0.575559
38483,-0.756779
38484,-1.013902
38485,-0.527628
38486,-0.384823
38487,-0.211362
38488,-0.911770
38489,1.067274
38490,-2.063401
38491,0.292137
38492,-0.029054
38493,-0.527217
38494,-0.865917
38495,0.882103
38496,0.610638
38497,-0.083492
38498,0.444041
38499,-0.410001
38500,-0.690191
38501,0.158973
38502,-0.585321
38503,1.239024
38504,1.680414
38505,-0.270252
38506,-1.228485
38507,-1.177645
38508,-0.232361
38509,-0.698673
38510,-0.812131
38511,-0.494978
38512,-0.710937
38513,-0.027396
38514,-0.380386
38515,0.176199
38516,-0.606147
38517,0.744529
38518,-0.354273
38519,0.100749
38520,0.268932
38521,-0.486516
38522,-0.177038
38523,0.120795
38524,0.065693
38525,0.100145
38526,-0.146720
38527,-2.053824
38528,-1.026197
38529,-0.723400
38530,-1.376503
38531,0.028125
38532,-0.701048
38533,0.130947
38534,-0.990363
38535,-0.329294
38536,-0.186820
38537,0.041798
38538,-0.094309
38539,-0.284101
38540,0.311133
38541,1.650195
38542,0.105560
38543,-0.286313
38544,-0.104377
38545,-1.059715
38546,0.195819
38547,0.714925
38548,1.108804
38549,0.830080
38550,-1.756129
38551,-1.813271
38552,1.000722
38553,-1.466370
38554,-1.069211
38555,-0.242508
38556,0.636433
38557,-0.836158
38558,-0.812432
38559,-2.170363
38560,-0.663071
38561,0.737327
38562,-1.264837
38563,0.210890
38564,0.469537
38565,0.530868
38566,-0.597325
38567,0.464349
38568,0.948613
38569,0.409955
38570,0.477342
38571,-0.220482
38572,0.859996
38573,-1.297788
38574,1.671823
38575,-0.920304
38576,-0.289240
38577,-0.542894
38578,-0.668048
38579,0.271111
38580,0.227312
38581,0.415877
38582,0.259693
38583,0.961301
38584,0.007855
38585,-1.025957
38586,-2.143194
38587,-0.365407
38588,1.440974
38589,-1.057887
38590,0.404633
38591,0.942671
38592,-0.976041
38593,-1.325698
38594,0.009925
38595,2.707979
38596,0.090989
38597,-1.839933
38598,-1.314370
38599,-0.637544
38600,-1.636302
38601,-0.083090
38602,-0.640071
38603,0.217754
38604,-1.541467
38605,0.266563
38606,-0.152353
38607,-0.341921
38608,0.893689
38609,0.300544
38610,0.468508
38611,-0.418986
38612,-1.460311
38613,0.310112
38614,0.554896
38615,-0.380660
38616,0.637571
38617,-0.872205
38618,0.129010
38619,0.100461
38620,0.006332
38621,-0.020139
38622,2.032065
38623,0.065082
38624,0.561220
38625,0.751961
38626,0.017531
38627,-0.109475
38628,0.930998
38629,-0.887565
38630,1.652873
38631,0.555166
38632,-1.360165
38633,-0.978606
38634,-2.151552
38635,0.073249
38636,0.055281
38637,-0.284270
38638,0.443383
38639,-0.891034
38640,0.647107
38641,-0.680090
38642,-0.484317
38643,-2.423534
38644,-0.277835
38645,-0.274593
38646,-2.600079
38647,-0.486980
38648,-0.814308
38649,-0.082473
38650,-1.017377
38651,0.302813
38652,2.375318
38653,1.316489
38654,0.060700
38655,-0.550718
38656,-1.089801
38657,-0.855755
38658,0.625949
38659,0.699418
38660,0.911072
38661,0.555127
38662,-0.937438
38663,-0.480935
38664,0.616457
38665,-0.992024
38666,-0.947306
38667,-0.932187
38668,-0.758446
38669,0.059235
38670,0.194954
38671,-0.140085
38672,-0.346358
38673,0.895431
38674,-0.260592
38675,-1.475039
38676,-1.078396
38677,0.403795
38678,0.227251
38679,-0.436051
38680,-0.255157
38681,-1.882786
38682,-1.750492
38683,-2.049772
38684,0.471677
38685,0.847411
38686,1.052951
38687,0.481115
38688,0.449655
38689,-0.681695
38690,0.601132
38691,1.466947
38692,0.761812
38693,-0.586049
38694,-1.000104
38695,0.085435
38696,0.594028
38697,0.015920
38698,-0.294635
38699,-0.939867
38700,0.469224
38701,0.352891
38702,-1.724181
38703,0.448801
38704,1.774953
38705,-0.284344
38706,1.883180
38707,0.434639
38708,0.235339
38709,0.509649
38710,-0.916461
38711,-0.771523
38712,-0.493229
38713,1.555842
38714,-0.253671
38715,0.576559
38716,1.379209
38717,0.557733
38718,1.888900
38719,-0.518437
38720,1.011928
38721,0.024292
38722,0.331164
38723,0.837674
38724,0.725349
38725,0.473542
38726,0.794145
38727,-1.202883
38728,-1.242877
38729,-0.208667
38730,0.233143
38731,-0.220212
38732,-0.999423
38733,-0.902069
38734,0.256574
38735,1.319458
38736,1.102894
38737,0.654933
38738,0.376948
38739,-0.277153
38740,-0.053223
38741,3.412393
38742,1.208788
38743,-0.031666
38744,-0.296300
38745,-0.250842
38746,0.922739
38747,1.634932
38748,2.259922
38749,0.545234
38750,1.204192
38751,-0.901374
38752,-0.449966
38753,-0.594477
38754,-0.566217
38755,-0.575026
38756,-1.021161
38757,-0.137625
38758,0.885904
38759,-0.103048
38760,1.559920
38761,2.222100
38762,1.731357
38763,-0.541843
38764,-0.580311
38765,-0.248930
38766,1.031773
38767,-1.751253
38768,0.349740
38769,0.226063
38770,2.510475
38771,1.007842
38772,0.720798
38773,0.881761
38774,0.161387
38775,0.000350
38776,0.745734
38777,0.382965
38778,1.768142
38779,-0.125676
38780,0.039892
38781,-0.567710
38782,-1.900060
38783,-0.931355
38784,-0.328383
38785,-0.900566
38786,0.045439
38787,1.884476
38788,0.633151
38789,0.636479
38790,-0.587985
38791,0.072369
38792,0.337105
38793,-1.234380
38794,0.765283
38795,-0.591321
38796,0.115373
38797,0.556470
38798,1.219843
38799,1.363865
38800,1.155316
38801,0.799081
38802,-0.018122
38803,0.235327
38804,-1.100999
38805,0.729508
38806,-0.508444
38807,-0.460790
38808,-0.001851
38809,0.305748
38810,-0.058078
38811,1.351263
38812,-1.513872
38813,-1.100691
38814,-0.940584
38815,0.108546
38816,-0.089747
38817,0.863296
38818,1.175480
38819,1.829942
38820,-0.391627
38821,0.362988
38822,2.065187
38823,2.424506
38824,-0.759042
38825,1.079270
38826,0.294736
38827,-2.350320
38828,-1.150743
38829,0.783240
38830,0.120832
38831,1.142630
38832,1.029380
38833,1.650642
38834,1.771077
38835,-1.396147
38836,-0.386379
38837,-0.790268
38838,-0.461661
38839,-0.519833
38840,-0.905646
38841,0.156808
38842,0.569093
38843,0.801017
38844,-0.058794
38845,-0.221767
38846,0.837405
38847,0.971049
38848,0.625828
38849,0.831693
38850,-0.767330
38851,-0.376074
38852,0.611569
38853,0.104996
38854,1.193893
38855,-0.319846
38856,-1.192920
38857,-0.593117
38858,1.738106
38859,-0.959858
38860,-1.150525
38861,-0.668284
38862,0.540639
38863,-0.893192
38864,-1.550446
38865,0.491807
38866,1.394978
38867,0.196883
38868,1.130650
38869,-0.628422
38870,-0.471062
38871,-2.322469
38872,0.403707
38873,1.044564
38874,1.169117
38875,1.213094
38876,-0.057088
38877,-0.755936
38878,0.019555
38879,0.427547
38880,-0.286106
38881,1.039690
38882,0.501712
38883,0.927591
38884,-0.066039
38885,-0.066345
38886,3.031909
38887,1.180590
38888,0.479737
38889,0.711988
38890,0.000432
38891,-1.533938
38892,-0.324634
38893,-0.637148
38894,0.241600
38895,0.945464
38896,-1.007791
38897,1.404547
38898,1.504687
38899,0.544465
38900,0.893848
38901,1.040239
38902,2.202712
38903,-0.810225
38904,-0.243706
38905,0.549320
38906,-1.689408
38907,-0.407792
38908,0.408230
38909,-1.039954
38910,0.121529
38911,0.496629
38912,0.015330
38913,-0.080128
38914,1.148184
38915,-0.489888
38916,-0.377798
38917,-0.518937
38918,0.489422
38919,0.448572
38920,0.944986
38921,-0.170790
38922,-1.586154
38923,1.218791
38924,-0.221472
38925,0.950509
38926,-0.105878
38927,-0.001927
38928,-2.227187
38929,-1.675246
38930,-0.144219
38931,0.626916
38932,-0.440990
38933,-0.023867
38934,1.100938
38935,0.236768
38936,-1.601325
38937,-1.845372
38938,-0.608942
38939,-0.375258
38940,-0.311084
38941,-0.110983
38942,-0.105042
38943,-1.496988
38944,-0.048315
38945,-0.167893
38946,1.661296
38947,1.951433
38948,0.134144
38949,0.932853
38950,-0.741792
38951,-1.490345
38952,-1.126885
38953,-0.307049
38954,-0.821257
38955,-0.698528
38956,-0.774842
38957,-2.315500
38958,-0.748943
38959,0.420518
38960,0.572079
38961,0.259836
38962,-0.924642
38963,0.635077
38964,0.354075
38965,1.633838
38966,1.303421
38967,-0.838040
38968,-0.203121
38969,1.460076
38970,-2.011129
38971,-1.235275
38972,-0.991911
38973,-0.900627
38974,-0.162822
38975,1.797923
38976,0.864177
38977,-0.543245
38978,-0.658881
38979,-1.042923
38980,0.599370
38981,1.146315
38982,0.450110
38983,0.080141
38984,1.183979
38985,0.310936
38986,-0.479362
38987,0.696020
38988,0.390926
38989,0.049876
38990,-0.691617
38991,0.427082
38992,-0.302791
38993,0.232388
38994,0.498527
38995,-0.613829
38996,-0.633133
38997,-1.159325
38998,-0.006027
38999,-0.444605
39000,-1.128950
39001,0.348033
39002,-0.443753
39003,-0.457825
39004,0.162179
39005,-1.640319
39006,-0.909513
39007,1.117191
39008,1.265540
39009,-0.279263
39010,0.557380
39011,-0.032862
39012,0.031766
39013,0.533185
39014,0.673459
39015,0.776525
39016,0.110528
39017,-1.060527
39018,1.119891
39019,1.555992
39020,1.257306
39021,0.635994
39022,-0.106720
39023,-0.527930
39024,0.108534
39025,-1.408636
39026,-0.772665
39027,-3.215398
39028,-0.552549
39029,0.783138
39030,-0.086966
39031,-0.157165
39032,0.163632
39033,-0.185397
39034,0.271285
39035,-0.205262
39036,-0.116078
39037,0.433563
39038,-0.349836
39039,0.290325
39040,0.742613
39041,-0.114324
39042,1.477177
39043,0.706823
39044,-0.651804
39045,0.777121
39046,0.118578
39047,-0.428087
39048,0.815395
39049,0.030432
39050,-0.966439
39051,-0.819596
39052,0.546564
39053,-0.089933
39054,-0.324870
39055,-0.200479
39056,0.894812
39057,-0.157290
39058,-0.554373
39059,-1.596244
39060,0.888042
39061,1.820551
39062,0.380326
39063,0.967951
39064,1.019717
39065,0.237219
39066,1.715879
39067,-0.304378
39068,0.215011
39069,1.315512
39070,2.339798
39071,-0.952872
39072,-0.371653
39073,0.769937
39074,-0.313165
39075,0.550692
39076,0.053581
39077,-0.384836
39078,-1.316734
39079,0.733284
39080,-0.041371
39081,0.828485
39082,-0.451905
39083,0.803481
39084,-0.950932
39085,-0.364191
39086,0.044577
39087,-0.712224
39088,-0.174974
39089,1.375796
39090,0.379722
39091,1.879434
39092,1.950382
39093,0.486431
39094,0.629294
39095,-2.204903
39096,-0.553209
39097,0.962776
39098,-1.872147
39099,-1.983220
39100,-0.048321
39101,-1.505200
39102,-0.835391
39103,0.556051
39104,-0.009024
39105,-0.827575
39106,-1.626488
39107,0.551358
39108,1.376943
39109,0.306301
39110,0.861037
39111,-0.861459
39112,-0.793075
39113,0.274392
39114,0.403803
39115,-0.966932
39116,-1.309317
39117,0.058632
39118,-0.292642
39119,-0.542592
39120,1.930153
39121,1.347309
39122,-1.716964
39123,-0.324522
39124,0.163229
39125,-0.768915
39126,0.315645
39127,-0.066925
39128,0.153834
39129,0.645060
39130,1.326174
39131,2.178192
39132,0.698078
39133,-0.849571
39134,0.552643
39135,0.420857
39136,-1.097444
39137,-0.189061
39138,0.418678
39139,0.152898
39140,-0.345731
39141,-0.276678
39142,-0.041150
39143,0.802988
39144,0.882099
39145,0.954009
39146,-0.072519
39147,0.709531
39148,1.458744
39149,-0.120991
39150,1.440569
39151,-0.026516
39152,0.173792
39153,0.456388
39154,-1.882134
39155,-0.782505
39156,-0.310243
39157,0.873400
39158,-1.719169
39159,-0.015441
39160,-0.813047
39161,-1.638371
39162,-0.513565
39163,1.921361
39164,-0.919349
39165,0.390672
39166,0.619710
39167,-0.216027
39168,-0.816715
39169,-1.224214
39170,0.487755
39171,-1.100190
39172,-0.255980
39173,-0.615684
39174,-0.255111
39175,-0.244355
39176,0.495493
39177,0.654456
39178,0.322822
39179,2.241996
39180,0.664310
39181,-0.646771
39182,-2.318655
39183,-1.423687
39184,-1.221705
39185,-1.400772
39186,-0.205074
39187,-1.459583
39188,-0.495200
39189,-0.694059
39190,-0.424394
39191,-1.464847
39192,-1.035035
39193,-2.591282
39194,-0.114859
39195,-0.224831
39196,-0.169932
39197,-0.449465
39198,-0.169220
39199,-0.343403
39200,-1.372462
39201,-1.626936
39202,0.544471
39203,1.137900
39204,-0.167397
39205,-1.193988
39206,0.379300
39207,-1.915784
39208,1.176434
39209,-0.657396
39210,-1.153464
39211,-0.595180
39212,0.295315
39213,1.485735
39214,0.566796
39215,1.474567
39216,0.358724
39217,-0.452905
39218,0.409774
39219,0.539710
39220,0.599034
39221,1.142556
39222,-0.182424
39223,0.832760
39224,1.934550
39225,-0.259030
39226,0.678110
39227,-0.761436
39228,-0.826397
39229,0.171584
39230,0.395152
39231,-0.591600
39232,-0.737609
39233,0.561085
39234,-0.548513
39235,-1.422380
39236,-0.209221
39237,-0.108896
39238,1.810676
39239,0.357278
39240,-0.642044
39241,-0.012534
39242,-0.184761
39243,1.509953
39244,0.707036
39245,0.825100
39246,-2.039156
39247,-0.387391
39248,-0.596199
39249,-1.172008
39250,1.320775
39251,0.866770
39252,-1.153974
39253,-1.353679
39254,-0.176717
39255,0.233440
39256,-0.674963
39257,-0.476264
39258,-0.455503
39259,0.826316
39260,0.622073
39261,-0.821579
39262,-1.094519
39263,0.827861
39264,1.673626
39265,1.354547
39266,-0.487348
39267,1.369367
39268,0.740760
39269,0.442084
39270,-1.118338
39271,0.025589
39272,-0.026114
39273,-1.922622
39274,-0.818718
39275,-3.662602
39276,-2.229677
39277,-3.501540
39278,-2.719551
39279,-1.225710
39280,-1.285624
39281,-0.691695
39282,0.291995
39283,-1.499715
39284,1.030189
39285,0.489563
39286,-1.351833
39287,-2.774494
39288,-0.393745
39289,-0.560419
39290,-0.815361
39291,-0.669852
39292,-0.910180
39293,-0.887648
39294,-1.500135
39295,0.685923
39296,1.857132
39297,0.372212
39298,-0.291705
39299,-2.536078
39300,-1.172700
39301,-1.142084
39302,-2.175118
39303,-1.477698
39304,-0.223244
39305,0.924574
39306,-1.048346
39307,-0.488098
39308,2.234260
39309,1.043853
39310,1.086817
39311,2.475870
39312,0.789665
39313,-0.521840
39314,-0.378669
39315,-0.574396
39316,-1.030988
39317,-0.297091
39318,-0.051859
39319,0.442758
39320,-0.655275
39321,-0.013020
39322,-0.316734
39323,-1.650194
39324,-0.286242
39325,-2.753847
39326,-1.766253
39327,-0.219813
39328,1.049052
39329,0.597037
39330,0.646244
39331,-1.391553
39332,0.283743
39333,1.043810
39334,-0.715561
39335,0.684267
39336,-0.939434
39337,-1.127961
39338,0.091762
39339,-0.752223
39340,-1.060185
39341,-1.346663
39342,-1.499131
39343,-0.104805
39344,0.373424
39345,-0.695300
39346,-0.325079
39347,1.359095
39348,2.008917
39349,0.247533
39350,1.549143
39351,0.756720
39352,0.028091
39353,-1.614405
39354,1.579012
39355,1.142210
39356,0.575793
39357,1.403346
39358,-0.136438
39359,0.937038
39360,2.360334
39361,1.900437
39362,1.319794
39363,-0.228588
39364,0.374898
39365,1.448920
39366,1.438033
39367,1.237551
39368,-0.064525
39369,-1.724667
39370,0.734354
39371,0.311834
39372,0.153711
39373,-0.772122
39374,-1.308829
39375,0.895744
39376,1.343476
39377,-0.316348
39378,-0.946174
39379,-1.377945
39380,-1.395530
39381,-0.736629
39382,-0.959604
39383,-1.379897
39384,-0.178790
39385,-1.516307
39386,1.148222
39387,-0.515106
39388,2.238642
39389,0.067440
39390,0.022379
39391,-0.841729
39392,-1.118437
39393,-1.683809
39394,-2.218894
39395,-0.233023
39396,0.968569
39397,-1.034725
39398,1.139526
39399,-1.885764
39400,-1.083948
39401,0.726511
39402,-1.484058
39403,0.870145
39404,2.194971
39405,-0.471556
39406,-1.417301
39407,-1.007707
39408,-0.416225
39409,-0.548547
39410,0.345826
39411,-0.020512
39412,-0.268024
39413,1.272432
39414,-0.476632
39415,-0.037034
39416,0.099837
39417,-0.565657
39418,0.897874
39419,-0.853666
39420,-0.282664
39421,-0.995069
39422,-2.701507
39423,0.371882
39424,-0.033619
39425,-0.462667
39426,-0.243826
39427,-0.222427
39428,-3.272475
39429,-2.526840
39430,0.135270
39431,0.285475
39432,0.041593
39433,-1.985514
39434,0.354821
39435,0.154285
39436,0.802231
39437,0.888113
39438,1.495165
39439,-1.117040
39440,-0.076866
39441,-1.675894
39442,-0.709404
39443,-0.652553
39444,-0.133996
39445,-0.685129
39446,-2.108595
39447,-1.229465
39448,0.155307
39449,-0.377582
39450,1.221455
39451,0.074912
39452,1.370415
39453,1.282537
39454,0.372772
39455,0.603699
39456,-0.061572
39457,-0.891489
39458,1.440812
39459,0.226112
39460,0.223571
39461,-0.492299
39462,-0.490903
39463,-0.967064
39464,-0.081700
39465,0.984730
39466,-0.273504
39467,-0.872568
39468,1.526661
39469,0.055845
39470,-0.289357
39471,-1.386953
39472,0.176977
39473,0.697997
39474,1.667448
39475,-1.344641
39476,1.531492
39477,0.485203
39478,1.398050
39479,0.674004
39480,0.006654
39481,0.623877
39482,1.022657
39483,0.774644
39484,0.128482
39485,0.802434
39486,-0.444092
39487,0.532041
39488,-0.876905
39489,-0.496779
39490,1.978148
39491,1.048416
39492,-0.492943
39493,-2.632718
39494,0.537034
39495,0.803735
39496,-0.472731
39497,-0.521119
39498,-0.803643
39499,0.103822
39500,-0.361509
39501,0.058681
39502,0.674341
39503,0.896831
39504,2.677259
39505,-0.242464
39506,-1.211981
39507,1.254393
39508,-0.391763
39509,1.096431
39510,1.178856
39511,2.115736
39512,0.032526
39513,-1.448549
39514,-0.164156
39515,-0.080546
39516,-0.504345
39517,0.406955
39518,1.191344
39519,-0.895447
39520,-1.045266
39521,0.268691
39522,-0.497080
39523,-0.332886
39524,0.354848
39525,1.402600
39526,-0.235013
39527,0.580072
39528,1.135492
39529,-0.395540
39530,-0.959347
39531,-1.829465
39532,-0.394464
39533,0.723633
39534,0.803755
39535,0.921204
39536,1.220550
39537,-0.045150
39538,-0.443201
39539,1.247316
39540,1.765763
39541,1.442223
39542,-0.636153
39543,0.402509
39544,-0.088262
39545,0.385098
39546,0.251439
39547,0.157371
39548,0.873015
39549,-0.430389
39550,0.628853
39551,1.070087
39552,0.322732
39553,1.486552
39554,1.549719
39555,0.581892
39556,1.839274
39557,1.368741
39558,0.733139
39559,-1.407353
39560,0.280354
39561,-0.315994
39562,0.149894
39563,-2.773788
39564,-2.299531
39565,-0.555882
39566,0.063043
39567,0.097221
39568,-0.541930
39569,0.828119
39570,0.016274
39571,1.345161
39572,0.190836
39573,0.698507
39574,-0.341974
39575,2.666077
39576,1.146443
39577,1.052331
39578,0.450968
39579,0.370328
39580,-1.097476
39581,0.800651
39582,0.778971
39583,-0.007953
39584,-0.713092
39585,-0.044302
39586,0.015566
39587,-0.223189
39588,1.101048
39589,0.841737
39590,1.087189
39591,-0.109714
39592,-0.161405
39593,0.877480
39594,2.484564
39595,-0.058384
39596,1.113260
39597,-0.174170
39598,-1.182637
39599,0.892592
39600,0.736151
39601,-0.250731
39602,0.550671
39603,-0.589846
39604,-0.116609
39605,0.902755
39606,0.223081
39607,0.055058
39608,0.553701
39609,2.442307
39610,-0.118731
39611,-1.053064
39612,0.426871
39613,-0.008187
39614,-1.093147
39615,0.427333
39616,0.682729
39617,0.582316
39618,0.859666
39619,-1.050701
39620,0.341039
39621,0.650529
39622,0.812244
39623,1.246001
39624,1.320276
39625,-1.432247
39626,0.834574
39627,-0.468395
39628,-1.624918
39629,-0.243191
39630,-1.523261
39631,-2.564227
39632,-1.099916
39633,-0.390577
39634,-0.086838
39635,1.083093
39636,1.182555
39637,-0.086393
39638,0.851683
39639,-1.176385
39640,-0.500723
39641,-1.827036
39642,-0.531108
39643,-1.335956
39644,-0.667409
39645,-2.663239
39646,-2.501385
39647,1.886606
39648,1.746616
39649,-0.164852
39650,1.570502
39651,0.784602
39652,0.954694
39653,1.337435
39654,0.452394
39655,-1.193201
39656,0.673279
39657,-0.264162
39658,-0.288912
39659,-0.567454
39660,-0.300234
39661,1.026106
39662,0.877863
39663,-0.533449
39664,-0.426326
39665,0.120126
39666,0.867460
39667,1.039276
39668,-0.467609
39669,0.106311
39670,1.840960
39671,1.089202
39672,1.149804
39673,-0.005349
39674,0.120565
39675,0.526660
39676,0.501722
39677,0.043807
39678,1.102722
39679,-0.896976
39680,-1.004752
39681,0.214362
39682,0.642760
39683,1.465626
39684,-0.808723
39685,-1.733093
39686,-0.812532
39687,-1.184413
39688,-1.173660
39689,-0.437611
39690,-0.362617
39691,-1.881199
39692,-1.244610
39693,-0.091655
39694,-0.265329
39695,-0.123573
39696,-1.855875
39697,-0.351470
39698,0.219961
39699,0.486898
39700,-0.251176
39701,-0.200902
39702,-0.471604
39703,-0.998790
39704,0.452365
39705,-1.507169
39706,-1.131232
39707,-0.096693
39708,-0.979515
39709,0.371340
39710,-0.118262
39711,-1.121329
39712,-0.479766
39713,-1.270383
39714,-0.945236
39715,1.246431
39716,0.502082
39717,-0.786968
39718,-1.178836
39719,-1.141494
39720,1.230079
39721,-0.268490
39722,-1.444166
39723,-2.724013
39724,-1.225524
39725,-0.395344
39726,-0.034985
39727,-0.778777
39728,-1.322504
39729,0.531777
39730,-1.271358
39731,0.252140
39732,0.122140
39733,-1.301756
39734,-2.333288
39735,-0.183174
39736,-0.601979
39737,-1.626909
39738,-0.675379
39739,-0.489613
39740,1.816561
39741,-0.079271
39742,-1.375637
39743,-1.493340
39744,0.251394
39745,0.781717
39746,-0.891016
39747,0.553584
39748,-0.703676
39749,0.586322
39750,-0.222533
39751,-0.898954
39752,1.233580
39753,2.001373
39754,0.561099
39755,2.404785
39756,0.935772
39757,0.486905
39758,0.115850
39759,-0.559570
39760,0.681130
39761,0.016648
39762,-0.451394
39763,-1.253715
39764,-0.147696
39765,-0.791514
39766,0.932892
39767,1.672177
39768,-0.808760
39769,-0.112942
39770,0.346221
39771,0.764188
39772,0.618950
39773,-1.322497
39774,-0.928039
39775,0.241131
39776,0.290368
39777,-0.398197
39778,0.294069
39779,-0.546940
39780,-0.647316
39781,0.435625
39782,-0.921959
39783,-0.412309
39784,0.190628
39785,1.948852
39786,1.005141
39787,-1.755767
39788,-0.440467
39789,-0.086826
39790,0.619747
39791,-0.697190
39792,-1.424075
39793,0.198791
39794,-0.805712
39795,1.270537
39796,-0.288502
39797,-0.158657
39798,-0.783409
39799,-0.227018
39800,-0.411034
39801,-0.486231
39802,1.950541
39803,1.253291
39804,-0.980410
39805,-0.751208
39806,-0.424754
39807,-0.176297
39808,0.500665
39809,3.007117
39810,-0.479674
39811,-0.302169
39812,0.293845
39813,0.416570
39814,0.566104
39815,-0.804310
39816,1.560611
39817,1.387481
39818,-0.211981
39819,-0.039280
39820,0.663281
39821,0.867309
39822,0.028265
39823,0.577433
39824,0.575095
39825,-0.248809
39826,-1.517671
39827,-1.143930
39828,-0.651503
39829,-0.974168
39830,-2.352007
39831,-0.744143
39832,-0.445913
39833,0.813590
39834,-0.044548
39835,0.268864
39836,0.946777
39837,-0.147229
39838,-0.626183
39839,1.064048
39840,-1.703436
39841,-0.845530
39842,-1.265625
39843,-0.605796
39844,-0.575309
39845,-0.386570
39846,0.456906
39847,1.009477
39848,-1.346563
39849,1.413059
39850,-0.211156
39851,-0.554809
39852,1.379311
39853,1.415616
39854,-0.398310
39855,-0.596256
39856,3.051312
39857,0.356988
39858,-0.321479
39859,-0.868263
39860,0.846978
39861,-0.873480
39862,-1.357437
39863,-1.044791
39864,-2.876994
39865,0.398371
39866,-2.295681
39867,-1.472384
39868,-1.980843
39869,-0.547207
39870,-0.235730
39871,-1.057846
39872,0.929241
39873,2.034063
39874,0.066251
39875,3.234116
39876,1.754424
39877,1.979936
39878,0.698816
39879,-0.006359
39880,0.807573
39881,2.420822
39882,0.994851
39883,-0.110936
39884,-0.280676
39885,-2.769457
39886,-2.080787
39887,-1.632457
39888,-2.886801
39889,-0.212963
39890,0.831863
39891,0.244520
39892,-0.050164
39893,0.038620
39894,-1.602751
39895,-1.366653
39896,-0.493856
39897,-0.648445
39898,-0.889131
39899,-1.067956
39900,0.263129
39901,1.286889
39902,0.191276
39903,-0.324490
39904,-2.032577
39905,-0.904256
39906,-0.213757
39907,0.576327
39908,-0.685729
39909,1.332676
39910,-0.415261
39911,-0.873458
39912,-1.271123
39913,-0.801854
39914,-0.143447
39915,0.009251
39916,1.259288
39917,1.327686
39918,1.729986
39919,2.952736
39920,0.393915
39921,-2.302809
39922,-1.313652
39923,0.550282
39924,-0.410905
39925,-2.039296
39926,-1.123472
39927,-1.541377
39928,-2.027005
39929,-0.420809
39930,-1.682077
39931,0.366186
39932,-1.175343
39933,-2.147409
39934,0.366585
39935,-0.371014
39936,0.244099
39937,-0.493176
39938,0.080395
39939,0.252109
39940,-1.332242
39941,-1.558644
39942,-0.187213
39943,-0.106694
39944,-0.635655
39945,1.157683
39946,0.383588
39947,1.857715
39948,1.703348
39949,0.147254
39950,1.020830
39951,1.710455
39952,0.727323
39953,0.907922
39954,0.654800
39955,1.629999
39956,-0.482494
39957,1.844901
39958,1.304434
39959,0.292888
39960,0.211765
39961,-0.439277
39962,0.356035
39963,-1.532406
39964,0.550091
39965,0.158013
39966,0.407519
39967,0.858392
39968,0.124863
39969,-2.090510
39970,0.339754
39971,-0.528542
39972,-0.979409
39973,-0.164269
39974,-1.468338
39975,-1.477146
39976,-1.412735
39977,0.337944
39978,0.952761
39979,0.410907
39980,1.100041
39981,1.118398
39982,0.184320
39983,0.907452
39984,-0.965386
39985,0.851788
39986,1.731189
39987,2.430523
39988,-0.401119
39989,-0.387217
39990,1.716164
39991,0.108981
39992,-0.401460
39993,1.315116
39994,1.333006
39995,0.818202
39996,0.222276
39997,1.033287
39998,1.031674
39999,-0.088660
40000,0.443081
40001,1.313502
40002,0.149248
40003,0.766498
40004,-0.948055
40005,-0.184477
40006,-0.179510
40007,0.448012
40008,0.315715
40009,-0.885509
40010,0.228307
40011,-0.327027
40012,-2.909083
40013,0.449259
40014,0.838796
40015,-0.443556
40016,0.493031
40017,0.163835
40018,2.035640
40019,-0.715978
40020,0.439617
40021,1.272713
40022,-0.439140
40023,-0.704365
40024,-1.263755
40025,0.850630
40026,-0.271775
40027,-0.950611
40028,-0.457615
40029,0.768228
40030,0.657205
40031,2.020979
40032,-0.541168
40033,-0.235450
40034,-0.261232
40035,-0.748873
40036,-1.102259
40037,1.279501
40038,1.073532
40039,-0.557460
40040,-2.154574
40041,-0.730047
40042,-1.459465
40043,-0.639493
40044,0.177335
40045,0.333044
40046,-1.378376
40047,-1.723038
40048,0.254347
40049,0.569761
40050,-1.214626
40051,1.607682
40052,1.441893
40053,0.692587
40054,0.718685
40055,1.385916
40056,0.628091
40057,1.595918
40058,1.494150
40059,0.495784
40060,-0.275353
40061,-0.249569
40062,-1.100874
40063,-1.810321
40064,-0.428747
40065,-0.089141
40066,2.552788
40067,0.639588
40068,-0.740434
40069,0.451280
40070,-0.578261
40071,1.217561
40072,1.252347
40073,1.598105
40074,2.019789
40075,3.244172
40076,-0.710374
40077,-1.316454
40078,2.182896
40079,2.282179
40080,1.865297
40081,1.075863
40082,-0.425723
40083,0.293768
40084,0.503458
40085,-0.379917
40086,1.256815
40087,-0.297295
40088,-1.150028
40089,-1.484286
40090,-1.895235
40091,-2.275325
40092,-1.535144
40093,0.285646
40094,1.650324
40095,0.095277
40096,1.007688
40097,-1.359713
40098,-0.319026
40099,-0.031857
40100,-0.625006
40101,-1.164777
40102,0.912957
40103,0.740969
40104,2.165373
40105,1.305426
40106,0.389025
40107,-0.473616
40108,0.240147
40109,-0.472266
40110,0.908363
40111,1.043740
40112,0.431054
40113,0.476676
40114,1.890782
40115,-2.132431
40116,-1.251044
40117,-0.189388
40118,-2.154837
40119,0.440187
40120,1.068244
40121,0.956947
40122,0.654356
40123,0.254413
40124,0.286341
40125,0.823514
40126,0.644829
40127,0.920094
40128,-0.554069
40129,1.002230
40130,1.694547
40131,1.876067
40132,1.353161
40133,-0.865243
40134,1.556366
40135,-1.276937
40136,0.697815
40137,0.534625
40138,0.214033
40139,-0.264628
40140,1.530462
40141,0.004461
40142,-0.368944
40143,-0.568999
40144,-0.558516
40145,-0.448634
40146,0.395921
40147,-2.008843
40148,-0.568304
40149,-0.508511
40150,0.432240
40151,0.737148
40152,-0.549898
40153,0.541661
40154,-0.396534
40155,0.565684
40156,1.497248
40157,-0.783707
40158,0.909241
40159,-0.602591
40160,0.332715
40161,-0.344352
40162,-0.014579
40163,0.928537
40164,-0.756293
40165,-0.209382
40166,1.141987
40167,-1.019665
40168,-0.618607
40169,-0.538977
40170,0.872667
40171,-0.063669
40172,1.199390
40173,-0.566779
40174,-1.746171
40175,-1.947359
40176,0.764239
40177,1.890960
40178,0.713651
40179,-0.553811
40180,1.532317
40181,1.325802
40182,0.826844
40183,0.288053
40184,1.388704
40185,0.637020
40186,-3.178443
40187,0.199372
40188,-0.262451
40189,1.854260
40190,-1.026100
40191,-0.699738
40192,0.293570
40193,-0.769261
40194,0.890551
40195,0.522815
40196,-1.329315
40197,-0.625273
40198,0.473605
40199,0.177117
40200,0.668928
40201,-0.109160
40202,0.731698
40203,0.527530
40204,-0.154889
40205,-1.404486
40206,-0.627515
40207,-0.878327
40208,1.138234
40209,-0.087587
40210,-1.135622
40211,-0.629604
40212,0.448175
40213,-0.006138
40214,0.298616
40215,0.554358
40216,-0.193861
40217,0.545094
40218,0.831983
40219,-1.117368
40220,-0.447042
40221,0.565900
40222,0.222931
40223,-0.130080
40224,0.855415
40225,0.520559
40226,0.017119
40227,1.586318
40228,0.333894
40229,0.113595
40230,1.479340
40231,0.795090
40232,0.082988
40233,-0.061230
40234,0.465418
40235,0.760742
40236,0.268885
40237,0.489363
40238,0.545019
40239,0.686495
40240,0.953727
40241,1.366916
40242,-0.074487
40243,-1.542012
40244,0.301194
40245,-0.106878
40246,1.271981
40247,2.528468
40248,0.042764
40249,0.446604
40250,-1.478242
40251,-1.805656
40252,-0.425925
40253,-0.189968
40254,0.227749
40255,1.933534
40256,0.609843
40257,1.024945
40258,-0.045137
40259,1.266197
40260,-1.333740
40261,-0.146902
40262,-0.666802
40263,1.816227
40264,-1.094646
40265,1.413802
40266,0.731264
40267,-1.708415
40268,-0.074463
40269,-0.477979
40270,-1.488789
40271,0.452493
40272,-0.180518
40273,-0.979297
40274,-0.716491
40275,1.663483
40276,1.205105
40277,0.764050
40278,-0.765166
40279,-0.666284
40280,0.145305
40281,0.555881
40282,-2.023825
40283,1.219486
40284,-0.138875
40285,-1.550414
40286,-1.304431
40287,-0.109181
40288,0.154515
40289,-1.050492
40290,0.135770
40291,0.412797
40292,-0.371861
40293,2.741432
40294,-0.733277
40295,-1.126675
40296,0.836540
40297,0.947162
40298,-1.926911
40299,1.160971
40300,-0.303160
40301,-0.814146
40302,0.070926
40303,2.006551
40304,1.592312
40305,0.673140
40306,1.167408
40307,0.303360
40308,0.872860
40309,0.165473
40310,-0.930971
40311,0.709577
40312,-0.244863
40313,-0.163184
40314,1.440262
40315,0.617906
40316,-0.586593
40317,-0.880493
40318,0.243673
40319,-0.896026
40320,-0.610624
40321,1.339173
40322,-0.534062
40323,0.259161
40324,-0.664519
40325,0.226999
40326,0.138631
40327,0.044741
40328,0.063202
40329,0.040457
40330,0.385223
40331,-1.209218
40332,0.511273
40333,0.806278
40334,0.430617
40335,1.111314
40336,0.969040
40337,-0.334470
40338,-1.344450
40339,-0.221299
40340,-0.057849
40341,-0.182322
40342,-1.029224
40343,0.670996
40344,0.698842
40345,0.245160
40346,-0.694163
40347,-0.945367
40348,-0.136255
40349,1.440767
40350,1.113272
40351,0.165417
40352,0.023428
40353,-0.538305
40354,-0.922155
40355,-0.581229
40356,-0.573708
40357,-1.802169
40358,2.109094
40359,1.497311
40360,-0.088067
40361,-0.234087
40362,0.107373
40363,-0.970008
40364,0.711348
40365,0.144539
40366,-0.394704
40367,1.025518
40368,-0.260639
40369,-0.002725
40370,-0.737291
40371,-0.819874
40372,-0.630809
40373,0.878844
40374,1.153087
40375,0.432428
40376,1.878108
40377,0.693872
40378,0.635729
40379,0.459891
40380,0.539689
40381,-1.495994
40382,0.810489
40383,-0.180428
40384,0.921797
40385,-1.526131
40386,-0.781601
40387,0.369887
40388,0.266792
40389,-0.469319
40390,-0.622225
40391,-0.872746
40392,-0.190340
40393,-1.080032
40394,-0.373662
40395,-0.459197
40396,-0.417587
40397,-1.219598
40398,-0.757358
40399,0.989034
40400,-0.244160
40401,-0.601581
40402,-1.455843
40403,0.472962
40404,-0.400739
40405,0.813095
40406,-0.855000
40407,-0.708927
40408,-0.116836
40409,-0.407348
40410,-0.095522
40411,-0.985646
40412,1.329901
40413,0.407914
40414,0.697200
40415,1.365060
40416,2.164763
40417,0.005717
40418,-0.615980
40419,-0.546382
40420,-1.820215
40421,-0.782848
40422,-1.433242
40423,0.072816
40424,-0.050162
40425,0.657844
40426,0.549075
40427,0.668998
40428,-2.665325
40429,-1.357901
40430,-0.977153
40431,1.136501
40432,1.297709
40433,-0.553723
40434,-0.061944
40435,0.006565
40436,0.045109
40437,0.572712
40438,-0.367687
40439,-0.765400
40440,0.216638
40441,2.023858
40442,0.241483
40443,0.006687
40444,0.312320
40445,-0.976417
40446,0.262422
40447,-2.223506
40448,-1.367781
40449,-0.525825
40450,0.060167
40451,-0.246073
40452,-0.280167
40453,-0.157247
40454,-1.096776
40455,-0.757115
40456,1.626794
40457,0.534691
40458,1.273021
40459,0.834173
40460,2.352813
40461,-2.054931
40462,-0.571597
40463,0.445874
40464,1.958832
40465,0.459629
40466,-0.604387
40467,2.186361
40468,0.119039
40469,-1.041390
40470,-2.127096
40471,-1.057849
40472,-0.425484
40473,-0.176699
40474,1.225415
40475,-1.144351
40476,-0.914288
40477,0.604130
40478,0.013462
40479,1.552078
40480,0.111262
40481,0.102563
40482,1.924557
40483,-0.886559
40484,0.293454
40485,-0.222493
40486,1.807668
40487,-0.699755
40488,0.130910
40489,2.374833
40490,2.571329
40491,1.670832
40492,-0.147602
40493,1.094228
40494,0.139897
40495,0.721594
40496,-0.158260
40497,0.163674
40498,-0.305022
40499,0.023108
40500,-1.004507
40501,1.502966
40502,1.726486
40503,0.443769
40504,1.100266
40505,1.096846
40506,1.636250
40507,0.654197
40508,0.612605
40509,0.225046
40510,-1.019563
40511,0.086032
40512,0.180539
40513,-0.333847
40514,0.530189
40515,-0.274402
40516,0.749815
40517,1.713836
40518,0.687037
40519,1.094102
40520,-0.049547
40521,-0.638296
40522,1.052874
40523,0.610949
40524,0.155676
40525,-1.126105
40526,-0.714183
40527,1.872140
40528,0.560599
40529,-0.421201
40530,0.413328
40531,1.160769
40532,0.078746
40533,1.823142
40534,0.383196
40535,1.119188
40536,0.761025
40537,1.983297
40538,-0.882210
40539,-1.254406
40540,0.559101
40541,0.960612
40542,1.887374
40543,0.397638
40544,0.386131
40545,1.067184
40546,-0.053380
40547,-0.612316
40548,-0.841015
40549,-1.378484
40550,-0.332348
40551,-1.939109
40552,-0.221989
40553,0.443369
40554,-1.064518
40555,0.237517
40556,0.956795
40557,-0.207026
40558,0.403395
40559,0.910478
40560,1.555589
40561,-1.159964
40562,1.017093
40563,1.337754
40564,-1.136711
40565,0.918057
40566,0.455865
40567,0.090398
40568,0.123568
40569,-0.631502
40570,0.192530
40571,-0.079640
40572,-1.738387
40573,-1.231394
40574,-0.317348
40575,-1.344962
40576,0.024943
40577,-0.959289
40578,-0.653364
40579,-0.186830
40580,-0.421614
40581,-1.169435
40582,2.357516
40583,0.389523
40584,0.751620
40585,0.653204
40586,0.429987
40587,2.321523
40588,1.090646
40589,1.204558
40590,0.824006
40591,0.711097
40592,1.403281
40593,0.820996
40594,0.004996
40595,1.747349
40596,1.401220
40597,-0.903494
40598,0.345908
40599,0.490122
40600,-0.423526
40601,2.350189
40602,2.158804
40603,2.143848
40604,1.292477
40605,-0.056367
40606,0.102256
40607,1.846534
40608,1.782120
40609,0.541589
40610,-0.972260
40611,-0.685150
40612,-1.242754
40613,0.030855
40614,-0.314448
40615,-0.239395
40616,-1.714791
40617,0.140574
40618,0.350479
40619,-0.628209
40620,-1.074903
40621,1.633508
40622,0.187953
40623,0.892313
40624,1.743112
40625,1.194681
40626,-0.779572
40627,-0.806285
40628,0.391237
40629,1.491256
40630,-0.231099
40631,0.431427
40632,-0.335046
40633,-1.181269
40634,1.441225
40635,-1.330384
40636,-1.105941
40637,-0.408561
40638,-1.856256
40639,-0.960064
40640,0.067520
40641,1.337798
40642,0.140963
40643,1.052571
40644,-0.636795
40645,0.163051
40646,0.690506
40647,-0.418483
40648,0.185911
40649,0.032797
40650,-0.689710
40651,-0.267127
40652,1.205426
40653,-1.342574
40654,-0.064254
