# fname = f005308.csv
#  num_bckg events = 96
#  num_sig events = 8
# 0: class: 0, dur: 491 start: 1, stop = 491
# 1: class: 0, dur: 110 start: 492, stop = 601
# 2: class: 0, dur: 23 start: 602, stop = 624
# 3: class: 0, dur: 159 start: 625, stop = 783
# 4: class: 0, dur: 213 start: 784, stop = 996
# 5: class: 0, dur: 420 start: 997, stop = 1416
# 6: class: 0, dur: 234 start: 1417, stop = 1650
# 7: class: 4, dur: 470 start: 1651, stop = 2120
# 8: class: 0, dur: 143 start: 2121, stop = 2263
# 9: class: 0, dur: 103 start: 2264, stop = 2366
# 10: class: 0, dur: 144 start: 2367, stop = 2510
# 11: class: 3, dur: 354 start: 2511, stop = 2864
# 12: class: 0, dur: 338 start: 2865, stop = 3202
# 13: class: 0, dur: 155 start: 3203, stop = 3357
# 14: class: 0, dur: 385 start: 3358, stop = 3742
# 15: class: 0, dur: 60 start: 3743, stop = 3802
# 16: class: 0, dur: 297 start: 3803, stop = 4099
# 17: class: 0, dur: 486 start: 4100, stop = 4585
# 18: class: 0, dur: 185 start: 4586, stop = 4770
# 19: class: 0, dur: 371 start: 4771, stop = 5141
# 20: class: 0, dur: 155 start: 5142, stop = 5296
# 21: class: 0, dur: 42 start: 5297, stop = 5338
# 22: class: 0, dur: 481 start: 5339, stop = 5819
# 23: class: 0, dur: 147 start: 5820, stop = 5966
# 24: class: 0, dur: 163 start: 5967, stop = 6129
# 25: class: 0, dur: 229 start: 6130, stop = 6358
# 26: class: 0, dur: 229 start: 6359, stop = 6587
# 27: class: 0, dur: 139 start: 6588, stop = 6726
# 28: class: 0, dur: 470 start: 6727, stop = 7196
# 29: class: 0, dur: 387 start: 7197, stop = 7583
# 30: class: 0, dur: 203 start: 7584, stop = 7786
# 31: class: 3, dur: 49 start: 7787, stop = 7835
# 32: class: 0, dur: 133 start: 7836, stop = 7968
# 33: class: 0, dur: 11 start: 7969, stop = 7979
# 34: class: 0, dur: 254 start: 7980, stop = 8233
# 35: class: 0, dur: 136 start: 8234, stop = 8369
# 36: class: 0, dur: 413 start: 8370, stop = 8782
# 37: class: 0, dur: 159 start: 8783, stop = 8941
# 38: class: 0, dur: 75 start: 8942, stop = 9016
# 39: class: 0, dur: 351 start: 9017, stop = 9367
# 40: class: 0, dur: 403 start: 9368, stop = 9770
# 41: class: 4, dur: 417 start: 9771, stop = 10187
# 42: class: 0, dur: 255 start: 10188, stop = 10442
# 43: class: 0, dur: 388 start: 10443, stop = 10830
# 44: class: 0, dur: 251 start: 10831, stop = 11081
# 45: class: 0, dur: 184 start: 11082, stop = 11265
# 46: class: 0, dur: 396 start: 11266, stop = 11661
# 47: class: 0, dur: 15 start: 11662, stop = 11676
# 48: class: 0, dur: 274 start: 11677, stop = 11950
# 49: class: 0, dur: 270 start: 11951, stop = 12220
# 50: class: 0, dur: 374 start: 12221, stop = 12594
# 51: class: 0, dur: 305 start: 12595, stop = 12899
# 52: class: 0, dur: 92 start: 12900, stop = 12991
# 53: class: 0, dur: 246 start: 12992, stop = 13237
# 54: class: 0, dur: 499 start: 13238, stop = 13736
# 55: class: 0, dur: 429 start: 13737, stop = 14165
# 56: class: 0, dur: 21 start: 14166, stop = 14186
# 57: class: 0, dur: 317 start: 14187, stop = 14503
# 58: class: 0, dur: 184 start: 14504, stop = 14687
# 59: class: 0, dur: 11 start: 14688, stop = 14698
# 60: class: 0, dur: 270 start: 14699, stop = 14968
# 61: class: 0, dur: 387 start: 14969, stop = 15355
# 62: class: 0, dur: 360 start: 15356, stop = 15715
# 63: class: 0, dur: 68 start: 15716, stop = 15783
# 64: class: 0, dur: 144 start: 15784, stop = 15927
# 65: class: 0, dur: 23 start: 15928, stop = 15950
# 66: class: 0, dur: 422 start: 15951, stop = 16372
# 67: class: 0, dur: 364 start: 16373, stop = 16736
# 68: class: 0, dur: 489 start: 16737, stop = 17225
# 69: class: 0, dur: 186 start: 17226, stop = 17411
# 70: class: 0, dur: 248 start: 17412, stop = 17659
# 71: class: 0, dur: 241 start: 17660, stop = 17900
# 72: class: 0, dur: 253 start: 17901, stop = 18153
# 73: class: 0, dur: 397 start: 18154, stop = 18550
# 74: class: 0, dur: 240 start: 18551, stop = 18790
# 75: class: 0, dur: 452 start: 18791, stop = 19242
# 76: class: 2, dur: 189 start: 19243, stop = 19431
# 77: class: 3, dur: 271 start: 19432, stop = 19702
# 78: class: 0, dur: 167 start: 19703, stop = 19869
# 79: class: 0, dur: 422 start: 19870, stop = 20291
# 80: class: 1, dur: 314 start: 20292, stop = 20605
# 81: class: 0, dur: 473 start: 20606, stop = 21078
# 82: class: 0, dur: 459 start: 21079, stop = 21537
# 83: class: 0, dur: 211 start: 21538, stop = 21748
# 84: class: 0, dur: 189 start: 21749, stop = 21937
# 85: class: 0, dur: 435 start: 21938, stop = 22372
# 86: class: 0, dur: 233 start: 22373, stop = 22605
# 87: class: 0, dur: 79 start: 22606, stop = 22684
# 88: class: 0, dur: 226 start: 22685, stop = 22910
# 89: class: 0, dur: 111 start: 22911, stop = 23021
# 90: class: 0, dur: 292 start: 23022, stop = 23313
# 91: class: 0, dur: 476 start: 23314, stop = 23789
# 92: class: 0, dur: 364 start: 23790, stop = 24153
# 93: class: 0, dur: 22 start: 24154, stop = 24175
# 94: class: 0, dur: 134 start: 24176, stop = 24309
# 95: class: 0, dur: 161 start: 24310, stop = 24470
# 96: class: 0, dur: 126 start: 24471, stop = 24596
# 97: class: 0, dur: 218 start: 24597, stop = 24814
# 98: class: 0, dur: 386 start: 24815, stop = 25200
# 99: class: 3, dur: 387 start: 25201, stop = 25587
# 100: class: 0, dur: 458 start: 25588, stop = 26045
# 101: class: 0, dur: 441 start: 26046, stop = 26486
# 102: class: 0, dur: 463 start: 26487, stop = 26949
# 103: class: 0, dur: 457 start: 26950, stop = 27406
#------------
1,-0.861444
2,-1.261970
3,-1.929464
4,-1.165872
5,0.306394
6,0.836276
7,-0.567087
8,0.993557
9,-0.014240
10,-1.413624
11,-1.210864
12,-0.007512
13,-1.281861
14,0.805245
15,0.788376
16,0.487903
17,2.305982
18,1.238028
19,0.992570
20,0.899623
21,1.464506
22,-0.183940
23,-0.526268
24,0.512499
25,0.036053
26,0.347981
27,0.236385
28,-0.150479
29,0.145879
30,0.825261
31,-0.898421
32,0.588435
33,-0.678996
34,-1.581152
35,1.308352
36,1.753901
37,0.591441
38,-1.224356
39,-1.270028
40,0.634782
41,2.129238
42,0.156797
43,0.217068
44,-0.033326
45,-0.646500
46,-1.229502
47,-0.938304
48,2.609826
49,1.832315
50,0.919517
51,-1.196287
52,-1.081396
53,0.514606
54,-1.359158
55,0.045228
56,-2.143982
57,-2.786898
58,-0.300791
59,0.741467
60,-0.252101
61,0.872735
62,0.668929
63,-0.644380
64,-1.672090
65,0.505069
66,-0.319139
67,0.833965
68,-1.875610
69,-1.216565
70,0.889056
71,1.696000
72,-0.733138
73,-1.392527
74,-0.917667
75,0.035804
76,-0.314345
77,-0.353791
78,-0.658457
79,0.916362
80,-0.547189
81,0.441815
82,2.778770
83,0.372197
84,-0.394250
85,2.695253
86,0.336452
87,0.611779
88,1.030730
89,1.860589
90,-0.876191
91,0.592528
92,1.791904
93,1.850501
94,-0.542369
95,0.788097
96,-1.033591
97,1.472827
98,1.312018
99,1.478383
100,-0.375053
101,-1.657812
102,0.655708
103,2.022340
104,0.956471
105,0.467397
106,-2.207896
107,-1.021414
108,-0.867797
109,0.059610
110,0.897932
111,-0.093354
112,1.618577
113,1.064315
114,0.881765
115,-0.081402
116,-0.339556
117,-0.746165
118,0.212318
119,-1.367540
120,2.385629
121,0.563422
122,-0.253755
123,1.165692
124,0.809615
125,1.203318
126,-0.492372
127,0.689389
128,-0.071715
129,-1.155521
130,0.041264
131,2.523679
132,1.482931
133,0.993020
134,0.593179
135,0.430858
136,-0.002986
137,-0.836532
138,1.196516
139,1.172436
140,1.785290
141,1.135867
142,0.561305
143,-1.596755
144,-0.176934
145,0.427760
146,-0.318933
147,-0.160277
148,0.898203
149,-0.296352
150,0.839380
151,1.316493
152,-1.436205
153,0.378267
154,-1.504003
155,-0.378050
156,-0.182493
157,-0.475347
158,-0.516326
159,0.708714
160,0.032995
161,-1.265275
162,-0.978207
163,-0.792868
164,-0.040639
165,-0.986682
166,-1.806239
167,-1.236036
168,-1.762082
169,-2.284825
170,0.039846
171,0.929698
172,-0.848715
173,-0.381463
174,1.073166
175,-1.472823
176,0.322186
177,0.412848
178,-0.718540
179,0.744082
180,-0.447293
181,-1.356623
182,0.832173
183,-1.313443
184,-0.835486
185,1.395097
186,1.812799
187,-1.150938
188,-0.773619
189,1.735790
190,1.830349
191,0.593431
192,1.119728
193,0.546226
194,0.304833
195,-1.035424
196,-0.333188
197,-2.254909
198,0.332945
199,0.875132
200,-0.678622
201,0.639822
202,0.461787
203,0.464174
204,1.524645
205,0.917362
206,0.804110
207,0.360120
208,0.818520
209,0.319782
210,0.845678
211,-0.531544
212,1.616998
213,0.574707
214,-0.082287
215,0.255383
216,0.390180
217,0.618509
218,1.383253
219,2.998690
220,1.312115
221,1.720784
222,0.357420
223,0.865424
224,0.294107
225,-0.315501
226,-0.625876
227,0.534491
228,1.252452
229,-0.330268
230,-0.360019
231,0.137695
232,-1.538019
233,0.280802
234,1.061312
235,0.220860
236,0.566717
237,1.340081
238,-0.018186
239,1.997725
240,2.287632
241,0.921811
242,-0.910963
243,-0.431252
244,2.712070
245,0.329049
246,0.392102
247,-1.040038
248,-1.399975
249,-0.427656
250,-1.011518
251,0.344747
252,-0.269354
253,-0.307255
254,1.097452
255,1.018542
256,0.048698
257,-1.396339
258,-1.397390
259,-0.838303
260,0.362330
261,-0.085668
262,0.610786
263,1.065175
264,0.466537
265,0.594878
266,-2.043785
267,-0.369354
268,-0.294361
269,-1.363587
270,0.009680
271,-0.126844
272,-1.497371
273,1.225455
274,1.292725
275,1.032359
276,2.203560
277,1.243148
278,-0.176290
279,-0.706572
280,0.819778
281,0.365048
282,-0.296565
283,-0.976275
284,0.486065
285,-0.352674
286,0.454884
287,1.462857
288,0.194643
289,1.105741
290,1.026308
291,-1.126481
292,-0.885180
293,-1.516171
294,-0.836196
295,0.942279
296,0.848505
297,1.524995
298,-0.242581
299,0.198283
300,2.365574
301,0.741654
302,0.030600
303,2.030195
304,-0.306308
305,-0.277493
306,1.316667
307,-0.360562
308,0.059774
309,0.774475
310,0.451987
311,-1.147847
312,-0.600168
313,0.219874
314,1.574507
315,1.305785
316,1.868647
317,1.091533
318,0.796204
319,-0.888603
320,-1.267141
321,-0.304865
322,-0.821099
323,0.916469
324,0.256427
325,1.261299
326,-0.974873
327,0.461458
328,0.548766
329,0.819717
330,0.251819
331,0.243193
332,0.152931
333,0.329374
334,-1.104238
335,1.066397
336,-0.209254
337,0.605007
338,0.323582
339,0.594162
340,-0.378367
341,-1.812162
342,-0.981318
343,-1.557342
344,-0.024495
345,-0.589761
346,0.614297
347,0.362496
348,-1.499222
349,-1.737865
350,-1.685502
351,0.402198
352,0.101663
353,-0.946500
354,-0.181632
355,2.469894
356,-0.348661
357,0.336640
358,-1.273288
359,0.027281
360,-0.236397
361,0.054146
362,0.480779
363,-0.712885
364,-1.538727
365,0.904251
366,-0.529510
367,-0.915381
368,-0.262716
369,-0.306758
370,-2.098230
371,-0.853165
372,-0.520174
373,-2.172907
374,-0.272843
375,0.199553
376,-0.187638
377,-0.783018
378,1.488896
379,0.184494
380,0.754734
381,1.793039
382,1.692165
383,0.409798
384,-0.181866
385,-1.085132
386,-2.071471
387,0.830553
388,1.591163
389,-1.420835
390,1.180754
391,0.288916
392,2.521653
393,0.911865
394,-0.034672
395,0.589635
396,0.224108
397,-1.850240
398,-0.908139
399,0.771597
400,0.143919
401,-0.378806
402,1.202057
403,0.359847
404,-0.446823
405,-0.177416
406,-1.190911
407,-0.135680
408,-1.212160
409,-0.904670
410,-0.607854
411,-0.591101
412,-0.616141
413,0.446578
414,0.207611
415,1.849721
416,-0.873084
417,-1.315562
418,-1.356810
419,-0.553098
420,-2.393802
421,1.283293
422,-1.432694
423,-0.680413
424,-0.327144
425,-2.035580
426,1.335605
427,-1.080076
428,-0.210658
429,0.646448
430,-0.006328
431,0.818723
432,0.853011
433,0.378639
434,-0.538867
435,-0.862526
436,0.324731
437,-0.139554
438,0.132758
439,-0.222784
440,-0.726235
441,-1.004758
442,1.047963
443,-0.654125
444,-0.077546
445,2.032354
446,-0.599242
447,-0.684290
448,-0.624074
449,-1.468172
450,-0.397473
451,-0.327822
452,-0.831206
453,-1.241322
454,-0.145697
455,-0.145888
456,-1.703120
457,0.237344
458,0.395952
459,-0.517620
460,1.225340
461,1.865964
462,1.121747
463,0.195247
464,-1.516913
465,-0.710751
466,0.753645
467,0.759460
468,-0.510147
469,0.979202
470,1.369886
471,-0.210278
472,-1.727853
473,-1.070798
474,-1.345304
475,0.358443
476,0.571593
477,1.157199
478,-0.619518
479,-0.678746
480,-0.734162
481,-0.770934
482,0.021497
483,-0.218469
484,-0.506140
485,0.601110
486,-0.406747
487,-0.513936
488,-1.788014
489,-0.473160
490,-1.047345
491,-1.616762
492,-1.966479
493,-0.201596
494,-0.257738
495,0.520495
496,-0.520038
497,-0.532953
498,0.551198
499,0.264854
500,1.535320
501,-0.525466
502,0.664518
503,2.260341
504,1.487469
505,-1.191948
506,-0.675954
507,-0.753814
508,-0.200779
509,1.911862
510,-0.978457
511,-0.624400
512,-0.446719
513,-0.343447
514,0.672134
515,0.728108
516,0.499056
517,0.029275
518,2.191220
519,-2.006444
520,-0.465918
521,0.018929
522,-0.391655
523,1.189054
524,0.556579
525,0.539133
526,0.924919
527,0.998164
528,-1.457474
529,-0.216980
530,1.142510
531,0.528072
532,0.209230
533,2.450332
534,2.058848
535,2.223945
536,1.635637
537,0.117270
538,1.356523
539,-0.340406
540,-0.545447
541,1.143533
542,-0.743535
543,-1.662933
544,0.538925
545,0.533189
546,0.279002
547,0.314310
548,-0.583980
549,-0.403036
550,0.797921
551,1.080060
552,-0.869843
553,0.317942
554,-0.551078
555,1.280435
556,1.784737
557,-1.285437
558,-0.170727
559,-0.736669
560,0.335578
561,-0.601205
562,0.214534
563,-2.297903
564,-1.463112
565,-1.599724
566,-0.925642
567,-0.718244
568,-1.666443
569,0.387235
570,1.079451
571,0.189767
572,1.568598
573,-0.151574
574,1.819871
575,-0.014174
576,0.396273
577,-0.215636
578,-0.128657
579,-1.328474
580,-1.479724
581,-0.582939
582,-1.089589
583,-0.343049
584,0.169697
585,-1.165798
586,-0.875105
587,-0.422438
588,-0.194089
589,0.110943
590,1.934019
591,-0.748426
592,0.214040
593,-1.414431
594,1.429406
595,1.810837
596,-0.002359
597,-0.194700
598,0.778142
599,0.683076
600,-0.567810
601,0.349359
602,1.842040
603,2.256075
604,0.314806
605,0.207640
606,-0.444750
607,-0.209146
608,-1.010648
609,0.204399
610,-1.247294
611,0.458487
612,1.169847
613,0.640907
614,1.419100
615,0.551046
616,-0.695719
617,0.662137
618,-0.383931
619,1.031608
620,-0.067554
621,1.568588
622,0.923710
623,-0.384119
624,0.241441
625,0.828547
626,0.198873
627,-1.425193
628,0.525112
629,-1.774523
630,0.025331
631,-0.897395
632,0.292255
633,-1.329738
634,-1.186447
635,-1.455999
636,-0.650906
637,0.273121
638,-0.018070
639,-0.505473
640,0.117816
641,0.465021
642,-0.573619
643,0.580774
644,0.217686
645,-0.549812
646,-1.576096
647,0.035842
648,0.137786
649,-1.135989
650,-2.393613
651,0.158973
652,-0.370854
653,-1.489419
654,-0.213529
655,2.248487
656,-0.071216
657,-0.828471
658,0.196431
659,-0.646853
660,-2.703583
661,0.156213
662,1.480479
663,0.164441
664,-1.213864
665,0.007900
666,0.880498
667,-0.330521
668,-0.206648
669,0.738864
670,-0.588862
671,0.029790
672,0.145044
673,0.790832
674,-0.104417
675,0.148459
676,-0.704940
677,-0.319037
678,-0.214616
679,-0.264089
680,-0.702526
681,-0.611734
682,0.612318
683,-0.229957
684,0.196309
685,-0.369558
686,1.836906
687,-0.072246
688,-0.139202
689,-1.403623
690,-2.296556
691,0.954949
692,0.553718
693,1.446383
694,-0.588175
695,0.419628
696,-1.045241
697,0.459239
698,-1.274773
699,-0.457261
700,-1.021454
701,-0.842159
702,0.281045
703,-0.266902
704,-0.264010
705,-0.725749
706,-0.590953
707,-0.033696
708,0.292031
709,0.682277
710,0.759925
711,0.780570
712,-0.288493
713,0.312939
714,1.646020
715,1.175973
716,0.571227
717,0.949923
718,-0.396253
719,-2.505374
720,-0.418731
721,0.680128
722,1.451928
723,0.676847
724,-1.547330
725,-1.036147
726,-1.781654
727,-0.613861
728,-1.378806
729,1.421072
730,-0.074809
731,-1.523035
732,-1.402194
733,0.448842
734,0.405586
735,-0.808178
736,-0.092330
737,-1.365535
738,-0.481624
739,0.999929
740,-1.642317
741,0.323797
742,-0.559948
743,-0.917753
744,0.082662
745,1.122064
746,0.932692
747,-0.797500
748,-2.446239
749,-1.465380
750,-1.451460
751,0.788929
752,0.315673
753,0.186184
754,-0.029803
755,0.423799
756,1.494703
757,1.086116
758,0.614824
759,1.171083
760,-1.646085
761,-1.499757
762,-0.250429
763,-1.702215
764,-1.894375
765,-0.771712
766,-0.710001
767,-0.442217
768,-1.265649
769,0.849495
770,-0.754233
771,0.444927
772,-0.551474
773,-0.132339
774,-0.548485
775,1.070366
776,0.200468
777,1.216881
778,0.479779
779,-1.089951
780,-1.291645
781,-0.171186
782,0.086845
783,0.331546
784,-0.914279
785,0.559407
786,0.413248
787,0.690879
788,0.364898
789,0.095189
790,1.119717
791,1.810860
792,0.223219
793,1.053275
794,-2.340949
795,-1.770981
796,-0.227869
797,-1.719799
798,0.060657
799,0.252056
800,1.580683
801,0.090704
802,-1.643120
803,1.055734
804,2.133737
805,0.549770
806,0.507377
807,0.363404
808,0.399348
809,1.512775
810,0.132859
811,0.154622
812,0.885616
813,-0.158627
814,0.063862
815,-0.748327
816,-0.270291
817,0.598597
818,-1.465835
819,0.023833
820,1.217817
821,1.258790
822,0.452737
823,0.313148
824,-0.836448
825,-0.925162
826,-0.754274
827,-1.990893
828,-1.115016
829,0.672033
830,0.975828
831,-0.250402
832,-0.708307
833,1.079695
834,-0.035251
835,1.412313
836,1.200787
837,-1.711650
838,-1.648881
839,-0.217887
840,0.736366
841,0.996618
842,-0.308201
843,0.419471
844,-0.174597
845,-1.586107
846,0.117263
847,-0.028382
848,0.721299
849,0.615561
850,0.373832
851,1.140531
852,0.552202
853,-0.213317
854,0.408223
855,-0.216357
856,0.337259
857,-0.106089
858,0.977058
859,-0.155082
860,-0.547298
861,-0.273046
862,-2.093259
863,0.141376
864,-0.324194
865,0.850433
866,0.605449
867,-0.357592
868,-1.200328
869,-0.883319
870,0.413353
871,-1.001683
872,-1.532695
873,0.136101
874,-1.362520
875,-0.743302
876,0.360844
877,0.275866
878,-0.105421
879,-0.222673
880,0.900334
881,0.948549
882,-0.120259
883,-0.472732
884,0.226386
885,-0.041161
886,-1.160941
887,0.108799
888,0.465422
889,1.213795
890,-0.608994
891,-0.196670
892,-0.157588
893,-1.320662
894,-0.971056
895,-0.513007
896,0.572534
897,-1.384896
898,-0.780872
899,1.148691
900,2.057555
901,0.425519
902,-0.608479
903,0.257244
904,0.649665
905,1.767539
906,-0.081906
907,-0.200243
908,0.951063
909,0.680929
910,1.190650
911,0.166147
912,1.579233
913,-0.041948
914,0.759084
915,-0.829067
916,-0.259806
917,-1.357596
918,-0.470829
919,0.581941
920,-0.854227
921,-2.788528
922,-0.491446
923,-0.859559
924,-1.343327
925,0.251902
926,0.177132
927,-1.081432
928,-1.130049
929,-1.854666
930,-1.154142
931,0.162379
932,0.022962
933,-0.575741
934,-1.023142
935,-0.172894
936,-0.751193
937,-0.639342
938,-0.057272
939,0.957942
940,-0.378506
941,0.132248
942,1.287807
943,-0.909795
944,1.277763
945,0.627079
946,-1.436224
947,-0.742223
948,-0.396538
949,-0.309944
950,0.160248
951,-0.980977
952,-0.527872
953,-0.492152
954,-0.137847
955,-0.624662
956,-1.092621
957,-1.789799
958,-0.347684
959,0.322393
960,-0.608221
961,0.430059
962,0.229748
963,0.089918
964,0.219481
965,0.801889
966,-1.075586
967,-0.860581
968,-0.291992
969,0.651163
970,1.646754
971,-0.571069
972,-0.607164
973,1.277704
974,-1.442392
975,-0.984756
976,0.327341
977,-1.564837
978,-0.208127
979,-0.993025
980,-1.074670
981,-1.559695
982,2.931558
983,0.252410
984,-1.306033
985,-0.696585
986,-0.436747
987,0.013480
988,0.660313
989,1.024172
990,0.191669
991,-0.010439
992,1.750764
993,0.294204
994,1.776429
995,-0.645124
996,-0.266267
997,-0.115819
998,0.304305
999,0.127254
1000,1.867598
1001,1.879636
1002,1.079096
1003,0.955758
1004,-0.448812
1005,-0.772720
1006,0.141319
1007,0.254625
1008,0.773553
1009,-0.980503
1010,-0.549434
1011,-1.715161
1012,-0.174292
1013,0.899561
1014,0.482692
1015,1.334147
1016,0.041329
1017,-0.848910
1018,-0.447254
1019,-0.663307
1020,0.182578
1021,-0.634334
1022,-0.449319
1023,0.040104
1024,0.407454
1025,1.408967
1026,0.762206
1027,1.948476
1028,-0.380606
1029,-0.813031
1030,0.194576
1031,0.900174
1032,-1.016092
1033,0.516556
1034,-2.042214
1035,0.068473
1036,0.635218
1037,-0.457067
1038,-0.437441
1039,-0.820922
1040,0.547278
1041,0.689020
1042,0.911859
1043,-1.357423
1044,-0.136271
1045,0.473698
1046,0.532874
1047,1.833656
1048,1.290161
1049,-1.043481
1050,-0.899295
1051,1.756274
1052,-0.898473
1053,0.239711
1054,3.059043
1055,-0.088440
1056,0.396611
1057,-0.293587
1058,-2.322739
1059,-1.325476
1060,-1.434467
1061,-0.549061
1062,0.293263
1063,-0.668834
1064,0.417700
1065,0.153093
1066,0.351598
1067,-2.310346
1068,-0.935509
1069,0.236526
1070,-1.502099
1071,0.178066
1072,1.515451
1073,0.405306
1074,0.486412
1075,1.981022
1076,-2.895165
1077,-0.854920
1078,-0.429505
1079,-0.431482
1080,1.327305
1081,-0.316573
1082,0.611304
1083,1.475766
1084,1.713992
1085,-0.107297
1086,0.989991
1087,0.497233
1088,-0.903425
1089,-1.449500
1090,0.359256
1091,0.165640
1092,0.365503
1093,-1.366650
1094,-0.106076
1095,-0.332054
1096,0.294449
1097,-2.323764
1098,-0.121490
1099,-0.386011
1100,2.056687
1101,2.632861
1102,1.436944
1103,-0.539677
1104,0.854860
1105,1.959041
1106,1.308771
1107,-0.090110
1108,-2.213864
1109,-0.424281
1110,0.194624
1111,0.199405
1112,1.201216
1113,1.007132
1114,2.034733
1115,-0.108812
1116,2.150822
1117,1.901473
1118,0.006505
1119,0.089691
1120,-1.338498
1121,1.643605
1122,0.931300
1123,-0.239291
1124,-0.785636
1125,-1.945183
1126,0.115769
1127,-1.295988
1128,0.825121
1129,-0.233664
1130,1.662677
1131,2.490762
1132,0.427465
1133,1.536190
1134,1.694292
1135,0.066088
1136,-0.282292
1137,1.289891
1138,1.178029
1139,0.466226
1140,-0.891472
1141,-0.821958
1142,0.903042
1143,0.687368
1144,1.103549
1145,1.165184
1146,0.903776
1147,-1.311901
1148,0.210178
1149,1.541212
1150,1.216627
1151,-0.568154
1152,0.897048
1153,0.553288
1154,0.185336
1155,0.012724
1156,0.612359
1157,1.269130
1158,1.079342
1159,0.786939
1160,2.053040
1161,-0.625097
1162,0.329398
1163,1.012157
1164,0.554473
1165,-1.738382
1166,-1.417992
1167,0.480591
1168,0.468827
1169,-0.124580
1170,1.604376
1171,-0.472003
1172,-1.045584
1173,-0.702471
1174,0.478565
1175,0.825470
1176,-0.230953
1177,-0.011305
1178,0.968420
1179,-1.354539
1180,-0.155400
1181,0.176799
1182,-1.649717
1183,0.375806
1184,-0.697315
1185,-1.086159
1186,0.233145
1187,0.426756
1188,-1.098064
1189,-1.304433
1190,-0.468800
1191,0.066313
1192,-0.561492
1193,0.885645
1194,0.017063
1195,-0.499737
1196,-0.186440
1197,-0.325745
1198,0.027999
1199,-1.083920
1200,-1.260711
1201,1.505093
1202,0.680104
1203,1.304295
1204,-0.158592
1205,-0.081012
1206,1.268998
1207,2.611258
1208,1.425783
1209,-0.485140
1210,-0.909539
1211,-0.973982
1212,-0.771147
1213,0.345356
1214,-0.647610
1215,-2.987484
1216,-0.488126
1217,0.275655
1218,-0.751882
1219,0.047124
1220,1.868807
1221,-0.099781
1222,-0.543948
1223,-0.717268
1224,0.121492
1225,0.613009
1226,-0.180980
1227,-0.047138
1228,-2.773405
1229,-1.656418
1230,0.146946
1231,0.978543
1232,1.084729
1233,-0.754452
1234,-1.363485
1235,0.595039
1236,0.632980
1237,0.421268
1238,1.144625
1239,-0.301387
1240,-0.004465
1241,0.522045
1242,0.461668
1243,0.349001
1244,0.796663
1245,0.631750
1246,-1.061555
1247,0.351679
1248,0.372897
1249,-0.548824
1250,-1.246939
1251,-2.260487
1252,-1.052316
1253,0.326381
1254,0.053509
1255,0.867406
1256,0.442233
1257,1.599802
1258,0.888878
1259,0.391967
1260,-0.303626
1261,-0.489777
1262,-0.606105
1263,-2.488699
1264,-0.379469
1265,-1.939417
1266,-1.425751
1267,-0.878695
1268,0.138048
1269,0.882703
1270,1.622317
1271,1.000795
1272,0.976219
1273,1.267800
1274,1.141049
1275,0.295279
1276,0.763451
1277,0.643303
1278,-0.985066
1279,0.183470
1280,0.989682
1281,0.165788
1282,0.772049
1283,-0.093417
1284,-2.426460
1285,-1.643781
1286,0.756953
1287,1.613718
1288,1.029554
1289,-1.175511
1290,0.659372
1291,0.736257
1292,-0.852184
1293,-0.671052
1294,0.124400
1295,-1.191416
1296,1.255134
1297,-1.134699
1298,1.094792
1299,-0.024685
1300,0.628714
1301,0.922087
1302,-0.911639
1303,-0.514124
1304,-1.067478
1305,-0.971269
1306,0.640855
1307,0.934059
1308,-0.203402
1309,-1.456821
1310,-0.189257
1311,-0.810701
1312,-0.130965
1313,-1.295483
1314,-0.176300
1315,-0.187437
1316,1.499221
1317,-0.035383
1318,0.209675
1319,0.124914
1320,0.610575
1321,-1.131012
1322,1.294636
1323,1.960459
1324,-1.804504
1325,0.501801
1326,0.265630
1327,0.831914
1328,-0.420445
1329,0.657247
1330,-0.336723
1331,1.067444
1332,1.399926
1333,1.087322
1334,-0.513551
1335,0.113453
1336,1.377927
1337,-0.760242
1338,-1.624643
1339,0.982068
1340,-0.329834
1341,1.018097
1342,1.114541
1343,1.004782
1344,0.690025
1345,-0.446467
1346,1.956740
1347,0.062824
1348,-0.866080
1349,0.312242
1350,0.195033
1351,-1.151471
1352,-0.344031
1353,-0.902386
1354,0.262053
1355,-0.784808
1356,0.042298
1357,-0.906887
1358,1.581869
1359,-1.470154
1360,0.053932
1361,-1.306317
1362,-0.198155
1363,0.099593
1364,-0.927652
1365,-0.085612
1366,-1.162524
1367,0.329298
1368,1.929292
1369,-0.356784
1370,0.670268
1371,0.563308
1372,0.536578
1373,-1.727254
1374,-1.386056
1375,-0.170505
1376,1.608968
1377,-1.084041
1378,0.800838
1379,0.527347
1380,-1.056102
1381,-0.790040
1382,-0.378881
1383,-0.285500
1384,2.533402
1385,2.022043
1386,-1.190200
1387,1.912420
1388,0.134694
1389,0.028287
1390,-0.043117
1391,0.989626
1392,0.836289
1393,1.833830
1394,-1.234153
1395,1.474983
1396,0.134562
1397,-0.611590
1398,1.850020
1399,2.983941
1400,0.993689
1401,-0.913366
1402,-1.834321
1403,2.047995
1404,1.089794
1405,1.224350
1406,0.304676
1407,1.324040
1408,-0.259343
1409,1.980382
1410,-0.093988
1411,1.317231
1412,0.075193
1413,0.123362
1414,-0.056663
1415,1.423841
1416,0.736500
1417,0.788765
1418,1.420769
1419,-1.405211
1420,-1.256446
1421,-1.799231
1422,-0.831215
1423,0.091932
1424,-0.193174
1425,-2.116068
1426,-0.325748
1427,0.103752
1428,0.377558
1429,0.107426
1430,0.113434
1431,-0.015523
1432,0.214369
1433,-0.883883
1434,-1.880750
1435,-0.602965
1436,0.030412
1437,0.696335
1438,0.215932
1439,1.712724
1440,-1.162063
1441,-1.706827
1442,-0.997872
1443,-0.741971
1444,1.593373
1445,1.454583
1446,0.652313
1447,0.404294
1448,-1.048212
1449,-2.088705
1450,-0.140016
1451,1.800557
1452,0.888454
1453,-0.597863
1454,-1.520414
1455,-0.783949
1456,0.388987
1457,-0.381544
1458,0.918185
1459,0.745197
1460,0.455813
1461,0.558063
1462,-0.610066
1463,-0.403331
1464,-0.558557
1465,0.527888
1466,0.531712
1467,-0.567903
1468,1.129345
1469,0.593927
1470,0.750998
1471,0.901894
1472,-0.988421
1473,1.012166
1474,-0.445113
1475,-0.228830
1476,1.507455
1477,1.799892
1478,0.033546
1479,-0.046130
1480,0.371994
1481,0.037521
1482,-1.054920
1483,1.048428
1484,-0.852864
1485,-0.810942
1486,-0.787465
1487,-1.088180
1488,-0.349074
1489,2.313945
1490,0.146581
1491,-1.349710
1492,0.052507
1493,-0.803744
1494,-0.718180
1495,-0.034229
1496,0.328790
1497,0.193675
1498,-0.921962
1499,0.977360
1500,-0.510459
1501,-3.146611
1502,-1.218473
1503,1.143153
1504,0.201606
1505,-1.323638
1506,-1.261144
1507,-0.444402
1508,1.028847
1509,0.735326
1510,0.959961
1511,-0.704463
1512,0.172904
1513,-1.636939
1514,-3.124366
1515,-1.546167
1516,-1.027162
1517,0.630719
1518,-1.288573
1519,1.255664
1520,1.827758
1521,-0.043993
1522,1.126829
1523,-0.490130
1524,-0.861244
1525,1.387661
1526,0.591496
1527,-0.849069
1528,0.724621
1529,0.428566
1530,0.979582
1531,-0.283616
1532,0.933165
1533,-0.559988
1534,0.008716
1535,1.702657
1536,0.259200
1537,2.043671
1538,0.178210
1539,0.171961
1540,0.608102
1541,1.773173
1542,-0.495178
1543,-0.643131
1544,-0.597170
1545,0.760252
1546,0.019407
1547,1.982098
1548,1.917874
1549,0.789806
1550,0.249560
1551,0.544151
1552,1.323820
1553,1.257643
1554,2.335792
1555,0.555901
1556,-0.471360
1557,-1.080744
1558,-0.034069
1559,-0.424523
1560,1.010336
1561,0.356166
1562,2.255347
1563,-0.717474
1564,0.482090
1565,-1.171081
1566,-1.275625
1567,0.464393
1568,0.639779
1569,1.220685
1570,-0.392555
1571,-0.526852
1572,-1.722836
1573,-1.078126
1574,-1.480157
1575,0.968179
1576,-0.743520
1577,-0.363945
1578,0.030151
1579,1.562380
1580,-0.251892
1581,-0.091528
1582,-1.101662
1583,0.876083
1584,-1.698550
1585,0.245967
1586,-0.007833
1587,0.677137
1588,0.235377
1589,-1.102279
1590,-1.007701
1591,-0.938599
1592,-1.157453
1593,-1.102459
1594,2.276115
1595,0.516035
1596,-1.509796
1597,-1.615614
1598,-0.284996
1599,0.143611
1600,1.438804
1601,-1.406284
1602,-0.875630
1603,-1.795514
1604,0.617344
1605,0.651301
1606,1.389216
1607,-1.720933
1608,1.027031
1609,0.398683
1610,0.602972
1611,0.294573
1612,-1.345250
1613,-0.791409
1614,1.420809
1615,0.251792
1616,2.175625
1617,0.276022
1618,-0.608824
1619,-0.124779
1620,-1.290783
1621,-1.149617
1622,-1.238685
1623,-1.154927
1624,0.400695
1625,-1.180812
1626,0.464744
1627,-0.644490
1628,1.363017
1629,-0.925929
1630,0.444677
1631,-0.482894
1632,0.618774
1633,0.698192
1634,0.079494
1635,1.021963
1636,0.668023
1637,0.865378
1638,0.632177
1639,1.375989
1640,-1.148694
1641,1.327113
1642,0.048319
1643,0.761760
1644,-0.795489
1645,0.412379
1646,1.378120
1647,-0.130034
1648,1.102393
1649,0.085614
1650,0.766097
1651,7.747708
1652,6.506163
1653,9.651802
1654,12.665954
1655,8.302542
1656,8.266044
1657,5.538694
1658,6.373898
1659,8.439038
1660,9.843061
1661,8.128028
1662,11.371337
1663,11.426545
1664,11.772398
1665,7.017523
1666,8.586062
1667,10.918028
1668,9.666362
1669,8.812528
1670,5.539458
1671,10.569246
1672,12.397595
1673,9.324422
1674,5.910961
1675,9.569906
1676,10.608345
1677,9.184425
1678,11.242661
1679,9.771933
1680,9.610802
1681,10.321504
1682,12.530016
1683,9.089130
1684,8.616857
1685,6.862301
1686,7.192942
1687,8.342414
1688,9.014678
1689,11.609759
1690,11.580060
1691,6.916578
1692,7.629887
1693,8.964618
1694,8.805798
1695,8.546715
1696,8.392835
1697,8.654145
1698,9.669182
1699,10.210066
1700,8.585194
1701,10.054086
1702,13.755134
1703,6.566515
1704,8.452312
1705,9.528905
1706,4.658089
1707,7.498608
1708,9.976329
1709,13.985400
1710,10.710415
1711,7.905146
1712,9.573133
1713,11.493511
1714,9.931714
1715,10.881700
1716,4.181698
1717,7.409377
1718,7.589161
1719,5.778775
1720,11.827234
1721,10.274269
1722,10.812223
1723,9.005337
1724,6.646861
1725,8.494328
1726,10.290129
1727,10.942688
1728,8.705098
1729,10.009965
1730,7.997526
1731,8.848453
1732,8.728594
1733,12.220893
1734,11.154737
1735,6.084018
1736,5.581758
1737,8.351631
1738,2.481643
1739,7.270576
1740,11.153210
1741,9.970466
1742,8.317732
1743,12.678100
1744,8.405634
1745,9.184576
1746,10.091073
1747,10.490756
1748,8.287248
1749,13.763542
1750,13.602732
1751,7.870359
1752,9.485345
1753,11.027675
1754,6.941079
1755,8.173829
1756,7.914037
1757,7.711854
1758,10.361076
1759,9.323827
1760,9.671759
1761,12.639125
1762,7.466106
1763,6.681080
1764,8.394808
1765,9.268143
1766,11.585807
1767,11.485260
1768,8.698215
1769,7.853754
1770,12.473091
1771,7.983704
1772,10.376165
1773,9.915929
1774,14.583842
1775,11.006526
1776,9.751708
1777,8.517079
1778,4.508226
1779,6.056861
1780,1.682525
1781,4.599733
1782,7.159402
1783,8.907323
1784,8.894136
1785,8.287856
1786,6.807442
1787,10.270574
1788,6.457203
1789,7.196814
1790,7.249124
1791,9.952614
1792,12.740636
1793,9.806846
1794,10.005419
1795,8.232351
1796,12.339055
1797,7.879126
1798,7.791872
1799,7.915004
1800,7.220485
1801,9.809871
1802,7.316866
1803,9.248515
1804,10.428472
1805,10.275178
1806,9.499820
1807,7.613826
1808,8.941520
1809,6.186050
1810,7.077883
1811,11.131648
1812,8.879631
1813,10.289724
1814,8.147294
1815,8.678919
1816,6.652708
1817,10.883180
1818,9.113070
1819,9.855231
1820,9.994812
1821,9.433435
1822,10.133029
1823,11.363815
1824,10.764233
1825,10.301347
1826,10.942942
1827,9.920628
1828,9.955940
1829,8.260444
1830,6.436222
1831,12.814491
1832,9.832239
1833,12.275972
1834,9.498537
1835,10.408471
1836,4.713327
1837,7.020674
1838,9.005090
1839,6.872703
1840,10.259759
1841,7.657040
1842,7.207628
1843,7.194675
1844,8.944341
1845,5.333868
1846,10.696893
1847,9.398999
1848,7.347234
1849,7.549334
1850,8.396459
1851,9.748069
1852,9.180144
1853,7.696871
1854,8.718049
1855,7.968786
1856,12.713350
1857,8.581720
1858,9.541164
1859,11.019992
1860,8.233346
1861,10.566997
1862,5.274807
1863,10.109078
1864,10.089766
1865,11.156691
1866,9.158358
1867,7.642986
1868,8.262432
1869,6.299991
1870,9.883298
1871,10.345447
1872,13.027194
1873,10.385372
1874,12.521969
1875,14.264756
1876,11.520804
1877,9.852143
1878,10.470037
1879,8.986547
1880,7.701436
1881,8.003022
1882,8.871468
1883,13.532914
1884,12.963819
1885,10.440313
1886,6.586651
1887,8.437850
1888,8.540248
1889,4.885423
1890,11.564285
1891,9.946951
1892,8.568355
1893,7.610622
1894,6.695962
1895,9.090645
1896,12.373182
1897,10.437541
1898,9.077519
1899,11.121796
1900,8.852861
1901,8.663954
1902,9.515148
1903,8.159785
1904,12.866773
1905,9.941405
1906,11.637759
1907,9.601440
1908,7.494723
1909,6.501895
1910,8.316331
1911,7.410730
1912,10.620808
1913,6.480852
1914,8.675491
1915,10.190739
1916,12.545865
1917,12.786423
1918,13.513437
1919,13.617582
1920,11.039583
1921,10.287858
1922,5.207900
1923,5.381406
1924,6.809999
1925,8.894340
1926,10.686764
1927,6.934344
1928,10.218567
1929,11.658852
1930,11.860750
1931,11.175763
1932,7.182957
1933,10.163494
1934,6.617372
1935,8.938239
1936,7.438380
1937,10.281569
1938,8.825148
1939,9.111365
1940,10.443154
1941,13.338341
1942,12.697999
1943,9.438441
1944,10.530926
1945,8.943843
1946,8.521973
1947,6.377677
1948,7.679084
1949,9.605585
1950,7.105325
1951,10.826926
1952,10.809604
1953,9.109573
1954,6.889106
1955,9.099336
1956,8.149910
1957,5.479205
1958,9.135971
1959,8.325688
1960,6.448572
1961,7.103839
1962,9.875640
1963,5.859554
1964,7.669602
1965,7.829774
1966,9.410694
1967,8.935364
1968,9.903923
1969,11.696467
1970,12.136315
1971,11.625395
1972,13.987596
1973,9.344965
1974,14.462887
1975,13.367854
1976,12.211144
1977,11.482274
1978,8.984634
1979,7.389030
1980,7.308120
1981,5.879654
1982,12.030532
1983,10.146021
1984,8.092281
1985,10.141253
1986,5.118683
1987,11.283833
1988,7.162439
1989,9.248734
1990,8.988983
1991,8.689885
1992,4.706406
1993,12.783182
1994,12.153385
1995,11.961282
1996,13.536580
1997,10.803986
1998,11.010684
1999,8.209704
2000,9.472496
2001,12.695993
2002,10.029805
2003,8.606168
2004,8.392714
2005,8.133993
2006,11.076411
2007,9.878607
2008,11.222041
2009,10.943228
2010,7.153250
2011,7.056751
2012,8.228956
2013,6.166611
2014,11.310645
2015,11.783998
2016,12.785021
2017,11.464538
2018,11.257259
2019,9.228651
2020,8.550805
2021,9.091930
2022,9.554365
2023,10.337504
2024,13.950878
2025,13.738321
2026,9.229201
2027,10.433114
2028,7.016498
2029,10.521145
2030,10.830381
2031,10.811543
2032,4.405426
2033,8.348466
2034,6.676203
2035,12.634337
2036,9.392524
2037,12.248251
2038,7.029799
2039,9.293669
2040,8.411905
2041,13.010672
2042,11.933687
2043,8.466490
2044,12.848154
2045,8.671433
2046,5.127882
2047,6.732947
2048,7.397568
2049,10.906487
2050,11.497868
2051,11.486933
2052,9.238350
2053,8.591939
2054,11.007056
2055,9.928876
2056,9.529438
2057,8.653131
2058,8.742476
2059,8.930739
2060,7.989462
2061,8.773110
2062,9.680832
2063,7.176445
2064,10.838023
2065,10.562925
2066,7.433829
2067,7.185925
2068,9.945406
2069,8.115974
2070,9.705357
2071,10.168644
2072,10.491094
2073,6.978829
2074,9.178593
2075,9.391100
2076,6.955669
2077,7.051627
2078,8.979722
2079,10.708021
2080,7.438747
2081,8.031923
2082,8.358660
2083,7.033087
2084,7.312518
2085,9.703263
2086,9.752646
2087,14.119605
2088,11.120191
2089,8.462500
2090,8.516801
2091,7.209553
2092,9.004888
2093,9.274275
2094,8.801816
2095,7.255690
2096,7.191113
2097,6.305639
2098,7.185727
2099,7.982427
2100,10.929139
2101,10.066872
2102,12.556393
2103,4.903118
2104,6.764387
2105,12.240791
2106,12.035569
2107,13.928765
2108,8.297989
2109,6.101513
2110,8.050061
2111,9.165360
2112,8.970598
2113,10.746311
2114,10.924055
2115,12.205043
2116,5.994322
2117,7.347321
2118,10.297976
2119,8.544170
2120,8.078623
2121,2.835408
2122,0.998526
2123,0.955554
2124,0.098240
2125,1.136617
2126,1.645952
2127,1.065181
2128,-1.035349
2129,-1.068371
2130,-0.769491
2131,1.256826
2132,-0.330551
2133,0.040770
2134,-0.072119
2135,-0.430200
2136,-0.397219
2137,-0.969357
2138,0.346468
2139,-0.424230
2140,-1.473551
2141,-1.772677
2142,-0.352352
2143,-0.897157
2144,1.904995
2145,1.056091
2146,0.661754
2147,1.001126
2148,0.203758
2149,0.136342
2150,0.116752
2151,-1.606243
2152,-0.467538
2153,0.580805
2154,0.399560
2155,-0.449778
2156,-0.598939
2157,0.458311
2158,-0.721604
2159,-1.584120
2160,0.057690
2161,-0.151005
2162,-0.992426
2163,-0.306362
2164,-0.061911
2165,-1.287076
2166,-0.700489
2167,0.771874
2168,-0.067699
2169,0.678819
2170,0.060966
2171,-1.714328
2172,1.131692
2173,-0.095817
2174,1.511423
2175,-0.232460
2176,0.456601
2177,-0.357013
2178,0.217564
2179,0.215600
2180,0.976368
2181,1.722135
2182,0.514135
2183,0.598274
2184,0.208411
2185,1.865665
2186,1.987074
2187,0.813109
2188,0.192707
2189,-0.695143
2190,0.391115
2191,-1.792385
2192,-1.666390
2193,-0.581850
2194,2.571332
2195,1.354246
2196,2.541324
2197,-1.436165
2198,-1.098192
2199,-1.293038
2200,-0.877226
2201,1.144305
2202,1.157562
2203,-0.440001
2204,0.561304
2205,-0.436616
2206,0.070464
2207,0.748217
2208,0.084325
2209,0.858950
2210,0.889590
2211,-1.175676
2212,1.384873
2213,-0.106446
2214,0.632197
2215,0.047484
2216,0.536390
2217,-0.863499
2218,1.085094
2219,0.737059
2220,0.750084
2221,1.202919
2222,0.736370
2223,-0.177731
2224,0.105789
2225,-0.755473
2226,-1.342157
2227,1.294326
2228,-0.028737
2229,0.586174
2230,0.302255
2231,-0.691138
2232,-0.882038
2233,-0.941369
2234,0.737330
2235,0.305918
2236,-2.441434
2237,-1.090828
2238,-0.975357
2239,-1.337727
2240,0.371327
2241,-1.353557
2242,0.441230
2243,0.803724
2244,0.139788
2245,-0.669409
2246,-0.011713
2247,0.875617
2248,-0.386870
2249,0.780743
2250,0.683513
2251,0.032880
2252,-0.178992
2253,-0.481341
2254,1.421241
2255,0.180160
2256,0.215016
2257,0.901508
2258,-0.267327
2259,-0.626395
2260,-0.372730
2261,1.297976
2262,-1.028861
2263,-1.349861
2264,0.388820
2265,-0.412518
2266,0.825202
2267,0.835014
2268,0.278552
2269,0.263948
2270,-0.690072
2271,0.105472
2272,0.392011
2273,0.055423
2274,-0.263023
2275,-0.915665
2276,-0.996972
2277,-0.397710
2278,0.498255
2279,-0.903769
2280,0.685122
2281,-0.662704
2282,-2.122397
2283,-1.456027
2284,-2.129616
2285,-2.170130
2286,0.269389
2287,0.378210
2288,0.464805
2289,0.313403
2290,0.159033
2291,-0.781115
2292,-2.029565
2293,-0.894929
2294,0.678141
2295,1.204392
2296,1.058746
2297,0.896309
2298,-0.409143
2299,-1.337998
2300,-0.186970
2301,-0.649851
2302,-1.076311
2303,0.042589
2304,0.837378
2305,0.046277
2306,1.571996
2307,-0.203402
2308,0.321461
2309,0.232107
2310,-0.904259
2311,0.054900
2312,-0.709968
2313,0.784257
2314,1.014580
2315,0.341722
2316,-1.136392
2317,-0.385693
2318,0.126495
2319,0.411125
2320,-0.980883
2321,0.476945
2322,-1.101101
2323,-0.675616
2324,0.468158
2325,-0.939076
2326,-0.214379
2327,-1.600455
2328,0.374116
2329,0.860944
2330,0.133092
2331,-0.963269
2332,0.193857
2333,-0.975171
2334,-0.119598
2335,-0.222469
2336,0.244340
2337,-0.563176
2338,2.108404
2339,1.874051
2340,-1.373001
2341,-1.234563
2342,-0.925629
2343,0.246018
2344,0.288558
2345,-0.265708
2346,0.393069
2347,-2.113216
2348,1.005496
2349,-1.171894
2350,-2.306067
2351,0.204416
2352,-1.417188
2353,2.324973
2354,-1.676935
2355,-0.759740
2356,-0.279603
2357,0.110611
2358,-1.177021
2359,-0.058807
2360,0.111790
2361,0.852255
2362,0.575347
2363,0.004083
2364,0.913989
2365,1.254423
2366,0.427540
2367,-0.111768
2368,-0.007825
2369,0.234825
2370,-0.268527
2371,-2.238325
2372,-1.479907
2373,-1.109600
2374,2.623352
2375,0.864021
2376,-0.169712
2377,-0.203591
2378,-0.647347
2379,0.767469
2380,0.157904
2381,1.320585
2382,-0.457270
2383,-1.485778
2384,-0.411736
2385,1.265155
2386,-0.986769
2387,-0.211165
2388,0.983635
2389,-0.473232
2390,0.030034
2391,-0.180923
2392,0.962513
2393,1.448333
2394,-0.028410
2395,-1.895272
2396,0.954798
2397,0.216103
2398,0.251430
2399,0.542750
2400,0.057729
2401,2.003710
2402,0.462868
2403,0.790136
2404,0.442753
2405,0.652124
2406,-1.397766
2407,-0.630130
2408,-0.323349
2409,-0.629524
2410,-1.012309
2411,1.041862
2412,0.656623
2413,1.234802
2414,-0.154579
2415,-0.152830
2416,0.572602
2417,-1.526533
2418,0.854171
2419,-0.922462
2420,-0.513840
2421,-0.989888
2422,-0.296923
2423,1.130970
2424,0.928490
2425,1.261097
2426,-0.152607
2427,-0.297230
2428,-1.261635
2429,0.765761
2430,0.622924
2431,-0.669508
2432,-0.283495
2433,-1.992573
2434,-0.605375
2435,0.109111
2436,-1.157439
2437,-0.994559
2438,-0.212052
2439,1.468324
2440,1.464963
2441,0.003366
2442,-1.572215
2443,1.369290
2444,0.328817
2445,0.779788
2446,0.470809
2447,0.274928
2448,-0.567450
2449,1.511403
2450,-2.038290
2451,-0.246472
2452,-0.833056
2453,-0.451779
2454,0.078565
2455,0.376900
2456,1.731087
2457,-0.324091
2458,-0.126256
2459,0.888153
2460,-0.743173
2461,-0.198363
2462,0.189636
2463,0.304244
2464,0.428373
2465,0.475787
2466,1.758121
2467,0.815671
2468,0.303502
2469,-1.764692
2470,1.207851
2471,-1.407862
2472,-0.071897
2473,0.871369
2474,1.815124
2475,0.420206
2476,-0.015597
2477,-1.383660
2478,-0.655998
2479,-0.703098
2480,0.396287
2481,-0.041868
2482,0.982516
2483,-1.034001
2484,-0.989801
2485,-1.137360
2486,-0.933781
2487,1.016526
2488,1.746145
2489,2.034167
2490,1.237724
2491,0.323554
2492,-0.977416
2493,-0.157089
2494,-1.264297
2495,0.275945
2496,1.804767
2497,0.444686
2498,1.633577
2499,3.003288
2500,0.033166
2501,0.232017
2502,-1.424471
2503,-0.051539
2504,0.254015
2505,-0.380808
2506,-0.776639
2507,-0.292008
2508,-0.737805
2509,0.689364
2510,-0.391010
2511,11.144054
2512,11.234616
2513,10.970323
2514,15.437427
2515,14.882137
2516,14.339764
2517,13.644149
2518,14.131150
2519,11.604483
2520,16.298266
2521,13.132969
2522,15.597912
2523,15.639612
2524,17.529532
2525,18.590413
2526,13.303223
2527,16.498014
2528,14.881381
2529,17.716099
2530,13.228153
2531,14.737394
2532,13.949822
2533,15.616042
2534,16.386679
2535,14.976073
2536,15.227863
2537,12.293817
2538,16.161317
2539,14.000547
2540,15.812303
2541,16.799456
2542,15.811089
2543,9.591507
2544,16.856519
2545,15.840494
2546,14.124466
2547,13.719759
2548,13.955125
2549,13.067524
2550,15.071570
2551,15.934001
2552,13.660795
2553,18.890590
2554,16.239890
2555,14.124491
2556,12.867118
2557,12.242280
2558,14.576885
2559,15.329208
2560,15.734379
2561,15.676498
2562,14.415360
2563,10.902762
2564,15.294164
2565,12.508098
2566,10.888928
2567,13.072802
2568,14.370238
2569,12.087575
2570,12.703542
2571,12.143209
2572,15.215154
2573,18.542228
2574,16.304851
2575,14.906796
2576,14.785753
2577,16.573796
2578,12.999670
2579,12.240063
2580,10.309418
2581,13.847747
2582,15.424714
2583,14.710991
2584,16.786546
2585,12.814049
2586,14.281217
2587,13.158986
2588,12.730601
2589,15.027753
2590,19.176878
2591,17.843574
2592,16.977029
2593,15.961860
2594,15.374566
2595,15.432757
2596,14.096529
2597,14.678012
2598,14.514832
2599,15.623261
2600,15.264162
2601,12.161491
2602,11.432670
2603,12.866714
2604,16.395850
2605,14.459511
2606,17.202927
2607,18.787910
2608,13.540868
2609,17.172311
2610,14.602791
2611,16.487385
2612,12.947618
2613,13.480485
2614,18.925246
2615,14.645265
2616,9.681862
2617,13.675298
2618,15.976732
2619,17.405845
2620,14.749752
2621,15.536134
2622,17.051367
2623,15.089380
2624,17.083900
2625,18.141839
2626,18.929308
2627,18.372414
2628,12.951896
2629,12.896366
2630,15.820032
2631,15.298246
2632,12.187503
2633,15.451391
2634,14.447190
2635,17.617737
2636,15.862150
2637,11.232027
2638,16.274014
2639,14.381977
2640,15.326682
2641,15.320198
2642,15.912215
2643,17.447116
2644,12.308391
2645,15.668884
2646,19.427949
2647,15.057428
2648,14.755141
2649,13.799705
2650,13.866249
2651,15.435735
2652,11.730409
2653,17.227201
2654,15.384627
2655,15.769770
2656,15.996436
2657,17.637464
2658,13.839592
2659,12.776934
2660,15.604107
2661,11.857725
2662,14.389651
2663,11.300722
2664,17.410088
2665,17.174576
2666,15.788660
2667,10.578266
2668,11.769923
2669,15.162950
2670,15.788041
2671,14.345364
2672,14.562126
2673,16.436528
2674,12.673806
2675,16.421312
2676,15.000585
2677,17.125041
2678,12.258879
2679,16.849790
2680,13.698805
2681,12.799185
2682,10.359469
2683,11.500887
2684,14.544763
2685,12.712796
2686,16.742636
2687,12.987802
2688,17.835745
2689,16.521972
2690,14.291741
2691,14.888685
2692,16.279587
2693,18.253905
2694,13.913063
2695,12.127059
2696,13.996095
2697,15.614375
2698,12.268386
2699,13.211982
2700,14.483180
2701,12.918414
2702,16.708188
2703,15.689123
2704,12.068529
2705,13.658682
2706,11.585513
2707,14.682977
2708,12.825791
2709,14.538572
2710,13.045587
2711,15.649009
2712,16.156638
2713,17.256694
2714,19.309896
2715,18.174466
2716,13.975828
2717,17.847625
2718,16.355106
2719,14.013832
2720,13.402977
2721,12.537609
2722,12.353572
2723,13.942225
2724,15.426609
2725,18.413423
2726,15.572128
2727,16.998474
2728,10.612364
2729,12.966450
2730,11.750686
2731,14.225996
2732,10.037954
2733,13.920562
2734,13.822679
2735,15.429160
2736,11.714403
2737,13.600682
2738,13.082850
2739,11.075776
2740,12.909621
2741,14.704677
2742,13.899320
2743,15.398170
2744,17.416667
2745,16.560475
2746,14.392472
2747,14.515729
2748,13.474868
2749,14.044367
2750,20.206399
2751,14.724304
2752,15.491627
2753,17.275606
2754,20.489202
2755,21.824299
2756,14.479087
2757,10.175433
2758,13.791536
2759,14.653468
2760,14.790495
2761,13.614382
2762,14.262230
2763,15.158040
2764,15.462454
2765,16.378368
2766,17.059948
2767,14.005946
2768,12.625153
2769,14.537600
2770,11.019573
2771,12.955941
2772,17.313105
2773,13.645709
2774,14.546161
2775,14.834341
2776,12.981058
2777,15.529184
2778,15.915704
2779,17.552800
2780,14.860418
2781,12.219576
2782,14.581378
2783,15.957921
2784,17.759352
2785,17.685196
2786,11.990499
2787,14.124117
2788,13.399250
2789,16.470755
2790,13.576387
2791,17.934224
2792,15.878997
2793,13.637268
2794,16.770967
2795,11.265188
2796,15.396898
2797,14.835296
2798,16.510837
2799,14.316436
2800,17.534344
2801,14.945752
2802,14.872050
2803,13.299158
2804,15.997149
2805,14.287841
2806,12.520051
2807,14.385987
2808,17.237033
2809,13.709646
2810,12.383938
2811,12.424278
2812,11.508048
2813,15.103324
2814,14.640169
2815,16.263401
2816,17.750389
2817,16.453046
2818,15.778893
2819,15.163434
2820,16.475616
2821,17.848345
2822,13.377336
2823,16.091080
2824,17.937392
2825,16.157390
2826,15.009076
2827,12.307535
2828,14.357946
2829,11.286114
2830,12.622096
2831,12.966878
2832,16.047041
2833,15.429359
2834,17.848794
2835,16.578323
2836,12.085981
2837,15.543432
2838,17.413214
2839,13.377524
2840,14.910082
2841,11.912683
2842,12.890575
2843,13.690563
2844,14.223067
2845,12.409210
2846,16.178895
2847,14.790220
2848,14.344117
2849,15.272754
2850,15.552979
2851,14.857369
2852,15.149503
2853,20.058026
2854,17.819976
2855,16.916810
2856,12.617676
2857,14.673049
2858,13.380020
2859,13.619108
2860,18.240605
2861,15.709849
2862,15.787318
2863,14.879744
2864,15.890495
2865,5.460232
2866,1.093687
2867,0.077050
2868,1.715723
2869,1.310932
2870,-1.237655
2871,0.414223
2872,-0.651391
2873,-0.416193
2874,-1.337854
2875,-0.625743
2876,-0.481291
2877,0.675380
2878,-1.910544
2879,-1.151815
2880,-1.850322
2881,-0.234104
2882,-0.708991
2883,0.435636
2884,-0.830827
2885,-0.103687
2886,-0.360392
2887,1.022291
2888,-0.098053
2889,1.001827
2890,-0.179767
2891,1.614067
2892,-0.580352
2893,-0.054715
2894,0.175574
2895,1.422721
2896,1.665839
2897,-0.348619
2898,1.203601
2899,-1.187633
2900,1.070139
2901,-0.758174
2902,-0.142118
2903,0.248197
2904,-1.498199
2905,-0.694740
2906,-0.154927
2907,0.027408
2908,0.545158
2909,1.132504
2910,1.684746
2911,0.208247
2912,0.718441
2913,-0.070292
2914,-0.459483
2915,-1.087461
2916,0.756661
2917,-1.634165
2918,1.690326
2919,0.589815
2920,0.679220
2921,-0.224145
2922,0.803681
2923,0.159778
2924,0.567749
2925,0.091674
2926,0.032995
2927,-0.285643
2928,-0.679154
2929,0.925442
2930,1.192927
2931,-0.584111
2932,0.722294
2933,-0.048930
2934,1.184045
2935,0.476919
2936,-0.547846
2937,-1.196712
2938,-1.176628
2939,1.379799
2940,-0.369985
2941,-0.310487
2942,0.617939
2943,-1.279875
2944,0.480663
2945,-0.492040
2946,-0.128195
2947,1.006191
2948,0.397320
2949,1.118162
2950,0.608673
2951,-1.078450
2952,0.444944
2953,1.810401
2954,0.119401
2955,-1.341788
2956,0.248475
2957,0.344555
2958,0.185306
2959,0.115785
2960,0.217640
2961,0.325448
2962,0.377642
2963,1.248928
2964,1.026598
2965,1.184345
2966,-0.235573
2967,-0.917106
2968,-0.527669
2969,-0.038552
2970,-0.332945
2971,-1.966495
2972,-0.665329
2973,0.048873
2974,0.187157
2975,-1.322820
2976,-0.530735
2977,-0.882761
2978,-0.856815
2979,-0.165836
2980,0.117491
2981,-0.278227
2982,0.190522
2983,0.149161
2984,-0.265808
2985,-0.815947
2986,1.081563
2987,-0.967257
2988,-0.524171
2989,-0.217841
2990,-0.134213
2991,-0.054258
2992,-1.270630
2993,-0.931147
2994,-0.330182
2995,-0.998246
2996,1.016298
2997,0.316524
2998,1.599800
2999,0.038460
3000,-0.576425
3001,-1.026296
3002,-1.058176
3003,-0.464344
3004,-0.419077
3005,-0.237296
3006,0.354839
3007,0.650099
3008,-0.636305
3009,-0.375660
3010,-0.109759
3011,-0.276343
3012,-0.742816
3013,-0.409514
3014,0.835899
3015,0.720798
3016,0.363974
3017,-0.494881
3018,0.197806
3019,-1.573732
3020,0.091043
3021,-1.094300
3022,-1.297162
3023,0.319365
3024,1.771964
3025,1.307975
3026,1.338356
3027,0.458324
3028,1.338513
3029,-0.482794
3030,-2.667304
3031,-0.480800
3032,-0.176473
3033,0.521974
3034,2.286609
3035,1.164116
3036,0.959750
3037,-0.153390
3038,-0.929218
3039,-0.283530
3040,-2.834277
3041,-1.752241
3042,-0.002652
3043,0.877018
3044,0.230875
3045,-0.059932
3046,-0.625068
3047,-0.290788
3048,0.243698
3049,-0.379362
3050,0.223989
3051,-0.888474
3052,-0.810859
3053,0.013450
3054,-0.954388
3055,0.807854
3056,-0.696119
3057,-1.245904
3058,-1.565569
3059,1.134663
3060,0.206192
3061,-1.280243
3062,-2.033283
3063,-2.563828
3064,1.117747
3065,0.169487
3066,-1.604918
3067,-0.133499
3068,-0.998985
3069,0.108175
3070,0.767793
3071,0.700065
3072,1.181575
3073,-0.008066
3074,-0.053259
3075,2.031754
3076,2.246567
3077,-0.634088
3078,-0.129961
3079,1.902218
3080,-1.151617
3081,1.351312
3082,0.958479
3083,0.409040
3084,-0.688420
3085,0.902807
3086,0.138599
3087,-1.085867
3088,-0.180150
3089,0.566767
3090,1.105689
3091,0.176388
3092,0.037101
3093,-0.554625
3094,-1.390993
3095,0.792615
3096,0.321400
3097,-0.315380
3098,-0.633531
3099,-0.494553
3100,-0.225442
3101,1.121866
3102,1.547408
3103,-1.682268
3104,-0.997616
3105,-0.643429
3106,-1.340446
3107,0.247251
3108,-0.215374
3109,-0.261002
3110,0.987319
3111,0.721422
3112,-0.514601
3113,-1.101578
3114,-1.420691
3115,-0.962708
3116,-1.797900
3117,0.451316
3118,-0.848822
3119,0.570703
3120,0.768808
3121,-0.177331
3122,-1.341753
3123,0.168528
3124,2.781833
3125,0.745387
3126,0.229028
3127,1.093001
3128,-1.032281
3129,0.591356
3130,-0.206006
3131,-0.495873
3132,0.111808
3133,0.416986
3134,1.141870
3135,-2.149393
3136,-1.082713
3137,0.311533
3138,-0.154732
3139,1.364271
3140,0.999549
3141,-0.649502
3142,0.517880
3143,1.429187
3144,1.774255
3145,-1.117778
3146,-0.031779
3147,-1.112944
3148,-0.821636
3149,-0.476670
3150,2.383013
3151,-0.077590
3152,-0.066722
3153,-0.330790
3154,-1.503816
3155,0.037805
3156,-0.678875
3157,-0.437931
3158,-1.899854
3159,-0.224195
3160,0.375078
3161,-1.334154
3162,-0.771896
3163,-0.814606
3164,-2.081778
3165,-1.019573
3166,-0.794226
3167,-1.121175
3168,-0.264000
3169,1.022996
3170,0.661185
3171,-0.860963
3172,-0.485676
3173,-0.079751
3174,0.916480
3175,0.056071
3176,0.745828
3177,-0.505705
3178,-1.560202
3179,2.355497
3180,0.146843
3181,-1.202571
3182,-0.534443
3183,-1.385296
3184,-1.642561
3185,0.761627
3186,0.312012
3187,0.316543
3188,-0.591559
3189,0.957637
3190,-0.211415
3191,1.386595
3192,-0.518747
3193,-0.347362
3194,0.712040
3195,-0.089237
3196,0.625731
3197,0.337521
3198,-1.280500
3199,-1.247371
3200,-3.082018
3201,1.043319
3202,0.638336
3203,0.113531
3204,-3.203576
3205,-1.159169
3206,-1.472104
3207,1.028222
3208,-1.077558
3209,0.408415
3210,0.280309
3211,0.332525
3212,-2.217182
3213,0.447148
3214,-0.248568
3215,0.879875
3216,1.164169
3217,1.162191
3218,-0.598837
3219,-1.183475
3220,0.101761
3221,1.146755
3222,0.101295
3223,-0.371361
3224,0.296429
3225,0.636752
3226,-1.761964
3227,-2.627985
3228,0.196409
3229,-1.762591
3230,-0.195605
3231,-0.021382
3232,0.576913
3233,0.191062
3234,1.273636
3235,0.961109
3236,0.724748
3237,0.237432
3238,0.887797
3239,0.607547
3240,0.293571
3241,-0.054242
3242,1.276525
3243,-2.072859
3244,0.305073
3245,0.529451
3246,0.438788
3247,0.161808
3248,1.501433
3249,-0.648121
3250,-1.638612
3251,-1.057240
3252,0.418449
3253,-0.131706
3254,1.312083
3255,-0.866928
3256,0.881407
3257,-1.554080
3258,-0.048974
3259,2.110576
3260,0.620647
3261,0.264038
3262,-2.558783
3263,-1.227426
3264,-2.042823
3265,0.197045
3266,0.150559
3267,-0.557560
3268,-0.793756
3269,-1.166251
3270,0.611372
3271,0.043310
3272,-0.496617
3273,-1.447358
3274,-0.468151
3275,-1.669860
3276,2.944574
3277,2.039361
3278,0.683690
3279,0.103780
3280,-1.130648
3281,0.163265
3282,0.763432
3283,0.939527
3284,0.354816
3285,-0.567166
3286,0.631182
3287,0.583223
3288,-0.100521
3289,-0.612466
3290,0.750838
3291,1.698342
3292,-1.347642
3293,-0.296447
3294,-1.286673
3295,0.013853
3296,-0.617196
3297,-0.976555
3298,-0.926567
3299,-0.244367
3300,0.386409
3301,1.083725
3302,-0.779935
3303,-0.161051
3304,-0.006049
3305,1.134237
3306,1.531866
3307,-0.545301
3308,-0.764113
3309,-0.852484
3310,-2.212880
3311,-0.209382
3312,-0.496207
3313,-1.140104
3314,-0.586090
3315,1.223872
3316,-2.273646
3317,-0.304126
3318,-1.044671
3319,-0.512844
3320,0.200077
3321,0.102579
3322,0.850635
3323,0.717147
3324,-0.421860
3325,-1.579390
3326,-1.826760
3327,-1.703988
3328,1.266358
3329,2.107801
3330,1.052516
3331,2.095924
3332,0.796375
3333,-0.345443
3334,-0.468730
3335,-1.883555
3336,-0.926300
3337,0.802579
3338,-0.339002
3339,0.232795
3340,-1.108917
3341,-1.121540
3342,1.465435
3343,1.587580
3344,0.372333
3345,-0.694653
3346,1.667525
3347,0.913961
3348,0.836306
3349,-0.209842
3350,-1.576724
3351,-1.808146
3352,-0.881512
3353,0.407584
3354,0.375263
3355,1.143469
3356,-0.075759
3357,-0.503701
3358,0.325799
3359,-1.079503
3360,-0.169823
3361,-0.008208
3362,-0.920581
3363,-1.572134
3364,0.466716
3365,-2.096642
3366,0.226426
3367,-1.969144
3368,-1.772167
3369,-0.301478
3370,-0.456841
3371,-0.694719
3372,0.365257
3373,0.309956
3374,1.226924
3375,0.631702
3376,0.407120
3377,-0.854011
3378,-0.507805
3379,1.014361
3380,-0.626744
3381,-0.376222
3382,0.279177
3383,0.841853
3384,-0.834979
3385,-2.180455
3386,-1.108302
3387,-0.575615
3388,-1.092428
3389,-1.385500
3390,-0.813632
3391,-1.123005
3392,-1.418901
3393,0.417500
3394,-2.391203
3395,-1.460175
3396,-0.270804
3397,1.328859
3398,-1.562043
3399,-0.114525
3400,-0.142428
3401,1.469034
3402,0.190605
3403,0.256874
3404,-0.240158
3405,0.484542
3406,2.418275
3407,-0.487158
3408,-1.267007
3409,0.246915
3410,1.378014
3411,-0.021414
3412,-1.721768
3413,0.355349
3414,-1.254792
3415,-1.800095
3416,-1.913096
3417,-0.103656
3418,-0.719959
3419,-0.504144
3420,1.705824
3421,-1.575398
3422,0.273678
3423,1.968042
3424,3.897599
3425,1.519231
3426,2.152241
3427,-1.129940
3428,0.321134
3429,-1.202256
3430,1.099267
3431,1.458247
3432,0.035162
3433,0.418817
3434,0.693339
3435,0.056789
3436,0.815363
3437,0.445810
3438,1.374111
3439,0.206289
3440,-1.140177
3441,-0.153631
3442,-0.557416
3443,-0.354740
3444,-1.896619
3445,0.336709
3446,-0.794574
3447,-0.646820
3448,1.601715
3449,1.012887
3450,2.258008
3451,0.923484
3452,-0.841479
3453,-0.373520
3454,-1.665647
3455,0.233002
3456,0.117970
3457,-1.504291
3458,1.244844
3459,1.099735
3460,0.259566
3461,1.294832
3462,0.884151
3463,0.726423
3464,-0.366420
3465,-1.251116
3466,-0.460119
3467,0.763660
3468,0.522643
3469,0.892570
3470,1.317182
3471,0.438564
3472,-0.484078
3473,0.374350
3474,-0.353908
3475,0.968441
3476,1.339178
3477,1.328940
3478,-0.168064
3479,-1.017729
3480,0.115805
3481,-0.354085
3482,1.284605
3483,-1.425218
3484,-1.104988
3485,-1.932765
3486,1.147201
3487,1.151305
3488,2.156808
3489,0.821050
3490,0.040830
3491,-0.518417
3492,0.346687
3493,-1.661061
3494,2.314489
3495,1.765366
3496,-1.247816
3497,-0.115426
3498,-1.223949
3499,-0.623411
3500,1.025401
3501,0.794315
3502,0.339955
3503,1.791409
3504,0.369265
3505,-0.682854
3506,-0.339742
3507,-1.791171
3508,0.036923
3509,0.965017
3510,1.425687
3511,1.282118
3512,0.059418
3513,-0.885284
3514,-0.695835
3515,0.405898
3516,-0.188612
3517,0.566972
3518,-0.476241
3519,1.223338
3520,2.624519
3521,0.082687
3522,1.264642
3523,-0.099284
3524,1.986899
3525,0.939193
3526,-1.735551
3527,-0.002374
3528,0.686915
3529,0.888506
3530,-1.001202
3531,-0.034364
3532,0.911710
3533,1.303283
3534,-0.264069
3535,-0.564575
3536,-0.922131
3537,-0.096868
3538,0.007886
3539,2.156819
3540,0.679589
3541,0.586853
3542,0.047692
3543,0.234632
3544,-0.050282
3545,0.012396
3546,-1.247084
3547,0.172802
3548,1.623973
3549,0.367278
3550,0.554223
3551,1.112865
3552,-0.919802
3553,-1.284067
3554,1.202552
3555,1.864941
3556,-0.783474
3557,-0.198799
3558,-0.278578
3559,0.146709
3560,-0.114210
3561,-1.698253
3562,-1.946942
3563,-0.796369
3564,-1.913877
3565,-1.789494
3566,-1.661071
3567,-0.572992
3568,-0.287420
3569,-1.840548
3570,-1.271079
3571,-0.187111
3572,-1.826378
3573,-2.213862
3574,-0.269272
3575,-1.693449
3576,-0.989828
3577,0.272030
3578,1.141902
3579,0.560944
3580,-1.488917
3581,-2.696900
3582,2.011001
3583,0.072358
3584,-0.811761
3585,-0.624443
3586,1.906810
3587,0.184009
3588,-1.352268
3589,-1.349906
3590,0.398561
3591,0.481517
3592,-0.257490
3593,0.993036
3594,0.655774
3595,-1.488595
3596,-1.438957
3597,-0.333761
3598,-0.456049
3599,-0.786990
3600,1.191146
3601,-0.043226
3602,1.076636
3603,-0.928643
3604,0.016523
3605,0.498528
3606,-1.192254
3607,-0.568232
3608,-0.620008
3609,2.174059
3610,-1.017052
3611,1.396287
3612,-1.395190
3613,0.097309
3614,0.139454
3615,0.684318
3616,2.165130
3617,0.713991
3618,1.108633
3619,0.919115
3620,-0.332405
3621,1.394478
3622,0.716169
3623,-0.027332
3624,-0.535924
3625,-0.222167
3626,-0.995652
3627,1.027855
3628,1.574272
3629,-0.610129
3630,-0.841462
3631,-0.945999
3632,-0.305480
3633,-1.005098
3634,-0.357475
3635,-0.978677
3636,-0.171273
3637,2.295661
3638,0.983068
3639,-0.645232
3640,1.454676
3641,1.169272
3642,1.050347
3643,-0.089140
3644,-1.443001
3645,1.780052
3646,-0.811808
3647,1.320869
3648,0.998137
3649,-0.388216
3650,-0.295498
3651,0.492779
3652,2.505694
3653,1.534764
3654,-0.956800
3655,-0.173567
3656,-0.963655
3657,0.014054
3658,-0.619614
3659,-0.707850
3660,-0.299396
3661,-0.535212
3662,-0.038769
3663,-1.201509
3664,1.003123
3665,-0.628337
3666,0.109602
3667,-0.636994
3668,-1.215776
3669,-0.407534
3670,-0.444962
3671,-1.605073
3672,0.120109
3673,0.277203
3674,0.431404
3675,1.619783
3676,-1.916554
3677,0.358261
3678,0.348812
3679,0.096912
3680,-0.907932
3681,-0.757834
3682,0.364807
3683,0.054843
3684,-0.476848
3685,-0.700406
3686,-0.135347
3687,1.499353
3688,-0.867213
3689,0.091277
3690,0.336710
3691,0.861357
3692,0.320826
3693,-1.187690
3694,-1.401419
3695,0.272761
3696,1.519438
3697,0.460509
3698,0.912799
3699,0.861565
3700,0.202211
3701,1.431969
3702,0.128590
3703,0.061663
3704,0.079231
3705,0.188359
3706,1.267435
3707,-0.310195
3708,0.637152
3709,-2.342974
3710,-0.059633
3711,0.009410
3712,-1.158654
3713,0.283548
3714,-1.676620
3715,-1.143902
3716,-0.237215
3717,0.690339
3718,0.236636
3719,-0.017287
3720,-0.186750
3721,-0.326435
3722,0.078083
3723,-0.628985
3724,-0.695534
3725,-0.036673
3726,1.368497
3727,-0.069555
3728,-1.757496
3729,-0.064710
3730,1.307711
3731,1.222560
3732,0.647330
3733,-0.149170
3734,0.462224
3735,0.775759
3736,-1.126488
3737,-0.853780
3738,-0.186314
3739,-1.127707
3740,-1.459877
3741,0.900499
3742,0.427285
3743,-3.083756
3744,-1.342147
3745,-0.103915
3746,-1.938482
3747,-0.932178
3748,0.679059
3749,0.349079
3750,-0.887051
3751,-0.384540
3752,0.367090
3753,1.016244
3754,-0.362359
3755,0.088866
3756,-0.225655
3757,-0.579592
3758,-0.295579
3759,0.868161
3760,0.776639
3761,0.458213
3762,-0.138550
3763,-0.412068
3764,-0.288089
3765,0.835535
3766,0.068225
3767,-0.453274
3768,-0.408151
3769,0.960451
3770,0.038005
3771,-1.171943
3772,-0.123260
3773,1.221540
3774,1.264889
3775,-0.398458
3776,-1.343995
3777,-1.038223
3778,-1.189626
3779,-0.104676
3780,0.436632
3781,-0.595381
3782,-0.874481
3783,0.441910
3784,-0.747149
3785,-2.121397
3786,-0.196079
3787,0.124896
3788,-0.686293
3789,0.003141
3790,1.262795
3791,1.664256
3792,-0.249425
3793,0.051000
3794,-0.776053
3795,0.182393
3796,-0.677977
3797,0.097079
3798,0.371875
3799,-0.425596
3800,-0.251799
3801,0.910230
3802,-0.711815
3803,-0.244315
3804,0.342357
3805,0.152907
3806,1.368261
3807,1.168034
3808,-1.098510
3809,-1.530202
3810,-0.644508
3811,-1.086770
3812,-0.511120
3813,2.097135
3814,2.182570
3815,1.040545
3816,0.297900
3817,1.248077
3818,-1.444831
3819,0.003822
3820,-0.744347
3821,0.032118
3822,-1.594935
3823,-1.246382
3824,-1.385709
3825,-0.313424
3826,-0.002146
3827,-1.978433
3828,0.921497
3829,0.159042
3830,-0.110798
3831,0.131805
3832,-0.122102
3833,0.134199
3834,-0.917269
3835,-1.066892
3836,-2.870839
3837,-0.020642
3838,-0.236737
3839,-1.962529
3840,-1.059931
3841,-0.210356
3842,-0.485909
3843,-0.920047
3844,1.078197
3845,-1.385921
3846,-0.450437
3847,0.262509
3848,1.405356
3849,-1.020320
3850,-0.402777
3851,-0.140219
3852,-0.206782
3853,0.968857
3854,0.610506
3855,2.377351
3856,0.673110
3857,0.247355
3858,-0.093807
3859,-0.012387
3860,0.488703
3861,0.828109
3862,-1.659466
3863,-0.072224
3864,-0.671179
3865,-0.451281
3866,1.811917
3867,1.082093
3868,0.089815
3869,0.383967
3870,-0.733370
3871,0.367727
3872,0.298977
3873,1.837098
3874,1.372296
3875,0.438763
3876,0.232807
3877,-0.801461
3878,-0.270194
3879,1.124732
3880,-0.126881
3881,-1.050150
3882,-0.602313
3883,-1.606769
3884,-0.117625
3885,0.364572
3886,0.624780
3887,1.099394
3888,1.047749
3889,-0.638123
3890,-0.886020
3891,-1.633115
3892,0.019220
3893,0.475709
3894,-0.315506
3895,0.679855
3896,0.941520
3897,-1.440703
3898,-2.516963
3899,0.506037
3900,1.635541
3901,1.266279
3902,-0.373130
3903,-0.577976
3904,-0.099454
3905,1.776106
3906,1.960542
3907,0.783150
3908,2.043569
3909,1.023171
3910,-1.020875
3911,-0.443340
3912,-0.099820
3913,1.640629
3914,0.630114
3915,0.193323
3916,1.658180
3917,-1.183214
3918,1.056764
3919,0.199082
3920,-0.654881
3921,2.061719
3922,0.448224
3923,-0.006044
3924,-1.684344
3925,-2.724639
3926,0.435559
3927,1.360269
3928,-1.547013
3929,0.051903
3930,-0.614841
3931,1.443192
3932,-0.814782
3933,-0.184845
3934,2.579193
3935,1.532430
3936,0.382916
3937,-0.992645
3938,2.072796
3939,1.155795
3940,-1.477514
3941,-0.519972
3942,0.972169
3943,1.279191
3944,-0.358735
3945,-0.134324
3946,1.490976
3947,1.426685
3948,0.109102
3949,-0.532915
3950,1.053254
3951,-0.833154
3952,-0.345646
3953,-1.021640
3954,0.728468
3955,0.012754
3956,-0.824985
3957,0.210931
3958,-0.183036
3959,-0.297058
3960,-0.747227
3961,-1.721838
3962,0.212631
3963,0.894292
3964,0.263571
3965,-0.245799
3966,0.191789
3967,-0.749255
3968,0.812936
3969,-0.224995
3970,-1.335500
3971,-2.311312
3972,-0.063678
3973,0.046554
3974,0.824587
3975,-0.053967
3976,-0.953915
3977,-0.115486
3978,0.760723
3979,0.490281
3980,0.320060
3981,-0.514799
3982,-0.394657
3983,0.338037
3984,-0.174868
3985,0.371342
3986,0.413301
3987,1.421866
3988,0.419641
3989,-0.298842
3990,-0.105274
3991,0.727365
3992,0.862006
3993,0.033140
3994,0.215298
3995,0.811818
3996,-1.659006
3997,0.149502
3998,1.336897
3999,-0.786765
4000,0.783093
4001,0.029658
4002,-0.542609
4003,0.704984
4004,0.446981
4005,1.807225
4006,-0.481604
4007,0.080015
4008,1.809871
4009,1.191260
4010,-0.173570
4011,1.389776
4012,-0.425586
4013,-1.874698
4014,-0.144550
4015,0.521956
4016,0.701273
4017,-0.342017
4018,0.543905
4019,0.601156
4020,-0.123119
4021,0.498417
4022,-0.900080
4023,-0.755103
4024,-0.062975
4025,0.463613
4026,0.972466
4027,0.338018
4028,-1.466017
4029,-0.891910
4030,-1.929722
4031,-1.146476
4032,0.891774
4033,0.695330
4034,1.486155
4035,-0.561378
4036,-1.195500
4037,1.095869
4038,0.335712
4039,-1.030169
4040,0.272705
4041,-0.422845
4042,0.683612
4043,-0.061733
4044,2.493973
4045,1.748222
4046,-0.386563
4047,-0.385776
4048,-0.858417
4049,0.022530
4050,-1.359810
4051,-0.825050
4052,0.749228
4053,-0.565867
4054,-0.071318
4055,-0.321416
4056,-0.646622
4057,-1.866791
4058,-1.182816
4059,1.437703
4060,-0.062868
4061,0.789942
4062,-1.853701
4063,-0.357957
4064,0.439098
4065,-0.000822
4066,1.788400
4067,0.993808
4068,0.995703
4069,-0.011385
4070,-0.473248
4071,0.039731
4072,0.001187
4073,-1.335638
4074,0.263816
4075,-0.035084
4076,0.205509
4077,0.956675
4078,2.211747
4079,0.833593
4080,-0.378889
4081,0.283804
4082,-0.664827
4083,1.252919
4084,1.396713
4085,0.024621
4086,0.156947
4087,0.503232
4088,1.569232
4089,-0.248580
4090,-0.437915
4091,0.196716
4092,1.054831
4093,2.977032
4094,0.494952
4095,0.169063
4096,1.742366
4097,-0.041663
4098,0.621111
4099,-1.823070
4100,0.162235
4101,0.694747
4102,-0.836229
4103,-1.444256
4104,-1.982779
4105,-0.772693
4106,-1.273902
4107,-1.080752
4108,-0.683498
4109,-1.072876
4110,-0.958947
4111,1.277263
4112,2.978505
4113,2.287029
4114,2.307456
4115,0.891308
4116,0.516299
4117,-0.723302
4118,-1.361710
4119,0.603149
4120,1.604874
4121,0.916707
4122,-1.152360
4123,0.558481
4124,-0.550247
4125,1.820652
4126,-0.880138
4127,0.900589
4128,0.226908
4129,-1.056393
4130,-1.198568
4131,1.143994
4132,-1.208059
4133,1.243468
4134,0.360047
4135,0.850962
4136,0.715549
4137,0.203984
4138,-0.196484
4139,0.400137
4140,1.102125
4141,0.587890
4142,-0.341698
4143,-0.176492
4144,-0.712525
4145,-0.324329
4146,-0.570543
4147,-0.317518
4148,1.602969
4149,-0.721592
4150,1.587111
4151,0.665709
4152,0.124618
4153,0.001855
4154,0.506795
4155,0.090150
4156,-0.789269
4157,-1.401208
4158,-0.251603
4159,1.154719
4160,1.354148
4161,-1.209121
4162,-0.314884
4163,0.584482
4164,1.244140
4165,1.021929
4166,-0.553664
4167,0.421884
4168,-0.258492
4169,0.590105
4170,0.051249
4171,-0.561871
4172,-0.448079
4173,-0.314326
4174,-1.799261
4175,0.025603
4176,-1.459063
4177,-0.409426
4178,-1.256745
4179,1.313831
4180,-0.099223
4181,0.895957
4182,-0.797819
4183,-0.503971
4184,-0.546475
4185,0.152969
4186,0.307518
4187,-0.406992
4188,-1.079760
4189,-0.368753
4190,0.919827
4191,-0.228471
4192,-0.104629
4193,-0.591835
4194,2.031677
4195,0.515283
4196,1.270876
4197,-1.080162
4198,-1.054114
4199,0.128319
4200,1.144006
4201,0.807448
4202,-0.906315
4203,0.401114
4204,-0.124139
4205,-1.125882
4206,-1.409880
4207,-1.007450
4208,-1.587638
4209,-2.198293
4210,-3.078431
4211,-0.483760
4212,0.218910
4213,0.009181
4214,-2.141676
4215,-0.271735
4216,-0.027199
4217,-0.432522
4218,-0.256623
4219,1.995974
4220,2.611239
4221,1.205097
4222,0.851997
4223,-0.968419
4224,-0.167517
4225,-0.722888
4226,1.622986
4227,-3.175075
4228,-0.139695
4229,0.397847
4230,-0.435097
4231,1.132424
4232,-0.378037
4233,1.147910
4234,2.572447
4235,0.771063
4236,-0.075082
4237,-2.053323
4238,-0.615043
4239,0.528546
4240,0.202948
4241,1.171462
4242,-0.029832
4243,-0.062034
4244,0.079663
4245,1.363550
4246,0.574980
4247,1.328925
4248,1.589658
4249,0.796508
4250,3.166292
4251,-0.574419
4252,-0.508731
4253,0.178168
4254,-0.752325
4255,-1.333039
4256,-1.100349
4257,-0.828818
4258,0.079065
4259,-0.816769
4260,-0.049316
4261,-0.838557
4262,-0.839982
4263,1.024342
4264,1.369580
4265,0.758101
4266,-2.689539
4267,-2.065910
4268,0.350698
4269,1.625287
4270,-0.088081
4271,-0.267160
4272,-0.468953
4273,-1.781388
4274,0.347025
4275,-0.764716
4276,-2.943776
4277,-1.786148
4278,0.125807
4279,0.497118
4280,0.412301
4281,1.226361
4282,0.582203
4283,-0.800403
4284,2.687676
4285,2.205360
4286,1.073085
4287,0.117546
4288,0.147244
4289,0.148541
4290,-0.035440
4291,-0.618627
4292,-0.119668
4293,-0.049012
4294,-1.170428
4295,1.777034
4296,2.125196
4297,-0.849400
4298,-1.592187
4299,-1.903639
4300,-1.290326
4301,-0.959181
4302,-1.051669
4303,-0.016640
4304,0.826354
4305,2.739137
4306,0.515015
4307,0.513281
4308,-0.542818
4309,0.648954
4310,0.206411
4311,0.438358
4312,-1.851347
4313,-0.079371
4314,-1.510238
4315,-0.796197
4316,0.197246
4317,0.294376
4318,0.905522
4319,0.827979
4320,0.956472
4321,1.185411
4322,0.640439
4323,-0.788124
4324,0.536023
4325,0.321955
4326,0.698694
4327,-0.154450
4328,0.120472
4329,-0.914960
4330,-0.159122
4331,-0.640688
4332,-1.713822
4333,-2.995823
4334,-2.096225
4335,-0.455920
4336,-1.202089
4337,-0.029231
4338,0.487487
4339,-0.748158
4340,-0.253319
4341,-0.056502
4342,-0.790087
4343,-0.795379
4344,-0.078399
4345,1.220149
4346,0.414821
4347,1.157457
4348,-0.261314
4349,-0.768128
4350,-0.766976
4351,0.544293
4352,1.418123
4353,-0.072947
4354,-0.873516
4355,0.167250
4356,-0.497358
4357,0.404229
4358,1.146990
4359,1.189301
4360,-0.395809
4361,-1.355154
4362,0.008776
4363,0.656170
4364,0.724585
4365,0.876828
4366,0.142258
4367,-0.636953
4368,-0.043377
4369,0.740544
4370,1.494017
4371,-0.115504
4372,2.148377
4373,1.778902
4374,1.665334
4375,-1.436728
4376,-1.366630
4377,-0.958875
4378,-2.742618
4379,0.787298
4380,-0.291987
4381,-0.475333
4382,0.080822
4383,-1.247861
4384,0.917253
4385,-0.715010
4386,-0.141709
4387,-1.275000
4388,-0.791787
4389,-0.828970
4390,-0.875064
4391,-0.411691
4392,-0.676605
4393,-0.535663
4394,-1.309821
4395,0.024858
4396,-0.055884
4397,0.918215
4398,0.452131
4399,0.477829
4400,-0.815295
4401,1.021505
4402,0.128522
4403,-1.450947
4404,-1.032984
4405,-0.302665
4406,-1.122361
4407,1.214010
4408,1.540754
4409,0.148290
4410,-0.414983
4411,-1.223755
4412,-1.744150
4413,-0.717538
4414,1.029295
4415,-0.079195
4416,-0.417316
4417,-1.087248
4418,0.335235
4419,1.513380
4420,2.357750
4421,0.858688
4422,0.879114
4423,2.289320
4424,0.842527
4425,2.606401
4426,1.996741
4427,-0.254897
4428,-1.692608
4429,1.172596
4430,-0.261687
4431,1.386402
4432,1.063030
4433,0.289827
4434,-0.205570
4435,-1.152303
4436,-0.458050
4437,-0.890484
4438,1.934939
4439,0.233776
4440,-0.876107
4441,1.126789
4442,1.439425
4443,-2.066416
4444,-0.872135
4445,-0.390681
4446,-0.497878
4447,-0.471581
4448,0.308525
4449,-0.128534
4450,-0.595669
4451,0.120304
4452,1.544628
4453,1.956221
4454,0.482793
4455,0.182053
4456,-1.201078
4457,-0.090301
4458,-0.692714
4459,-0.873675
4460,-0.099856
4461,1.382793
4462,-0.389364
4463,0.850132
4464,-0.314086
4465,-0.583877
4466,-1.143423
4467,0.005597
4468,-0.452785
4469,0.270107
4470,-0.205291
4471,-0.654795
4472,-1.343611
4473,-1.899568
4474,-1.104272
4475,-0.851103
4476,-1.441819
4477,1.114736
4478,0.665978
4479,-0.706287
4480,0.905117
4481,-0.436725
4482,-0.194337
4483,0.992640
4484,-0.854717
4485,-0.032907
4486,0.259848
4487,1.150308
4488,2.140819
4489,0.030773
4490,-0.118450
4491,0.323847
4492,-1.552202
4493,0.243096
4494,0.450802
4495,-1.902893
4496,-0.874724
4497,-1.396923
4498,-0.110414
4499,-1.594525
4500,-1.996329
4501,0.437398
4502,-0.052722
4503,-0.116129
4504,1.686880
4505,0.449979
4506,1.004536
4507,-1.164565
4508,-0.649110
4509,0.189785
4510,0.660135
4511,-0.116079
4512,-0.700485
4513,-0.255081
4514,0.313633
4515,-0.147887
4516,-0.142808
4517,-1.202624
4518,0.130216
4519,0.763348
4520,-0.340725
4521,-0.812002
4522,1.698308
4523,1.108873
4524,-0.264162
4525,-0.598483
4526,0.040077
4527,-0.648301
4528,-0.096901
4529,0.185842
4530,-0.970320
4531,-0.293405
4532,0.782549
4533,-2.140697
4534,-1.173936
4535,-0.913928
4536,0.612373
4537,0.595062
4538,0.078797
4539,-0.052798
4540,0.785796
4541,-0.060059
4542,1.311366
4543,1.576632
4544,0.286346
4545,0.750303
4546,2.773799
4547,0.842488
4548,0.692489
4549,0.536165
4550,0.196944
4551,-0.422026
4552,0.140144
4553,1.551430
4554,3.241470
4555,1.521228
4556,-0.748059
4557,-0.251756
4558,-0.121560
4559,0.768022
4560,1.662160
4561,0.616871
4562,-1.725410
4563,-1.512863
4564,0.058795
4565,-0.596872
4566,-0.369047
4567,-1.707567
4568,-0.580971
4569,-0.875507
4570,0.209818
4571,-0.117668
4572,-0.868062
4573,-1.551978
4574,0.411712
4575,0.029498
4576,0.503442
4577,2.478505
4578,0.662961
4579,1.184835
4580,-0.063130
4581,-1.883304
4582,0.505130
4583,0.704723
4584,0.632667
4585,-0.826258
4586,1.567015
4587,0.692985
4588,0.322649
4589,-0.300459
4590,0.126449
4591,0.050314
4592,0.679965
4593,-0.406807
4594,0.467609
4595,-0.597097
4596,0.645894
4597,1.825049
4598,0.224621
4599,0.806151
4600,-0.181318
4601,0.509639
4602,-0.828208
4603,0.009663
4604,-0.580934
4605,1.328786
4606,0.208714
4607,0.313539
4608,-0.908531
4609,0.465608
4610,-0.813228
4611,0.810024
4612,1.013522
4613,-1.816309
4614,-3.604672
4615,-1.990922
4616,-1.892956
4617,0.322894
4618,-1.114614
4619,0.936058
4620,-0.753697
4621,-1.579134
4622,-0.401730
4623,1.636478
4624,-1.101500
4625,0.014817
4626,-0.071526
4627,-0.626826
4628,-1.422343
4629,-0.765240
4630,-0.180996
4631,-1.801457
4632,-0.608447
4633,-2.433313
4634,0.800171
4635,2.731765
4636,1.006256
4637,-0.311792
4638,-0.931539
4639,-0.545839
4640,-1.113719
4641,-0.085599
4642,0.975650
4643,2.194864
4644,0.218130
4645,-0.366965
4646,-0.810291
4647,-0.012690
4648,-0.020147
4649,-2.474428
4650,-1.211859
4651,-0.874869
4652,-0.488712
4653,-0.135679
4654,-1.122498
4655,0.611593
4656,-0.139683
4657,0.695098
4658,-0.380184
4659,0.744348
4660,0.477441
4661,0.598945
4662,0.184668
4663,0.697780
4664,1.540172
4665,0.530483
4666,0.639990
4667,1.459514
4668,0.904139
4669,0.163465
4670,0.165386
4671,-0.330278
4672,-0.342993
4673,0.969152
4674,2.173474
4675,1.394958
4676,0.286121
4677,-1.128924
4678,0.140416
4679,0.669328
4680,0.587912
4681,-0.665494
4682,0.725388
4683,-0.145416
4684,0.045094
4685,1.699869
4686,-0.685532
4687,-0.818384
4688,-0.471979
4689,0.390354
4690,-0.073812
4691,-1.168085
4692,-1.884249
4693,-0.651077
4694,-0.632996
4695,-2.182296
4696,-1.653838
4697,-0.194956
4698,-1.148493
4699,1.389391
4700,1.318604
4701,1.919293
4702,-0.992073
4703,0.068796
4704,0.342701
4705,-1.714910
4706,-0.525853
4707,-0.574268
4708,1.829888
4709,0.597244
4710,-0.529712
4711,-0.843260
4712,-0.395586
4713,0.151935
4714,-0.223326
4715,-1.143247
4716,1.077871
4717,0.758577
4718,-0.267730
4719,-0.044241
4720,0.820152
4721,-0.334081
4722,0.610589
4723,-0.315493
4724,2.244906
4725,2.416647
4726,-1.066139
4727,1.125839
4728,0.454050
4729,0.058318
4730,-1.890868
4731,-0.296196
4732,-0.235744
4733,0.028234
4734,0.361298
4735,0.151856
4736,-1.426646
4737,1.077726
4738,0.646982
4739,-0.291410
4740,0.839671
4741,-0.852943
4742,0.767624
4743,2.513625
4744,1.980366
4745,0.882303
4746,-0.827583
4747,0.079164
4748,2.246021
4749,-0.047390
4750,-0.722991
4751,0.105079
4752,0.211893
4753,1.288579
4754,0.018332
4755,-2.376690
4756,-2.100566
4757,-1.442020
4758,-0.040078
4759,0.179722
4760,1.559810
4761,-0.176358
4762,0.187214
4763,1.748579
4764,0.520904
4765,0.009483
4766,-2.646540
4767,0.134990
4768,0.206311
4769,1.582059
4770,1.233557
4771,1.115216
4772,-1.024650
4773,0.755303
4774,-0.748776
4775,0.880002
4776,-1.251809
4777,0.895369
4778,-0.243462
4779,-1.757577
4780,-0.008517
4781,0.692729
4782,0.383768
4783,-0.263509
4784,0.275788
4785,-0.177001
4786,-1.853230
4787,-1.304327
4788,-1.193447
4789,-3.260003
4790,-1.439889
4791,0.459307
4792,-0.477231
4793,0.318782
4794,0.951174
4795,2.681817
4796,0.581430
4797,1.587730
4798,1.089783
4799,0.608295
4800,-0.521650
4801,0.084446
4802,-1.369970
4803,0.011784
4804,-1.456928
4805,1.352633
4806,-0.058409
4807,1.730319
4808,0.742277
4809,0.582168
4810,-1.546254
4811,-0.347632
4812,-2.082068
4813,0.432131
4814,-0.262818
4815,1.876211
4816,1.469281
4817,1.552099
4818,-1.715085
4819,-2.597319
4820,-2.540038
4821,-0.233127
4822,0.728524
4823,-0.008941
4824,0.480069
4825,-0.483719
4826,-0.135859
4827,0.060408
4828,1.403640
4829,1.338528
4830,-0.881028
4831,0.783984
4832,0.287718
4833,-1.322214
4834,2.283854
4835,1.841759
4836,-0.849007
4837,-1.297448
4838,-0.039146
4839,1.362547
4840,1.107224
4841,1.605675
4842,1.013739
4843,-1.608049
4844,-3.508658
4845,-0.354900
4846,0.999877
4847,-0.239374
4848,-1.209327
4849,-0.048097
4850,0.965478
4851,-1.567346
4852,-0.212928
4853,-0.284923
4854,-0.335406
4855,0.062147
4856,1.542984
4857,-0.171740
4858,-0.397639
4859,2.622626
4860,2.465491
4861,-1.119955
4862,-0.586278
4863,0.099233
4864,0.618091
4865,-0.662532
4866,-0.071026
4867,-0.979583
4868,0.509078
4869,-0.483050
4870,0.248041
4871,-1.636506
4872,-0.304537
4873,-0.327797
4874,0.098666
4875,1.328282
4876,0.170035
4877,0.301084
4878,1.370939
4879,-0.253408
4880,-0.130069
4881,-0.769042
4882,-0.742068
4883,0.073317
4884,-0.744159
4885,0.116708
4886,1.149909
4887,-0.252787
4888,-0.473836
4889,-1.345497
4890,0.502173
4891,1.211020
4892,-0.170173
4893,0.403556
4894,0.505340
4895,0.506437
4896,0.166230
4897,0.214166
4898,-0.578657
4899,-0.553233
4900,-1.144165
4901,-1.639520
4902,-0.022369
4903,-0.508192
4904,0.300672
4905,-0.046070
4906,-0.277719
4907,0.834873
4908,-0.023016
4909,1.356640
4910,0.716466
4911,-0.060556
4912,0.347436
4913,0.709113
4914,1.864835
4915,-0.758160
4916,1.992112
4917,0.845558
4918,-0.265586
4919,0.461557
4920,-0.803019
4921,-0.319812
4922,0.143533
4923,0.047032
4924,-1.103366
4925,1.504686
4926,1.791282
4927,1.497733
4928,-0.571722
4929,0.213117
4930,-0.520898
4931,-0.907732
4932,-1.459076
4933,-0.724814
4934,-0.114772
4935,-0.316609
4936,-2.267020
4937,0.364084
4938,-0.732516
4939,-1.629241
4940,-2.935621
4941,-1.012185
4942,-0.610661
4943,0.113015
4944,-1.669119
4945,-0.374383
4946,0.026801
4947,-0.453419
4948,0.470601
4949,-0.230850
4950,0.843320
4951,0.787161
4952,0.559524
4953,0.821701
4954,0.399542
4955,0.612937
4956,0.580794
4957,-0.266959
4958,-1.172238
4959,0.673225
4960,-0.918849
4961,0.650778
4962,-1.443412
4963,-0.946403
4964,1.175016
4965,0.010631
4966,-0.451063
4967,-0.640749
4968,-1.190442
4969,-0.269909
4970,-0.388032
4971,-1.166498
4972,0.617543
4973,1.397526
4974,1.960785
4975,1.085541
4976,4.394036
4977,2.042983
4978,1.666539
4979,0.545697
4980,-0.241030
4981,1.150364
4982,0.408632
4983,0.554923
4984,0.077228
4985,-1.074553
4986,-0.370131
4987,-0.944787
4988,0.155820
4989,0.261156
4990,1.109047
4991,0.361348
4992,0.111173
4993,0.170440
4994,-0.694671
4995,-0.167797
4996,-1.319580
4997,-1.835270
4998,1.688267
4999,0.950217
5000,-0.834447
5001,-1.137765
5002,-1.781907
5003,-0.015094
5004,-0.982609
5005,-1.018289
5006,-0.684932
5007,0.324418
5008,-0.487402
5009,-1.746456
5010,1.698305
5011,-1.537956
5012,-2.621942
5013,-0.447703
5014,-2.636832
5015,-0.718621
5016,-0.524710
5017,-0.340755
5018,-0.549251
5019,-1.148367
5020,-1.470025
5021,-0.456479
5022,-0.215265
5023,-0.857065
5024,0.019151
5025,0.325666
5026,-2.027223
5027,0.174869
5028,0.641170
5029,2.043173
5030,0.218647
5031,0.001972
5032,1.579241
5033,-0.274519
5034,-0.742474
5035,-0.252598
5036,-1.611563
5037,1.229559
5038,1.190725
5039,-0.323406
5040,-1.846877
5041,1.036909
5042,-1.406585
5043,0.804113
5044,-0.892210
5045,-0.100158
5046,0.815612
5047,0.301500
5048,0.563466
5049,0.337211
5050,-1.102977
5051,-0.729437
5052,1.207604
5053,-0.444169
5054,-1.720781
5055,-0.236034
5056,-0.045058
5057,-0.661121
5058,1.052213
5059,2.374231
5060,-0.394046
5061,-0.189141
5062,1.182860
5063,-1.168801
5064,-0.683703
5065,-2.459030
5066,-0.288160
5067,0.357202
5068,0.428440
5069,0.983570
5070,-0.669476
5071,-1.274729
5072,-0.655916
5073,-0.480376
5074,-0.082674
5075,-0.595786
5076,0.408190
5077,0.148898
5078,-1.294239
5079,0.033209
5080,-0.014991
5081,0.770024
5082,-0.752124
5083,-0.240024
5084,-0.422151
5085,-0.709015
5086,-2.266283
5087,0.772878
5088,-0.511468
5089,1.066916
5090,0.744625
5091,-0.619472
5092,-2.686327
5093,0.424486
5094,0.833926
5095,0.529244
5096,1.363549
5097,0.836488
5098,-0.096344
5099,-1.078780
5100,-1.183741
5101,0.688942
5102,-0.651387
5103,1.292518
5104,-0.223199
5105,1.311002
5106,0.168373
5107,-2.804714
5108,-0.528815
5109,1.038716
5110,-0.769560
5111,-2.036450
5112,0.058570
5113,0.645298
5114,-0.333502
5115,0.679107
5116,0.707735
5117,-0.603838
5118,-1.371698
5119,-1.869756
5120,-1.065849
5121,0.258703
5122,0.856266
5123,0.002773
5124,-1.003681
5125,1.462688
5126,0.817498
5127,0.286372
5128,-0.142598
5129,-1.228673
5130,-0.284079
5131,-1.345044
5132,-0.166053
5133,0.776902
5134,-0.570718
5135,0.949241
5136,-1.961978
5137,-0.702548
5138,-0.989968
5139,-0.453902
5140,0.238642
5141,1.232988
5142,1.223419
5143,0.900340
5144,-0.284052
5145,0.969352
5146,-0.225253
5147,1.278326
5148,-1.619171
5149,-0.377939
5150,-0.563347
5151,0.713547
5152,-0.777846
5153,0.012852
5154,0.313451
5155,0.404845
5156,0.544031
5157,-0.985300
5158,-0.070582
5159,0.286704
5160,0.842602
5161,-1.730389
5162,-1.469956
5163,0.367897
5164,0.044236
5165,-0.666355
5166,-0.704230
5167,0.121392
5168,0.075704
5169,1.094078
5170,0.541985
5171,-1.110228
5172,-0.730909
5173,-1.201334
5174,-0.171439
5175,-0.996465
5176,0.361242
5177,-0.316865
5178,-0.076283
5179,0.844249
5180,-0.707533
5181,-1.210144
5182,-0.465189
5183,0.247191
5184,-0.598364
5185,-0.557641
5186,-1.276924
5187,-0.618287
5188,1.486995
5189,-0.468884
5190,0.454959
5191,-0.574614
5192,-1.556932
5193,-0.390242
5194,-0.932712
5195,-0.576313
5196,-1.383879
5197,-1.373036
5198,-0.677210
5199,0.022667
5200,1.392635
5201,-0.026602
5202,1.659422
5203,-0.231617
5204,0.290043
5205,0.369058
5206,-1.454639
5207,0.276147
5208,0.889464
5209,0.146641
5210,0.022226
5211,-1.112754
5212,0.458374
5213,-1.230823
5214,-1.857954
5215,-0.485178
5216,-0.089373
5217,0.375793
5218,0.250860
5219,-0.853852
5220,-1.771399
5221,0.039026
5222,-0.207076
5223,-2.609192
5224,-1.575472
5225,-0.618166
5226,-1.045808
5227,0.939487
5228,-1.057603
5229,1.356227
5230,-0.037887
5231,-0.011002
5232,0.836512
5233,-0.591799
5234,1.192150
5235,-0.012400
5236,1.247209
5237,-1.672295
5238,-1.838328
5239,-1.745740
5240,-0.502146
5241,-0.058160
5242,0.482124
5243,-0.885678
5244,0.803443
5245,0.241058
5246,0.708664
5247,-0.482265
5248,1.355484
5249,1.685807
5250,1.323437
5251,-0.971197
5252,0.154396
5253,0.874129
5254,-0.512953
5255,0.068810
5256,-0.760512
5257,0.799120
5258,1.483415
5259,0.594670
5260,1.005580
5261,0.480042
5262,-0.250707
5263,-2.958150
5264,-0.831459
5265,0.841078
5266,-0.715968
5267,-0.158441
5268,0.231590
5269,-0.199540
5270,-0.858568
5271,0.257910
5272,-1.092478
5273,-0.083237
5274,-0.219633
5275,-1.373529
5276,2.357533
5277,0.948808
5278,-1.670337
5279,-1.084618
5280,-0.482005
5281,-0.030062
5282,-0.826702
5283,1.698701
5284,-0.105261
5285,0.253929
5286,-0.280291
5287,1.337156
5288,0.055716
5289,1.112970
5290,-0.108614
5291,-0.800544
5292,-0.607442
5293,-0.800005
5294,-0.083307
5295,0.218392
5296,0.079010
5297,0.231858
5298,0.015198
5299,-0.853552
5300,-0.091410
5301,-0.997648
5302,-0.414114
5303,-0.948711
5304,-0.160751
5305,0.401105
5306,-0.057687
5307,-1.048891
5308,-0.829842
5309,-0.292636
5310,-2.966809
5311,0.158010
5312,-0.258499
5313,0.880660
5314,-0.127991
5315,0.498809
5316,0.816184
5317,-0.762295
5318,-0.623401
5319,2.065279
5320,-1.074358
5321,-3.373805
5322,-0.523743
5323,-1.707186
5324,0.819678
5325,0.548785
5326,-0.563765
5327,-1.279528
5328,-1.757841
5329,-0.749113
5330,1.302798
5331,0.028223
5332,-0.755274
5333,-0.649261
5334,-0.768953
5335,-0.853497
5336,-2.303357
5337,-0.944171
5338,-2.459370
5339,-1.477228
5340,-2.722861
5341,0.019261
5342,0.307996
5343,0.628350
5344,0.511427
5345,-0.275324
5346,0.529100
5347,0.361622
5348,-1.383714
5349,-1.425211
5350,1.211367
5351,-0.936345
5352,0.123473
5353,-0.658304
5354,-1.080936
5355,0.433758
5356,0.017683
5357,-0.287520
5358,0.274485
5359,-2.029685
5360,-0.966230
5361,-0.458800
5362,-1.287195
5363,-0.127908
5364,1.438456
5365,-1.794147
5366,2.237552
5367,0.992739
5368,-0.058842
5369,-1.745318
5370,-1.848867
5371,0.511712
5372,2.377882
5373,3.129521
5374,1.463037
5375,1.688627
5376,1.045512
5377,0.096558
5378,0.395029
5379,-0.028427
5380,0.442539
5381,1.169247
5382,0.309698
5383,0.164989
5384,-1.814056
5385,0.585959
5386,1.071230
5387,0.146693
5388,-0.628189
5389,0.156968
5390,0.418627
5391,0.143631
5392,1.040558
5393,-0.436580
5394,-1.383859
5395,-1.594247
5396,1.461990
5397,-0.196150
5398,0.554756
5399,-0.609269
5400,0.910549
5401,-0.149997
5402,-2.330430
5403,-0.482069
5404,-0.454906
5405,-0.851114
5406,0.315214
5407,0.347256
5408,-0.129643
5409,0.288929
5410,-0.032647
5411,0.504827
5412,-0.784486
5413,0.061369
5414,-1.554697
5415,0.246045
5416,-0.341662
5417,-0.816590
5418,-1.038390
5419,-0.076558
5420,0.824737
5421,-0.218406
5422,-0.047013
5423,1.071142
5424,-0.382696
5425,-0.872297
5426,0.640420
5427,2.391184
5428,1.848267
5429,-0.784042
5430,0.781377
5431,0.414870
5432,0.083076
5433,-1.300675
5434,-0.295776
5435,0.065083
5436,1.437427
5437,0.577436
5438,-0.385239
5439,-0.991111
5440,-0.421527
5441,-0.630464
5442,0.149174
5443,-0.109059
5444,-0.289745
5445,-0.246826
5446,-0.138540
5447,1.205267
5448,-0.084812
5449,0.965228
5450,1.174398
5451,-0.807876
5452,0.626624
5453,0.842837
5454,1.595901
5455,1.444871
5456,1.949529
5457,-1.420098
5458,-1.388821
5459,-0.521696
5460,0.275459
5461,0.778902
5462,2.127044
5463,-0.506899
5464,-0.113508
5465,-0.685146
5466,-0.706802
5467,0.898220
5468,-0.989545
5469,3.086704
5470,0.756727
5471,0.474433
5472,-0.926281
5473,-0.489863
5474,-0.468834
5475,-0.539748
5476,0.214796
5477,1.297862
5478,0.149555
5479,0.316010
5480,-1.167728
5481,1.315591
5482,0.237005
5483,0.140775
5484,0.217809
5485,-0.335389
5486,0.958840
5487,1.261164
5488,1.121203
5489,-0.902540
5490,1.869672
5491,-0.205487
5492,-0.947617
5493,-1.031885
5494,0.876763
5495,0.396797
5496,-0.035301
5497,-0.456165
5498,-1.644229
5499,0.066039
5500,-1.293576
5501,-0.005391
5502,0.381075
5503,-0.155261
5504,0.878372
5505,0.359494
5506,-0.866529
5507,-0.702874
5508,-1.498945
5509,-0.876914
5510,0.883586
5511,0.394579
5512,1.654889
5513,2.220808
5514,2.764939
5515,1.617889
5516,-0.090626
5517,0.402158
5518,1.676320
5519,1.082939
5520,0.285046
5521,-1.158359
5522,-2.513626
5523,0.848240
5524,-0.246972
5525,-0.614018
5526,-0.795512
5527,-0.096232
5528,-0.067346
5529,-0.599762
5530,-1.192341
5531,-1.736174
5532,0.414493
5533,0.491373
5534,-0.434199
5535,0.666279
5536,-0.049776
5537,0.286099
5538,0.851027
5539,-0.405439
5540,0.814721
5541,-1.388292
5542,-1.440367
5543,0.063926
5544,-1.656077
5545,-1.623703
5546,-1.377490
5547,-1.005304
5548,-2.192855
5549,-0.805833
5550,0.039990
5551,-0.353263
5552,-0.632254
5553,1.503580
5554,1.136964
5555,-0.219728
5556,0.980028
5557,0.694305
5558,-1.653429
5559,-1.065280
5560,-0.255610
5561,0.872718
5562,1.802907
5563,-0.529514
5564,1.612834
5565,1.653602
5566,1.795998
5567,0.496676
5568,-0.177259
5569,0.822520
5570,0.749670
5571,-0.562709
5572,-0.408962
5573,1.655212
5574,0.671717
5575,0.153534
5576,-0.060944
5577,0.522102
5578,-0.189774
5579,-0.299693
5580,-1.087286
5581,-0.155989
5582,-0.158303
5583,0.712255
5584,-0.636849
5585,-1.146228
5586,-1.631358
5587,-0.086221
5588,0.737189
5589,2.191794
5590,1.884890
5591,-1.229279
5592,-2.228438
5593,0.505260
5594,0.424660
5595,-0.087127
5596,1.950286
5597,1.190116
5598,-1.044558
5599,-1.028357
5600,-0.088818
5601,0.408603
5602,0.827041
5603,0.338923
5604,1.034238
5605,0.715772
5606,0.729737
5607,0.287161
5608,-1.671923
5609,-1.465237
5610,-0.760249
5611,-0.446681
5612,-1.428905
5613,0.079187
5614,0.444705
5615,2.177801
5616,0.263550
5617,-0.546585
5618,-0.477549
5619,-0.315776
5620,-0.203849
5621,-0.549977
5622,-1.722981
5623,0.115697
5624,0.306109
5625,0.806269
5626,-1.171361
5627,0.729692
5628,1.253880
5629,0.963070
5630,0.470461
5631,1.894858
5632,2.090532
5633,1.182896
5634,1.106620
5635,0.378460
5636,-0.430370
5637,0.337443
5638,-0.119075
5639,0.549143
5640,-0.157914
5641,0.899595
5642,-0.399658
5643,0.444041
5644,0.263201
5645,-0.210728
5646,-0.140749
5647,-0.498605
5648,-0.673103
5649,0.051502
5650,-0.842180
5651,-0.038255
5652,-1.405012
5653,0.198649
5654,2.523760
5655,0.672141
5656,0.494687
5657,0.383852
5658,1.334134
5659,-0.116036
5660,-1.076669
5661,0.158544
5662,-0.875860
5663,-0.409172
5664,0.838392
5665,0.388543
5666,-0.804572
5667,-1.735391
5668,0.145754
5669,-0.383516
5670,2.512906
5671,2.404659
5672,1.269802
5673,-0.184721
5674,1.703988
5675,1.358965
5676,1.438513
5677,0.277593
5678,0.573257
5679,0.295961
5680,-0.756217
5681,-0.771064
5682,-1.252652
5683,0.693898
5684,0.203288
5685,-0.700012
5686,-0.356144
5687,0.836497
5688,0.125978
5689,-1.472454
5690,-1.066757
5691,0.991628
5692,-0.359320
5693,1.440104
5694,1.125609
5695,0.310689
5696,-1.011271
5697,-0.804967
5698,0.773324
5699,1.018465
5700,0.873419
5701,0.834204
5702,-0.226029
5703,-1.224815
5704,-1.016207
5705,-0.377714
5706,0.780875
5707,-0.018070
5708,-0.761861
5709,0.722734
5710,0.120127
5711,0.393373
5712,-0.542763
5713,-0.378207
5714,-0.536715
5715,-0.940052
5716,0.959571
5717,1.320319
5718,-0.167988
5719,0.276028
5720,2.286406
5721,2.805671
5722,2.154407
5723,-0.613651
5724,-1.209025
5725,-1.698320
5726,0.098680
5727,-0.007024
5728,-0.535541
5729,1.209173
5730,-0.689475
5731,-1.490727
5732,-0.254196
5733,0.214557
5734,0.482194
5735,-1.038861
5736,-0.206216
5737,-0.654459
5738,-0.644728
5739,-1.545969
5740,0.268501
5741,0.425048
5742,-0.889933
5743,1.840089
5744,0.233361
5745,0.669529
5746,0.543117
5747,0.824968
5748,0.656437
5749,-0.885579
5750,-0.720308
5751,0.487088
5752,-0.092371
5753,-0.857456
5754,-2.217276
5755,-0.340321
5756,-1.271654
5757,1.097757
5758,-0.422392
5759,0.817920
5760,0.855822
5761,0.701714
5762,1.341238
5763,-1.281835
5764,0.056634
5765,0.582705
5766,0.033726
5767,1.336652
5768,0.829785
5769,1.030596
5770,0.626764
5771,0.093036
5772,-0.668000
5773,1.160396
5774,-0.795238
5775,0.290185
5776,1.113138
5777,0.481566
5778,0.636315
5779,1.115815
5780,0.620625
5781,-1.475069
5782,-1.390008
5783,-2.509676
5784,2.263081
5785,0.180443
5786,1.808798
5787,0.928480
5788,1.069112
5789,-0.060211
5790,0.937860
5791,0.651847
5792,0.164913
5793,-0.252454
5794,0.492064
5795,-0.165492
5796,0.095166
5797,1.260507
5798,-0.381241
5799,-1.034410
5800,-0.533676
5801,-1.101772
5802,-0.099158
5803,-0.938460
5804,0.696632
5805,-0.635665
5806,-0.739474
5807,0.772624
5808,-0.598812
5809,-0.814977
5810,-1.352444
5811,-1.535762
5812,-1.181195
5813,0.455648
5814,-0.427278
5815,1.071034
5816,-1.176667
5817,-0.612389
5818,-0.872725
5819,0.157694
5820,1.830679
5821,-1.636673
5822,-2.764004
5823,-0.407903
5824,0.181182
5825,0.839253
5826,0.596098
5827,0.173183
5828,-0.020787
5829,-0.502516
5830,-1.344499
5831,0.090138
5832,0.391541
5833,-0.493591
5834,-0.613124
5835,0.197469
5836,0.143905
5837,-0.079903
5838,-1.482764
5839,0.094077
5840,0.125549
5841,0.128657
5842,1.159492
5843,-0.530453
5844,2.343875
5845,-0.447795
5846,-0.550432
5847,-0.745925
5848,0.038182
5849,0.416473
5850,-0.780010
5851,0.314852
5852,1.762616
5853,-0.786644
5854,-0.196879
5855,-0.495391
5856,2.589587
5857,0.257278
5858,0.510840
5859,1.368968
5860,1.491051
5861,0.167807
5862,-0.609679
5863,-0.647041
5864,-1.400500
5865,-0.522039
5866,0.459539
5867,-0.840541
5868,-0.329257
5869,-1.747955
5870,0.455083
5871,-0.017522
5872,-0.540880
5873,1.819897
5874,1.889529
5875,-0.738351
5876,0.499399
5877,-0.397587
5878,-0.699917
5879,0.908984
5880,0.124620
5881,-0.025474
5882,-0.503893
5883,0.480691
5884,0.704405
5885,-1.995978
5886,-1.364728
5887,0.987677
5888,0.516149
5889,0.973861
5890,0.561399
5891,-1.668024
5892,-0.292178
5893,-1.212309
5894,-0.549549
5895,-1.503551
5896,-0.696439
5897,1.504054
5898,-0.319482
5899,-1.029441
5900,0.927249
5901,-1.075977
5902,-1.735473
5903,1.107459
5904,0.605901
5905,0.958120
5906,2.083790
5907,0.313934
5908,1.994522
5909,2.104449
5910,-0.696301
5911,-0.823422
5912,-1.284116
5913,0.279808
5914,-0.529976
5915,-0.223913
5916,-1.391217
5917,1.547879
5918,-0.961518
5919,-0.237550
5920,0.685036
5921,0.680834
5922,1.482027
5923,0.446469
5924,1.555780
5925,0.610535
5926,1.474998
5927,-0.407713
5928,1.198639
5929,-0.032842
5930,-0.135412
5931,-0.981745
5932,-0.530364
5933,-2.191666
5934,-1.337525
5935,-0.486729
5936,0.569812
5937,0.021476
5938,-1.523359
5939,-0.181081
5940,-0.491712
5941,1.470623
5942,0.382230
5943,-0.860978
5944,-2.032690
5945,-0.090498
5946,-1.227977
5947,0.805781
5948,-0.706819
5949,0.154386
5950,0.979918
5951,0.174439
5952,-0.823481
5953,0.979456
5954,0.661811
5955,-1.192686
5956,-0.027351
5957,1.138380
5958,0.535168
5959,0.557407
5960,-0.063641
5961,1.959338
5962,-0.229637
5963,1.077844
5964,0.549993
5965,0.328645
5966,0.346658
5967,-1.212682
5968,-1.865050
5969,-0.257915
5970,-0.890341
5971,0.089759
5972,1.225302
5973,0.667917
5974,0.747002
5975,0.288779
5976,1.772437
5977,1.106131
5978,-1.061110
5979,-0.735220
5980,0.191933
5981,-0.671436
5982,-0.368919
5983,0.276872
5984,1.225004
5985,2.852014
5986,0.849292
5987,0.478252
5988,0.409618
5989,-0.462555
5990,0.032886
5991,0.285276
5992,-0.051248
5993,0.958765
5994,0.786493
5995,1.712234
5996,0.622670
5997,1.107030
5998,0.525057
5999,1.219370
6000,-0.740307
6001,0.450967
6002,-0.611903
6003,1.022698
6004,2.240448
6005,1.261385
6006,2.175041
6007,0.425985
6008,-1.035521
6009,-1.376530
6010,-1.581746
6011,0.321211
6012,0.664551
6013,-0.598781
6014,0.150210
6015,1.732586
6016,1.885991
6017,-1.581932
6018,-0.044769
6019,0.474313
6020,-0.663512
6021,0.564456
6022,-0.203446
6023,-0.348180
6024,-0.171583
6025,0.504376
6026,0.094223
6027,0.137718
6028,0.308957
6029,0.797886
6030,-0.816843
6031,1.202819
6032,0.260651
6033,-2.033508
6034,-0.525576
6035,-0.371357
6036,-0.769524
6037,-0.813171
6038,0.332992
6039,0.399624
6040,1.227436
6041,-0.074323
6042,-0.628010
6043,0.196669
6044,0.165037
6045,0.450890
6046,1.022241
6047,1.056986
6048,-0.381001
6049,-0.047474
6050,-1.095016
6051,0.624985
6052,-0.716123
6053,-0.924288
6054,-0.515762
6055,-0.188812
6056,0.185426
6057,0.658182
6058,0.554568
6059,0.304318
6060,1.487757
6061,-0.301511
6062,-0.704619
6063,-0.428561
6064,-1.271127
6065,-0.074318
6066,0.029982
6067,-0.181445
6068,0.987837
6069,-0.487996
6070,0.713595
6071,1.773339
6072,0.209130
6073,0.266023
6074,-1.689653
6075,-1.691484
6076,1.307118
6077,0.618028
6078,-0.590308
6079,-1.020164
6080,1.187534
6081,-0.638229
6082,-1.630864
6083,0.605588
6084,0.116019
6085,-0.270062
6086,-2.237312
6087,-0.659531
6088,-0.099967
6089,0.298550
6090,-0.339652
6091,-2.437277
6092,-1.599604
6093,-0.789031
6094,0.196213
6095,-1.037070
6096,0.240083
6097,1.905232
6098,-0.496742
6099,-0.993210
6100,-1.164988
6101,-0.945531
6102,-0.091294
6103,-0.301164
6104,-0.291585
6105,-0.304879
6106,0.177055
6107,-0.205458
6108,0.632065
6109,0.199863
6110,1.275562
6111,0.895587
6112,-0.284974
6113,-0.199339
6114,-0.879819
6115,-1.536723
6116,-1.385850
6117,-0.333297
6118,-1.649110
6119,-1.487274
6120,-1.915225
6121,1.321006
6122,0.236266
6123,1.297444
6124,-0.192628
6125,-0.622487
6126,-1.328473
6127,-0.279094
6128,0.270983
6129,0.662130
6130,-0.086549
6131,0.691133
6132,2.643952
6133,-0.790611
6134,-0.247415
6135,1.561086
6136,0.204518
6137,0.357596
6138,2.038832
6139,0.476476
6140,1.285760
6141,0.192942
6142,-0.982605
6143,0.355618
6144,0.720366
6145,-0.202729
6146,-0.669819
6147,0.890615
6148,0.099610
6149,-1.729284
6150,-0.319904
6151,2.035417
6152,-0.256249
6153,0.375394
6154,-0.222612
6155,-0.488087
6156,-0.433930
6157,-0.629052
6158,0.366531
6159,-0.614303
6160,0.381651
6161,0.813973
6162,-0.637240
6163,0.406043
6164,-0.940558
6165,0.130370
6166,0.099698
6167,0.338985
6168,-0.392698
6169,-0.489025
6170,0.648465
6171,-0.664631
6172,-0.630537
6173,-0.123459
6174,-0.444830
6175,-0.194910
6176,0.209485
6177,-1.435078
6178,-0.793066
6179,-0.585870
6180,-0.363492
6181,-0.724258
6182,-1.211985
6183,0.735408
6184,-1.677597
6185,0.754016
6186,-0.615579
6187,0.010279
6188,0.975310
6189,1.271424
6190,-0.224702
6191,-1.980198
6192,-0.099702
6193,-0.023166
6194,0.114199
6195,0.549328
6196,-0.540754
6197,-0.466162
6198,0.467957
6199,-0.011618
6200,1.465102
6201,0.439361
6202,-0.382045
6203,-0.509308
6204,1.156778
6205,0.831179
6206,0.928057
6207,-0.813320
6208,1.685132
6209,2.051613
6210,1.828325
6211,0.540227
6212,-0.631372
6213,1.083757
6214,0.402754
6215,0.595417
6216,-0.687650
6217,-1.841938
6218,0.088505
6219,0.454014
6220,-1.277424
6221,1.304770
6222,-0.156168
6223,0.771469
6224,-0.306302
6225,1.547017
6226,0.748106
6227,0.789982
6228,-1.564814
6229,-0.284300
6230,-1.127038
6231,0.469846
6232,0.765679
6233,0.158703
6234,0.456350
6235,1.045362
6236,-0.145718
6237,0.831859
6238,1.356515
6239,0.230045
6240,-0.719209
6241,1.093598
6242,1.381595
6243,1.294797
6244,1.185295
6245,-0.282883
6246,0.242074
6247,0.509163
6248,0.152813
6249,-0.287458
6250,-1.514600
6251,0.437064
6252,-1.421994
6253,-1.426217
6254,0.586515
6255,0.715623
6256,-0.606249
6257,-0.770413
6258,-0.255266
6259,0.464453
6260,1.514089
6261,-0.151284
6262,0.811039
6263,-0.820072
6264,0.967196
6265,0.594765
6266,0.134678
6267,-0.866840
6268,-2.176899
6269,0.570836
6270,1.253978
6271,0.082057
6272,2.293524
6273,0.917391
6274,-0.986679
6275,0.457695
6276,-0.831958
6277,-1.501556
6278,-0.274125
6279,1.035638
6280,0.861660
6281,2.279561
6282,0.856111
6283,-0.050007
6284,-0.707028
6285,0.248138
6286,1.156587
6287,0.098118
6288,-0.276670
6289,0.601874
6290,0.154296
6291,-0.960488
6292,0.863292
6293,-0.421288
6294,0.614124
6295,1.550380
6296,-0.617571
6297,-0.266968
6298,0.236058
6299,-1.088422
6300,0.254563
6301,0.763283
6302,-0.164741
6303,-0.010147
6304,-0.600451
6305,-0.034408
6306,0.134339
6307,-0.096740
6308,-0.554151
6309,-0.238335
6310,-0.321266
6311,-1.009915
6312,-0.818219
6313,0.481691
6314,0.141990
6315,-0.827196
6316,0.754938
6317,-2.114756
6318,-1.204267
6319,-1.651597
6320,-0.292622
6321,-0.499568
6322,-1.941935
6323,-1.007050
6324,0.344967
6325,1.760054
6326,2.151089
6327,1.076989
6328,0.660316
6329,0.053150
6330,0.195673
6331,-0.061470
6332,1.346059
6333,-0.053751
6334,0.863701
6335,0.614054
6336,-0.501036
6337,1.748683
6338,0.936530
6339,-0.028879
6340,-0.434731
6341,0.496427
6342,0.857854
6343,-1.050477
6344,-0.675279
6345,-1.351990
6346,-1.150126
6347,-0.432382
6348,-1.813291
6349,0.754972
6350,0.126680
6351,0.857635
6352,0.361839
6353,1.384400
6354,1.854160
6355,-1.391836
6356,0.133267
6357,0.695385
6358,-0.610008
6359,-0.347725
6360,-2.456126
6361,-1.176452
6362,1.671753
6363,0.993036
6364,0.087355
6365,-1.190515
6366,0.770903
6367,-0.054959
6368,0.983242
6369,-0.508821
6370,-0.403767
6371,0.065971
6372,-0.043929
6373,-0.563476
6374,-0.491116
6375,-1.132449
6376,-0.092078
6377,-0.617112
6378,-0.126592
6379,-0.433743
6380,-1.132761
6381,0.219882
6382,0.591759
6383,0.740733
6384,-0.046540
6385,-0.354991
6386,0.213382
6387,-1.302791
6388,0.743189
6389,-1.023407
6390,0.646293
6391,-1.968840
6392,-0.720005
6393,-0.755306
6394,-0.737110
6395,0.712959
6396,-1.156612
6397,0.012631
6398,-0.304196
6399,-0.807697
6400,0.181575
6401,-0.981608
6402,-0.314736
6403,0.987388
6404,0.234287
6405,1.075915
6406,-1.732681
6407,-0.693250
6408,-0.211610
6409,0.633052
6410,-1.308047
6411,-0.105791
6412,-0.747146
6413,0.543086
6414,-0.089789
6415,-0.733885
6416,-1.865117
6417,-0.590230
6418,-0.953902
6419,0.363617
6420,-0.607176
6421,-1.038376
6422,1.051938
6423,2.511912
6424,1.386210
6425,0.209312
6426,-0.009209
6427,-2.842556
6428,-1.834921
6429,-1.697128
6430,-0.848332
6431,-2.149232
6432,-1.114734
6433,-0.498066
6434,0.422994
6435,2.203594
6436,1.984073
6437,1.022818
6438,-0.754105
6439,-0.313547
6440,-0.042038
6441,-0.776289
6442,-1.877608
6443,-0.409105
6444,0.427569
6445,-0.051492
6446,-2.425004
6447,0.326396
6448,0.143489
6449,-0.536175
6450,0.652962
6451,-0.547295
6452,1.108173
6453,1.449296
6454,2.081821
6455,0.450291
6456,0.014667
6457,-0.316880
6458,0.351436
6459,0.907245
6460,0.703950
6461,1.020094
6462,-0.378127
6463,-1.513665
6464,-0.376026
6465,-0.042544
6466,1.182926
6467,0.748100
6468,1.380740
6469,1.535754
6470,0.623038
6471,2.010597
6472,1.220119
6473,1.927821
6474,-1.820023
6475,-0.984679
6476,-1.719102
6477,-1.713006
6478,-0.844200
6479,0.334799
6480,0.812566
6481,0.265973
6482,0.908352
6483,0.473467
6484,0.923523
6485,0.586962
6486,-1.104084
6487,-0.116203
6488,0.260696
6489,-0.748121
6490,-0.503362
6491,0.915125
6492,0.867559
6493,0.218270
6494,0.198745
6495,0.202013
6496,1.317911
6497,-0.531608
6498,-0.809081
6499,0.418952
6500,-0.686396
6501,-0.651316
6502,-2.033036
6503,-0.659030
6504,-1.614812
6505,-1.032814
6506,-0.226535
6507,0.753917
6508,1.909617
6509,1.641167
6510,-0.110381
6511,-1.967790
6512,0.285174
6513,0.361727
6514,0.492135
6515,0.595029
6516,0.079081
6517,-0.938394
6518,-1.158682
6519,1.373135
6520,1.164543
6521,1.023752
6522,0.085308
6523,-0.507280
6524,-0.212240
6525,-0.825389
6526,1.470655
6527,0.218012
6528,-0.904395
6529,0.586396
6530,1.399845
6531,2.019530
6532,1.740505
6533,0.917778
6534,0.682142
6535,2.122666
6536,0.976539
6537,-0.497290
6538,-1.295700
6539,-1.099078
6540,0.562210
6541,1.546615
6542,-0.627873
6543,0.798738
6544,-0.633413
6545,0.324522
6546,-0.046534
6547,-1.502203
6548,1.041967
6549,0.262587
6550,0.860206
6551,2.970360
6552,0.707593
6553,0.299009
6554,1.822928
6555,0.056193
6556,0.549638
6557,-0.847012
6558,-0.626328
6559,-1.023574
6560,0.429159
6561,-0.919672
6562,-0.660765
6563,-0.280237
6564,-0.896320
6565,1.888499
6566,1.655085
6567,2.560223
6568,-1.267204
6569,-0.337721
6570,0.927100
6571,-2.719182
6572,-0.018147
6573,0.356500
6574,0.958385
6575,0.280523
6576,-0.726802
6577,0.556523
6578,-0.215397
6579,0.363105
6580,0.967320
6581,-0.558612
6582,1.037123
6583,-0.237459
6584,1.322410
6585,0.575142
6586,1.550726
6587,-0.646472
6588,0.335072
6589,0.409818
6590,-1.008421
6591,0.713461
6592,-0.579304
6593,-0.833410
6594,-1.402394
6595,-0.113113
6596,1.946876
6597,1.379471
6598,-0.076304
6599,1.290290
6600,1.735938
6601,0.503833
6602,0.657302
6603,1.211787
6604,0.144729
6605,-0.322065
6606,-0.299568
6607,0.102005
6608,-0.566472
6609,-1.699937
6610,-1.393512
6611,-0.583287
6612,0.197206
6613,-0.855433
6614,-1.836441
6615,-1.229990
6616,-1.964014
6617,0.605974
6618,0.899439
6619,0.489405
6620,-0.127368
6621,0.401963
6622,0.687718
6623,0.950585
6624,-0.474319
6625,-1.283463
6626,-0.879985
6627,-0.956663
6628,-0.414192
6629,0.376198
6630,1.817306
6631,-0.234783
6632,0.090100
6633,2.214961
6634,1.589412
6635,2.051275
6636,0.890470
6637,-0.553877
6638,-1.104327
6639,1.546493
6640,-0.050943
6641,-1.089430
6642,-1.131553
6643,-2.000057
6644,-0.304305
6645,0.284862
6646,1.411196
6647,1.992454
6648,0.617517
6649,0.921253
6650,0.455106
6651,1.598279
6652,0.663074
6653,-1.355959
6654,-0.822381
6655,1.356789
6656,0.323275
6657,1.133655
6658,0.977919
6659,0.644121
6660,1.237537
6661,1.083608
6662,-0.673604
6663,-2.450159
6664,0.920271
6665,1.510164
6666,0.446978
6667,0.042184
6668,0.616657
6669,1.697381
6670,0.100232
6671,-0.077570
6672,-0.622576
6673,0.086708
6674,0.863613
6675,1.120918
6676,0.982923
6677,-0.202088
6678,-0.893254
6679,-0.032778
6680,-1.496377
6681,-0.484598
6682,0.969612
6683,-0.703986
6684,1.313007
6685,0.811874
6686,1.688940
6687,-1.625981
6688,-1.136445
6689,0.407655
6690,0.098672
6691,-1.169047
6692,0.323193
6693,1.969055
6694,1.312627
6695,0.406247
6696,-0.367248
6697,0.617385
6698,0.016743
6699,-1.135597
6700,1.235888
6701,0.343564
6702,-0.092311
6703,-0.205812
6704,-0.866624
6705,0.966828
6706,0.546155
6707,-1.010709
6708,-1.130803
6709,-1.024178
6710,0.233785
6711,0.646242
6712,0.486317
6713,0.344143
6714,-1.115595
6715,-1.995163
6716,-1.244149
6717,-0.245800
6718,-0.219597
6719,1.110368
6720,-0.205125
6721,-0.404511
6722,-0.474817
6723,-0.844320
6724,-0.286720
6725,0.509545
6726,-1.233750
6727,-0.005284
6728,0.348535
6729,0.705531
6730,-0.347619
6731,-1.430254
6732,-1.507919
6733,1.470493
6734,0.055318
6735,-1.736350
6736,-1.309010
6737,-0.780255
6738,-0.665986
6739,0.468004
6740,-0.012247
6741,-0.029622
6742,-0.538771
6743,0.122548
6744,0.083181
6745,-0.445254
6746,1.136562
6747,0.124010
6748,-0.231583
6749,-2.598844
6750,0.170260
6751,0.605086
6752,-0.116068
6753,-1.190720
6754,-2.173383
6755,-0.528638
6756,0.125177
6757,1.601872
6758,-0.094026
6759,0.706597
6760,-1.754161
6761,0.371775
6762,1.183427
6763,1.238180
6764,0.554484
6765,0.250398
6766,-0.087791
6767,1.802711
6768,0.109838
6769,0.185640
6770,0.620320
6771,-2.468100
6772,-1.302904
6773,1.048065
6774,-0.900272
6775,-1.699352
6776,-0.013992
6777,0.982272
6778,0.625118
6779,-0.730195
6780,0.521262
6781,1.492348
6782,1.168960
6783,0.439005
6784,0.363949
6785,1.789034
6786,-0.572876
6787,-0.674883
6788,-0.857552
6789,-0.502049
6790,0.797280
6791,3.162167
6792,2.498264
6793,-0.068143
6794,0.444704
6795,-1.303009
6796,1.933836
6797,2.339915
6798,-0.942708
6799,-0.368465
6800,0.288761
6801,0.591627
6802,0.576719
6803,-0.655320
6804,-1.218033
6805,-0.489640
6806,-0.060788
6807,-2.194311
6808,-0.670463
6809,-0.737708
6810,0.289997
6811,0.198878
6812,-0.945435
6813,-0.166787
6814,-1.258096
6815,1.207815
6816,-0.905009
6817,-0.567773
6818,-0.689233
6819,0.986756
6820,0.086395
6821,0.276310
6822,1.998854
6823,-0.666756
6824,0.362671
6825,-0.090583
6826,0.882225
6827,-0.023458
6828,-0.920770
6829,0.344992
6830,-0.791484
6831,-0.132035
6832,-1.104287
6833,-0.296773
6834,-1.717310
6835,-0.164756
6836,-1.589936
6837,0.121799
6838,-0.460928
6839,-0.278414
6840,0.352123
6841,2.570662
6842,-1.288908
6843,-0.830537
6844,-0.506830
6845,0.165217
6846,-0.140675
6847,-0.350742
6848,0.054678
6849,-0.397645
6850,0.776080
6851,2.721786
6852,0.748004
6853,-0.456399
6854,-0.112397
6855,-0.314068
6856,-1.987267
6857,3.056238
6858,0.970925
6859,1.684565
6860,-0.370917
6861,1.533723
6862,0.934647
6863,-0.663297
6864,-1.254193
6865,1.852382
6866,1.422112
6867,-0.151772
6868,-1.323059
6869,-0.397207
6870,-0.087902
6871,0.147594
6872,-0.541298
6873,-1.655167
6874,-1.640367
6875,1.318771
6876,-0.016089
6877,1.215138
6878,-0.261508
6879,-0.893648
6880,-0.884913
6881,0.569734
6882,-1.017393
6883,0.242075
6884,1.656819
6885,1.923419
6886,-0.149096
6887,-0.787090
6888,-1.241439
6889,-0.909856
6890,-1.769896
6891,-0.244427
6892,-0.661931
6893,-0.083924
6894,1.244532
6895,1.971391
6896,-1.251245
6897,1.083134
6898,-0.849804
6899,-1.550395
6900,2.263003
6901,2.375586
6902,-0.126539
6903,-1.224328
6904,1.573109
6905,0.269006
6906,-0.153766
6907,0.202168
6908,0.757393
6909,0.609059
6910,0.007543
6911,-0.725698
6912,-0.768657
6913,-1.518181
6914,-0.217992
6915,1.808811
6916,1.045074
6917,-0.222254
6918,-0.555495
6919,1.743708
6920,1.361086
6921,1.165753
6922,1.291191
6923,0.273139
6924,1.083288
6925,0.781007
6926,-1.850124
6927,-0.506269
6928,-0.094725
6929,0.204182
6930,0.106402
6931,0.430575
6932,-0.684038
6933,0.544109
6934,0.954814
6935,-0.026868
6936,-1.484938
6937,-1.259720
6938,-1.666521
6939,2.281261
6940,-0.151424
6941,-0.014459
6942,1.950648
6943,-0.126561
6944,-0.424561
6945,-1.170583
6946,0.385726
6947,0.778155
6948,-0.374895
6949,0.569238
6950,-1.021978
6951,-0.763573
6952,-1.891484
6953,1.368081
6954,0.464130
6955,-0.689981
6956,0.386784
6957,-1.243501
6958,-0.404582
6959,-0.046702
6960,-1.286582
6961,0.907838
6962,0.638874
6963,0.184180
6964,-0.506313
6965,-2.475027
6966,-1.261463
6967,0.462014
6968,1.057586
6969,0.458471
6970,-0.863558
6971,-1.361341
6972,-1.061515
6973,-0.414331
6974,-1.476936
6975,-0.455071
6976,0.618653
6977,0.164146
6978,-2.031034
6979,-0.925973
6980,-0.784581
6981,-2.486911
6982,1.436085
6983,0.733469
6984,0.923990
6985,-1.211110
6986,2.004208
6987,1.354389
6988,0.046512
6989,0.230573
6990,-0.907003
6991,0.101114
6992,-1.646071
6993,-1.001235
6994,0.160137
6995,-1.420622
6996,-1.029579
6997,0.019172
6998,1.659764
6999,-1.017296
7000,0.692375
7001,2.786505
7002,0.736217
7003,0.943678
7004,0.750261
7005,-0.309245
7006,-1.161815
7007,-0.148597
7008,-0.072541
7009,-1.095917
7010,0.303615
7011,-0.870630
7012,0.975938
7013,1.310361
7014,1.857509
7015,1.468300
7016,1.554527
7017,-0.959285
7018,0.089375
7019,1.193025
7020,-0.338212
7021,-1.407072
7022,-1.475702
7023,0.106918
7024,-0.175271
7025,-0.220834
7026,-1.143150
7027,-1.718015
7028,1.240666
7029,0.817699
7030,1.444656
7031,0.257402
7032,1.533327
7033,0.268100
7034,-0.167835
7035,0.827623
7036,0.951493
7037,-0.445159
7038,0.005377
7039,-0.303371
7040,1.771051
7041,1.438040
7042,0.780027
7043,-0.351226
7044,-0.399335
7045,-1.076902
7046,-1.049115
7047,-0.393734
7048,0.168804
7049,0.744405
7050,1.172242
7051,0.336828
7052,-0.283506
7053,2.344163
7054,1.438515
7055,0.602483
7056,2.653105
7057,1.429332
7058,-1.164039
7059,-0.367272
7060,-1.112849
7061,0.846829
7062,-0.901594
7063,1.026442
7064,-0.241558
7065,0.621047
7066,0.244449
7067,1.663543
7068,1.239574
7069,-1.106986
7070,-0.897867
7071,0.053624
7072,1.099759
7073,1.198638
7074,-0.010797
7075,-0.772979
7076,-0.649419
7077,-0.322139
7078,1.055864
7079,-0.398483
7080,1.259653
7081,0.344169
7082,-1.046864
7083,0.810438
7084,-1.872297
7085,-3.273318
7086,-1.854282
7087,-0.648902
7088,-0.299617
7089,1.217046
7090,-0.142927
7091,-0.084904
7092,-1.156734
7093,-0.642421
7094,-0.575147
7095,-0.957118
7096,-1.137199
7097,-0.168003
7098,0.722530
7099,0.428575
7100,-0.362434
7101,1.134144
7102,0.349689
7103,1.072183
7104,0.022802
7105,-0.086886
7106,1.244594
7107,0.427254
7108,0.142865
7109,-1.302082
7110,-0.207583
7111,0.344887
7112,-0.741193
7113,-0.534818
7114,1.176651
7115,1.160024
7116,-1.256935
7117,0.132315
7118,0.152482
7119,-0.167800
7120,-0.178135
7121,-0.287748
7122,0.966867
7123,0.853765
7124,0.836662
7125,1.276189
7126,1.110428
7127,-0.776408
7128,-0.084436
7129,-1.568459
7130,0.976601
7131,-0.312900
7132,-0.754292
7133,0.713950
7134,-0.216576
7135,0.032387
7136,-0.049688
7137,-2.366888
7138,-1.027137
7139,-0.930872
7140,-0.606195
7141,1.265183
7142,-0.049441
7143,-1.038461
7144,0.309096
7145,-0.839462
7146,-0.601339
7147,-0.244567
7148,0.311131
7149,0.861112
7150,0.497438
7151,-0.392111
7152,0.274804
7153,-1.333903
7154,-0.791623
7155,-0.635543
7156,-1.124213
7157,1.074735
7158,-0.073864
7159,2.388380
7160,-0.065191
7161,-0.059285
7162,-0.586085
7163,-1.196517
7164,1.374947
7165,-0.670110
7166,-0.508987
7167,1.676567
7168,0.524485
7169,0.134575
7170,-0.291317
7171,0.764547
7172,-0.720265
7173,0.812553
7174,-0.559208
7175,1.925142
7176,1.513350
7177,0.942033
7178,1.426947
7179,0.607773
7180,1.793616
7181,1.231824
7182,1.651721
7183,1.442659
7184,-0.622375
7185,-1.213330
7186,0.205327
7187,0.322592
7188,1.098559
7189,0.333823
7190,0.996904
7191,-0.624555
7192,-0.858827
7193,0.767529
7194,1.604056
7195,0.571539
7196,0.167080
7197,-0.973380
7198,-0.842373
7199,0.679387
7200,1.089223
7201,0.283806
7202,0.026181
7203,-0.580695
7204,-0.044069
7205,-0.046636
7206,-2.259935
7207,-0.062399
7208,0.361214
7209,1.733590
7210,-0.320440
7211,0.160028
7212,0.366775
7213,-1.132354
7214,-0.967411
7215,-1.289021
7216,-1.255176
7217,0.384485
7218,0.262304
7219,1.162862
7220,0.226400
7221,1.379144
7222,0.428801
7223,-0.329726
7224,1.047267
7225,0.037646
7226,-0.576771
7227,-1.520238
7228,-1.938193
7229,-2.298250
7230,0.060859
7231,-0.176001
7232,1.966721
7233,0.843683
7234,1.645094
7235,1.272940
7236,0.793826
7237,1.853142
7238,-2.221168
7239,0.368952
7240,-0.875460
7241,-0.723415
7242,-1.133848
7243,1.286561
7244,1.324252
7245,-0.306765
7246,1.302211
7247,-2.085464
7248,-1.245456
7249,0.298990
7250,-1.637133
7251,-0.109099
7252,0.656984
7253,-0.987196
7254,0.504363
7255,-0.126098
7256,-0.964724
7257,-1.294667
7258,0.192850
7259,1.168340
7260,-0.327526
7261,1.264194
7262,-0.881546
7263,-0.663406
7264,-1.374870
7265,0.125662
7266,2.190118
7267,2.356803
7268,1.009194
7269,0.636968
7270,0.251908
7271,2.052601
7272,2.431996
7273,-0.659804
7274,1.151472
7275,0.314526
7276,-0.458097
7277,-1.199663
7278,-0.434258
7279,-0.378385
7280,0.454911
7281,-1.844147
7282,0.690085
7283,1.310816
7284,-1.395362
7285,0.139912
7286,0.585277
7287,0.343255
7288,-0.430807
7289,1.421022
7290,-1.115914
7291,1.594693
7292,1.510303
7293,-0.687646
7294,-0.282041
7295,0.064518
7296,0.601457
7297,1.565119
7298,0.203049
7299,-1.117329
7300,1.912243
7301,-0.060348
7302,0.778469
7303,0.111895
7304,0.827319
7305,0.625183
7306,0.922384
7307,-1.434736
7308,-0.328503
7309,-1.889811
7310,-1.002154
7311,0.298941
7312,2.642498
7313,-2.430690
7314,-0.377321
7315,0.676307
7316,0.724658
7317,2.233145
7318,0.088498
7319,-1.262451
7320,-0.636440
7321,-1.104351
7322,1.062971
7323,0.508792
7324,-0.500205
7325,1.327850
7326,1.531421
7327,0.478441
7328,1.056319
7329,-0.669405
7330,0.706827
7331,0.148199
7332,1.163715
7333,-0.166607
7334,1.059361
7335,2.124783
7336,-0.419992
7337,-1.217564
7338,0.440150
7339,0.681836
7340,-0.563463
7341,0.537084
7342,0.689573
7343,0.236430
7344,0.815799
7345,2.049253
7346,0.961530
7347,2.416854
7348,0.556185
7349,0.106856
7350,-0.151103
7351,0.555208
7352,-0.587999
7353,-0.083431
7354,-0.869591
7355,-0.489045
7356,-0.584351
7357,-0.194376
7358,0.183452
7359,0.663696
7360,2.528816
7361,1.048937
7362,2.212744
7363,-0.293916
7364,-0.301523
7365,-0.124589
7366,-2.182588
7367,0.867955
7368,0.652978
7369,-2.689806
7370,-1.283691
7371,-1.373511
7372,-3.107466
7373,-0.778326
7374,-0.824433
7375,-0.072258
7376,-0.641334
7377,-0.523855
7378,-0.589192
7379,-0.544311
7380,-0.629476
7381,1.166075
7382,1.559876
7383,-0.119240
7384,0.520167
7385,1.029799
7386,0.007999
7387,1.978870
7388,1.273740
7389,0.034102
7390,0.084043
7391,1.121889
7392,-0.259461
7393,-0.194428
7394,-0.014440
7395,-0.352835
7396,0.912009
7397,0.029088
7398,-0.864898
7399,-0.393396
7400,-0.712040
7401,-0.984408
7402,0.639142
7403,-0.532157
7404,0.413869
7405,-0.420325
7406,1.071080
7407,1.651506
7408,0.081893
7409,-0.359435
7410,-0.599751
7411,-0.192532
7412,-0.047675
7413,-0.273602
7414,-0.809811
7415,0.347498
7416,-1.247986
7417,-1.278564
7418,1.077541
7419,0.863687
7420,0.783525
7421,-0.037805
7422,-1.175790
7423,0.600681
7424,-1.595460
7425,0.644410
7426,0.448231
7427,0.453854
7428,0.436401
7429,-1.743347
7430,-0.820341
7431,-0.694340
7432,-1.524484
7433,-0.894600
7434,-1.010046
7435,-0.325052
7436,-1.973950
7437,-2.593357
7438,-0.391405
7439,-1.023725
7440,0.112815
7441,-1.297466
7442,-1.542286
7443,-0.625142
7444,-1.781722
7445,0.662613
7446,0.599010
7447,1.115381
7448,0.890665
7449,0.329017
7450,-1.098312
7451,0.082988
7452,-0.059186
7453,-0.727574
7454,0.143860
7455,0.196348
7456,0.281466
7457,-1.731980
7458,-1.451979
7459,0.390202
7460,-0.168867
7461,1.731533
7462,-0.294703
7463,0.812272
7464,0.302930
7465,-1.999176
7466,0.284065
7467,-0.737882
7468,-2.224162
7469,1.147214
7470,0.442859
7471,-1.434811
7472,-1.623162
7473,-1.600712
7474,-0.693873
7475,0.346827
7476,-0.308750
7477,1.132908
7478,-0.467729
7479,1.877810
7480,1.764463
7481,-1.229520
7482,0.603146
7483,-2.466861
7484,-0.741751
7485,0.180506
7486,0.399928
7487,1.248249
7488,-1.078103
7489,0.148844
7490,-0.043805
7491,-0.918828
7492,-1.540174
7493,-1.075574
7494,1.532117
7495,-0.947105
7496,0.947510
7497,0.176787
7498,-0.880903
7499,0.717624
7500,0.304552
7501,-1.214785
7502,1.156329
7503,0.601634
7504,-0.177720
7505,-1.215884
7506,0.472762
7507,-0.825143
7508,-2.684908
7509,-1.023614
7510,0.368660
7511,0.194300
7512,0.716652
7513,-0.658721
7514,-0.559888
7515,0.289929
7516,-0.287197
7517,0.106077
7518,0.772942
7519,-0.278383
7520,1.693513
7521,0.288760
7522,0.353101
7523,-0.485884
7524,-0.246095
7525,0.841884
7526,-0.785140
7527,0.104835
7528,-0.882915
7529,0.691194
7530,0.573532
7531,0.185775
7532,0.381879
7533,0.127196
7534,0.557362
7535,0.971813
7536,0.096041
7537,0.179881
7538,0.128781
7539,-0.479120
7540,-0.378432
7541,0.181726
7542,1.173767
7543,0.003426
7544,1.161970
7545,1.127043
7546,-0.808788
7547,-0.763619
7548,0.034203
7549,1.390909
7550,-0.765197
7551,0.848217
7552,0.280301
7553,1.399895
7554,-0.099643
7555,0.611257
7556,-0.112422
7557,2.264393
7558,0.743213
7559,1.934753
7560,0.486740
7561,-1.871807
7562,-0.225186
7563,-0.142254
7564,1.340669
7565,-1.098271
7566,-0.727074
7567,-2.661678
7568,-1.502761
7569,-0.826036
7570,0.672686
7571,1.196887
7572,-0.169308
7573,1.160889
7574,1.474458
7575,0.124338
7576,-0.289901
7577,-0.829242
7578,-2.040914
7579,0.090084
7580,0.462394
7581,1.154775
7582,0.566136
7583,-2.615596
7584,-1.089930
7585,-0.759115
7586,0.848791
7587,0.060981
7588,-0.440051
7589,-0.149772
7590,0.158427
7591,0.026645
7592,0.038148
7593,-2.071581
7594,0.303804
7595,-0.008164
7596,1.105935
7597,-0.742286
7598,-0.242766
7599,-0.457930
7600,-0.457773
7601,-1.607977
7602,-1.060877
7603,0.129292
7604,-0.692512
7605,-2.067763
7606,-1.924064
7607,0.966983
7608,-1.316160
7609,0.766280
7610,0.826055
7611,2.049794
7612,0.681280
7613,1.322049
7614,-0.769863
7615,-0.858710
7616,0.816790
7617,-0.549668
7618,-0.767699
7619,-0.968935
7620,0.777700
7621,-0.877148
7622,-0.412106
7623,-0.573151
7624,1.252111
7625,1.299349
7626,-0.033359
7627,-0.968721
7628,-0.740391
7629,0.787402
7630,-0.133761
7631,0.218292
7632,1.141919
7633,0.881749
7634,-0.718707
7635,0.294578
7636,-0.278170
7637,0.537965
7638,1.319854
7639,1.017290
7640,0.420253
7641,0.216001
7642,0.154712
7643,0.074006
7644,-0.003091
7645,0.122265
7646,1.149514
7647,0.873591
7648,0.509865
7649,-1.491195
7650,-0.516277
7651,0.226899
7652,0.221308
7653,-1.452594
7654,-0.350190
7655,-0.083130
7656,0.595527
7657,-0.331537
7658,-0.752457
7659,-0.856526
7660,0.338279
7661,-0.589077
7662,-0.857902
7663,0.422431
7664,1.857306
7665,0.370230
7666,-0.717821
7667,0.867976
7668,1.435119
7669,-0.181850
7670,0.258324
7671,0.779885
7672,0.576958
7673,0.693998
7674,-0.311680
7675,0.727209
7676,-0.006509
7677,-0.086497
7678,-0.990371
7679,-0.993672
7680,-0.465262
7681,0.953693
7682,1.370811
7683,0.755759
7684,-0.775260
7685,-0.219133
7686,0.007995
7687,0.754250
7688,1.485411
7689,0.376801
7690,1.169087
7691,-0.163475
7692,1.550202
7693,1.077902
7694,-1.468462
7695,-0.398815
7696,-0.019660
7697,1.150237
7698,0.414757
7699,-1.743240
7700,-1.145003
7701,-2.753405
7702,0.564145
7703,-0.305473
7704,-0.432682
7705,-1.490613
7706,-0.821974
7707,0.998807
7708,1.129988
7709,0.372047
7710,-0.408788
7711,-2.764443
7712,-1.133677
7713,-1.790641
7714,-2.693722
7715,-1.756247
7716,-1.254804
7717,-0.480431
7718,-0.850974
7719,-0.890992
7720,0.048671
7721,-0.904852
7722,-1.683877
7723,0.341762
7724,1.139122
7725,0.340048
7726,-0.264292
7727,-0.413480
7728,-0.418847
7729,-0.212843
7730,1.645407
7731,2.495111
7732,0.478755
7733,1.448463
7734,0.704438
7735,-1.322065
7736,-0.303330
7737,-0.761695
7738,-0.327667
7739,-0.158302
7740,0.807848
7741,0.224417
7742,1.090949
7743,-1.450355
7744,-0.162669
7745,-0.227203
7746,1.396756
7747,1.364421
7748,2.301761
7749,-0.573270
7750,-1.260402
7751,-1.001779
7752,-1.664341
7753,0.470387
7754,-0.891193
7755,-0.933690
7756,1.076063
7757,0.428900
7758,1.305314
7759,0.760916
7760,1.613689
7761,-0.181023
7762,-0.228211
7763,1.106231
7764,-0.009725
7765,-0.367645
7766,1.101262
7767,1.065231
7768,0.921946
7769,1.103118
7770,-0.873329
7771,-1.567002
7772,-1.132366
7773,-1.248800
7774,1.199103
7775,-1.520532
7776,-0.952267
7777,-0.075453
7778,1.040301
7779,0.497624
7780,-1.268915
7781,-0.763885
7782,-0.339996
7783,1.336496
7784,0.508841
7785,-0.005560
7786,0.260814
7787,36.894809
7788,39.882196
7789,40.649624
7790,40.594682
7791,38.751995
7792,41.610575
7793,41.644470
7794,45.892515
7795,40.815232
7796,42.287775
7797,40.268942
7798,39.777440
7799,40.443322
7800,39.743109
7801,42.268677
7802,40.251863
7803,39.858590
7804,39.926924
7805,40.857761
7806,40.708750
7807,38.543893
7808,40.181847
7809,40.843168
7810,44.720755
7811,42.945933
7812,40.627405
7813,44.929963
7814,45.360246
7815,42.271142
7816,38.186974
7817,41.583728
7818,38.080795
7819,38.310534
7820,40.620900
7821,39.579266
7822,43.679864
7823,41.764241
7824,43.589183
7825,40.469130
7826,43.279988
7827,42.345073
7828,43.826041
7829,41.771120
7830,43.839979
7831,43.747678
7832,40.462112
7833,41.799346
7834,43.685227
7835,44.314881
7836,11.130534
7837,1.892891
7838,0.000783
7839,-0.753823
7840,-0.408919
7841,1.149859
7842,-0.334546
7843,0.164898
7844,-0.155272
7845,-0.485876
7846,1.052643
7847,-0.320075
7848,0.340210
7849,1.575342
7850,1.720478
7851,-0.893213
7852,-0.570318
7853,1.142111
7854,0.513417
7855,-1.104704
7856,-1.247031
7857,-1.155055
7858,-0.471743
7859,-1.451288
7860,-1.248226
7861,-0.612718
7862,-1.803504
7863,-0.752851
7864,-1.617385
7865,0.190671
7866,1.270015
7867,-0.018910
7868,2.151134
7869,1.447590
7870,2.448779
7871,-0.167247
7872,1.882014
7873,1.191549
7874,0.520270
7875,-0.273744
7876,0.665117
7877,-0.738853
7878,-1.946883
7879,-0.637407
7880,-1.821661
7881,-0.136883
7882,-0.270774
7883,1.639524
7884,-0.087705
7885,-0.555312
7886,-0.936364
7887,0.771394
7888,0.712184
7889,-0.040708
7890,-0.008964
7891,0.528190
7892,-0.291057
7893,-0.773850
7894,-0.340702
7895,-0.276090
7896,0.977618
7897,0.164440
7898,-1.254756
7899,-2.086853
7900,-1.535126
7901,-1.134538
7902,0.267576
7903,1.549443
7904,-1.464206
7905,-0.492433
7906,0.505936
7907,-1.199039
7908,0.795570
7909,-0.028174
7910,-0.790511
7911,0.759323
7912,-0.229048
7913,-1.556686
7914,-0.028398
7915,-0.415628
7916,0.319155
7917,-1.179567
7918,0.863529
7919,0.573025
7920,0.719080
7921,-0.254833
7922,1.078139
7923,-0.350042
7924,2.902118
7925,1.155202
7926,1.673204
7927,0.097357
7928,-0.155154
7929,-0.848023
7930,-0.350969
7931,-0.280348
7932,-0.683923
7933,-0.850085
7934,-0.942068
7935,-0.848359
7936,1.005284
7937,-0.903561
7938,-0.428810
7939,0.286163
7940,-0.712359
7941,0.122073
7942,-1.735832
7943,0.879413
7944,-0.886069
7945,1.754892
7946,-1.057193
7947,0.095708
7948,-0.324287
7949,-1.438860
7950,1.912213
7951,-0.184040
7952,-0.007124
7953,-1.586665
7954,-1.053741
7955,0.687557
7956,-1.663615
7957,0.271261
7958,0.898672
7959,-1.422978
7960,0.090400
7961,0.482577
7962,-0.532700
7963,0.353758
7964,-0.296676
7965,0.145259
7966,0.895995
7967,-0.016377
7968,-0.734270
7969,-2.411338
7970,0.198732
7971,1.507029
7972,0.107362
7973,-0.766600
7974,0.592742
7975,-0.965189
7976,-1.217260
7977,0.128662
7978,-0.136607
7979,0.781732
7980,0.398487
7981,1.813853
7982,0.701041
7983,-0.124406
7984,1.838875
7985,0.566278
7986,0.151806
7987,0.430626
7988,0.212438
7989,1.044866
7990,0.302160
7991,0.974167
7992,0.413238
7993,-0.663128
7994,0.239301
7995,-0.693843
7996,0.577826
7997,-0.939841
7998,-0.459225
7999,-0.821374
8000,-0.738748
8001,1.133582
8002,-0.838616
8003,-0.868821
8004,0.970150
8005,2.665579
8006,0.130138
8007,-0.478871
8008,-1.287156
8009,-0.385080
8010,-1.032158
8011,-0.050104
8012,0.040615
8013,0.839309
8014,-1.160384
8015,0.889696
8016,0.293675
8017,2.091459
8018,1.235763
8019,0.693651
8020,-0.805365
8021,1.019498
8022,-1.298805
8023,1.325996
8024,1.064027
8025,1.596004
8026,1.083579
8027,0.770051
8028,2.352661
8029,-0.021947
8030,1.231176
8031,-0.266267
8032,-0.320264
8033,-2.522400
8034,-0.843075
8035,-0.771100
8036,0.151981
8037,-0.519362
8038,-1.075223
8039,-0.592580
8040,0.362275
8041,-0.054523
8042,-0.570963
8043,1.583437
8044,0.760572
8045,0.047215
8046,-0.988676
8047,-0.448179
8048,-1.215977
8049,-1.137226
8050,0.346207
8051,0.592849
8052,1.126220
8053,0.000655
8054,0.733819
8055,0.889170
8056,-0.041882
8057,-0.621718
8058,0.353990
8059,0.128753
8060,2.309704
8061,0.291459
8062,1.041920
8063,0.119961
8064,-0.438649
8065,-0.016013
8066,-0.445043
8067,0.127842
8068,1.333810
8069,-0.047949
8070,0.124686
8071,-0.312143
8072,0.257452
8073,0.072917
8074,1.034223
8075,-0.465046
8076,-0.276754
8077,0.773143
8078,-1.771669
8079,-0.784402
8080,2.008653
8081,0.092112
8082,-1.523088
8083,-0.520440
8084,1.888129
8085,0.772227
8086,1.087487
8087,0.751984
8088,0.610790
8089,-1.527307
8090,0.789510
8091,2.842895
8092,1.241178
8093,0.055838
8094,0.096373
8095,-1.328795
8096,-0.492922
8097,1.610145
8098,0.329519
8099,-0.630419
8100,0.879470
8101,-1.360627
8102,0.207803
8103,-2.259083
8104,-0.092596
8105,1.044065
8106,0.375260
8107,0.399970
8108,-0.620261
8109,-0.859409
8110,-0.378851
8111,1.276225
8112,-0.712768
8113,0.249607
8114,1.931093
8115,2.393737
8116,-0.107064
8117,0.092362
8118,-0.057270
8119,-0.567797
8120,-0.978200
8121,-0.008902
8122,0.062274
8123,0.097395
8124,0.010965
8125,-0.716030
8126,-0.701844
8127,1.944342
8128,-1.032164
8129,0.794967
8130,-0.027128
8131,0.425606
8132,-0.651469
8133,-0.169414
8134,-1.463326
8135,0.342978
8136,0.136785
8137,0.825518
8138,0.170136
8139,-0.080789
8140,-0.441509
8141,0.606496
8142,-1.233288
8143,0.150387
8144,-0.433198
8145,-0.167128
8146,-0.596232
8147,-0.458380
8148,-0.561426
8149,-0.273580
8150,-0.997104
8151,-0.731522
8152,1.241151
8153,1.803358
8154,1.486211
8155,0.826625
8156,-0.158487
8157,-0.743827
8158,0.460626
8159,-0.012856
8160,0.482975
8161,0.927150
8162,-0.252966
8163,-0.509841
8164,1.487593
8165,1.627669
8166,0.579752
8167,1.783689
8168,0.650330
8169,0.361823
8170,-1.163639
8171,-2.333315
8172,-0.759128
8173,-0.348538
8174,0.882991
8175,-0.101071
8176,1.535640
8177,0.719854
8178,1.699929
8179,0.727211
8180,3.060453
8181,-0.388718
8182,-0.181068
8183,-0.370816
8184,0.696399
8185,0.683194
8186,0.439352
8187,-0.192261
8188,-1.119937
8189,-2.186516
8190,-1.066262
8191,-0.924079
8192,-1.079005
8193,0.254411
8194,0.980065
8195,0.893307
8196,1.746552
8197,0.110204
8198,1.220002
8199,1.522121
8200,-1.228937
8201,-1.681553
8202,-0.380378
8203,-1.554359
8204,-0.073527
8205,-1.576008
8206,-0.197391
8207,2.056116
8208,0.802538
8209,-1.453257
8210,-0.735512
8211,-0.462818
8212,0.500894
8213,0.962347
8214,0.310171
8215,-0.365761
8216,0.494976
8217,-0.245370
8218,2.454930
8219,0.092729
8220,-0.455193
8221,-0.509774
8222,2.036852
8223,1.480319
8224,-0.046909
8225,-0.935028
8226,-0.456464
8227,-0.337597
8228,-0.590464
8229,1.168566
8230,-0.656179
8231,0.591105
8232,-0.268884
8233,-0.193407
8234,-0.289255
8235,0.563290
8236,1.297700
8237,0.992464
8238,3.327891
8239,2.400745
8240,2.230798
8241,2.102971
8242,2.633152
8243,1.268819
8244,1.524089
8245,1.553253
8246,0.073834
8247,-0.606060
8248,1.878325
8249,-0.187466
8250,-0.491794
8251,-0.105187
8252,-1.192685
8253,-0.712821
8254,-0.249180
8255,-0.003246
8256,-0.118113
8257,-0.094034
8258,-0.606436
8259,-0.433225
8260,-0.078249
8261,1.348472
8262,2.244857
8263,0.228663
8264,0.257803
8265,0.465516
8266,-1.285443
8267,-0.388875
8268,-1.374166
8269,0.154298
8270,-1.233528
8271,-0.124395
8272,-1.686179
8273,-0.119856
8274,1.241575
8275,1.016020
8276,0.838820
8277,-0.387826
8278,0.398621
8279,0.302788
8280,0.032940
8281,-1.416992
8282,-2.209968
8283,0.516608
8284,-0.473095
8285,1.476976
8286,-0.398199
8287,-0.710619
8288,0.088527
8289,0.631738
8290,-1.098354
8291,-1.019745
8292,-1.131828
8293,-0.626388
8294,1.041999
8295,-0.154203
8296,1.653785
8297,0.519052
8298,1.031434
8299,-1.689356
8300,-1.290040
8301,-0.302550
8302,-0.211311
8303,-0.329859
8304,-0.608998
8305,-1.901459
8306,0.073040
8307,0.713318
8308,-1.420602
8309,-0.918839
8310,1.427927
8311,-0.650616
8312,0.454091
8313,-1.582114
8314,0.117532
8315,0.723980
8316,-0.497922
8317,-0.088743
8318,0.110276
8319,-0.294621
8320,-0.298304
8321,-0.429250
8322,-0.822262
8323,0.149329
8324,1.438193
8325,2.141310
8326,0.773438
8327,1.172620
8328,0.282999
8329,2.314211
8330,0.410378
8331,-0.069240
8332,0.349087
8333,-0.739686
8334,1.948596
8335,-0.271846
8336,-0.796034
8337,-1.449493
8338,-1.008536
8339,1.086737
8340,0.734932
8341,1.380002
8342,1.514404
8343,0.431840
8344,0.305859
8345,1.725688
8346,-0.406591
8347,-0.545812
8348,0.100092
8349,0.157109
8350,0.317220
8351,0.134876
8352,-1.021580
8353,0.393088
8354,-0.073881
8355,1.221683
8356,2.603075
8357,0.494436
8358,-0.870714
8359,-0.514975
8360,-1.042654
8361,0.745050
8362,0.818826
8363,0.511276
8364,1.089151
8365,0.165792
8366,-0.397290
8367,-0.404768
8368,-0.658112
8369,-0.479577
8370,-0.466592
8371,0.801680
8372,0.357593
8373,0.899842
8374,1.016062
8375,0.263854
8376,1.036725
8377,1.250458
8378,1.937260
8379,1.330429
8380,1.196346
8381,-0.335344
8382,0.269079
8383,0.479565
8384,1.073726
8385,-0.056661
8386,-0.096220
8387,0.558681
8388,0.061398
8389,-0.858586
8390,0.969577
8391,0.286296
8392,-0.146652
8393,0.029445
8394,-0.130951
8395,0.776400
8396,0.397379
8397,-0.589699
8398,-0.735781
8399,0.693014
8400,-1.235104
8401,-1.155186
8402,-2.048906
8403,-2.159574
8404,-0.793490
8405,-0.185890
8406,0.841079
8407,1.915597
8408,0.896426
8409,1.171220
8410,-0.405732
8411,-0.201281
8412,-0.876148
8413,-1.438155
8414,-0.518240
8415,1.523844
8416,2.092231
8417,0.020236
8418,-0.457820
8419,-0.892074
8420,0.369273
8421,0.913319
8422,0.713532
8423,-0.976520
8424,0.155912
8425,-0.167942
8426,0.525663
8427,-0.355349
8428,-0.344739
8429,0.098681
8430,1.422701
8431,-0.313223
8432,-0.262779
8433,-0.382511
8434,0.602320
8435,0.330989
8436,0.470135
8437,-0.562056
8438,-1.645209
8439,0.978378
8440,-0.037466
8441,-0.628373
8442,-0.079495
8443,-0.258811
8444,0.516799
8445,-0.252214
8446,-1.516211
8447,0.073534
8448,1.199106
8449,1.247006
8450,0.956414
8451,-0.702887
8452,-0.443782
8453,-0.140961
8454,-0.427559
8455,0.939123
8456,0.775527
8457,-0.332316
8458,-0.760001
8459,1.906796
8460,-1.766569
8461,0.039967
8462,1.390155
8463,-1.714908
8464,-0.428455
8465,1.669116
8466,0.947483
8467,-0.308440
8468,-2.073249
8469,1.011761
8470,-0.578449
8471,0.239389
8472,2.174994
8473,-0.015497
8474,0.683434
8475,0.546402
8476,-2.092352
8477,-2.082812
8478,-0.416706
8479,0.872257
8480,0.880746
8481,-0.971579
8482,0.545150
8483,1.320951
8484,0.683373
8485,-0.161502
8486,1.294356
8487,0.211937
8488,0.199008
8489,-1.124642
8490,-0.194238
8491,-2.156544
8492,0.370945
8493,0.690596
8494,0.381116
8495,1.256222
8496,-0.692647
8497,-0.436354
8498,-2.300629
8499,-2.985332
8500,-1.108033
8501,-0.696621
8502,1.673776
8503,0.924728
8504,-0.164601
8505,0.154884
8506,0.652093
8507,0.656879
8508,0.761330
8509,0.698226
8510,-0.139059
8511,-0.048591
8512,-0.455740
8513,-0.449593
8514,0.579421
8515,-1.003495
8516,0.706625
8517,0.212357
8518,0.025237
8519,-0.346902
8520,-2.474100
8521,0.084396
8522,1.573813
8523,1.885449
8524,2.288098
8525,-0.646529
8526,0.625914
8527,0.202140
8528,-0.155085
8529,-1.894653
8530,0.326585
8531,1.845662
8532,1.634316
8533,0.817209
8534,0.124611
8535,0.431101
8536,0.616961
8537,0.491573
8538,-0.524429
8539,-1.487576
8540,0.726576
8541,0.563340
8542,-0.561754
8543,-0.762429
8544,-0.759806
8545,0.332822
8546,-0.062951
8547,-0.215956
8548,0.230138
8549,-1.121188
8550,-0.434450
8551,0.661124
8552,-0.513972
8553,0.556657
8554,1.212732
8555,1.103630
8556,-0.229287
8557,-1.071793
8558,-0.968749
8559,-1.793978
8560,-0.289417
8561,1.669149
8562,0.079811
8563,0.392536
8564,1.158655
8565,1.653111
8566,0.476517
8567,-1.710205
8568,1.079057
8569,-0.281666
8570,-0.289650
8571,-0.633325
8572,-0.563724
8573,-1.574937
8574,-0.829003
8575,0.226230
8576,-0.345738
8577,0.245710
8578,-0.895674
8579,-0.639556
8580,1.104596
8581,0.488478
8582,-0.278143
8583,1.053882
8584,1.229183
8585,-1.819520
8586,-0.197960
8587,-1.024084
8588,0.441243
8589,-1.040746
8590,-0.060576
8591,-1.518044
8592,-0.707751
8593,-0.691765
8594,-0.439136
8595,-0.360936
8596,0.924029
8597,1.320204
8598,-0.416598
8599,0.755028
8600,0.251229
8601,-0.359833
8602,-0.723234
8603,0.041945
8604,0.487656
8605,-0.158181
8606,0.241246
8607,0.122285
8608,0.883711
8609,0.999272
8610,-0.371800
8611,-0.291532
8612,0.293216
8613,-1.389137
8614,-1.805739
8615,-0.086982
8616,1.164279
8617,-1.372256
8618,0.020199
8619,-0.402509
8620,0.677617
8621,0.197457
8622,1.340570
8623,-0.069701
8624,0.362920
8625,-0.447620
8626,0.665028
8627,-0.816469
8628,-0.256142
8629,2.156744
8630,0.631491
8631,0.599904
8632,-1.050860
8633,-1.124657
8634,-0.821413
8635,-1.141852
8636,-0.424049
8637,0.588652
8638,-1.490844
8639,-1.449381
8640,-1.629121
8641,-0.189948
8642,0.480176
8643,-0.331852
8644,0.756248
8645,2.132007
8646,-0.102642
8647,-0.498616
8648,1.588530
8649,-0.344971
8650,-2.217095
8651,0.806939
8652,0.210900
8653,0.133656
8654,-0.519678
8655,0.389633
8656,1.062311
8657,1.569660
8658,0.058697
8659,-0.212360
8660,-0.181422
8661,-0.589333
8662,-0.728460
8663,0.424149
8664,0.756300
8665,0.263627
8666,1.322977
8667,0.112502
8668,-1.544942
8669,0.896153
8670,0.190101
8671,0.041556
8672,0.289074
8673,-1.270571
8674,0.610413
8675,-0.446312
8676,-0.002460
8677,1.406959
8678,1.528913
8679,0.914855
8680,-0.654948
8681,0.284716
8682,1.469313
8683,-1.204137
8684,-0.455042
8685,-0.439959
8686,-1.591375
8687,-0.844750
8688,-0.581000
8689,-1.966860
8690,-0.282761
8691,-0.009592
8692,1.675336
8693,0.895809
8694,-0.041225
8695,-0.720988
8696,-1.857502
8697,-0.759367
8698,-0.222858
8699,0.864949
8700,0.988963
8701,0.648912
8702,-0.644734
8703,0.055801
8704,-0.915697
8705,0.086306
8706,-1.808414
8707,-2.171669
8708,-0.857841
8709,-0.403325
8710,-1.234446
8711,-0.060927
8712,-1.185679
8713,-0.445912
8714,-0.246941
8715,-0.691615
8716,-0.131045
8717,1.343323
8718,0.617408
8719,0.543163
8720,-1.490747
8721,-0.513753
8722,-0.151746
8723,0.481262
8724,-0.122885
8725,0.397365
8726,-0.600096
8727,-0.046547
8728,2.033695
8729,0.268393
8730,0.776966
8731,-0.427510
8732,0.183496
8733,-0.409955
8734,0.406146
8735,-1.409184
8736,-2.383157
8737,0.380984
8738,0.612166
8739,-1.212679
8740,-0.925429
8741,0.874210
8742,-0.871650
8743,-0.688446
8744,-0.093208
8745,0.954573
8746,0.137676
8747,-1.103880
8748,0.638167
8749,-0.165738
8750,-1.050113
8751,-0.388114
8752,0.275044
8753,0.138668
8754,-0.829934
8755,-0.818250
8756,0.798655
8757,-0.247305
8758,0.221765
8759,0.689362
8760,-0.291414
8761,0.388292
8762,-1.320877
8763,0.267804
8764,-0.261091
8765,1.881870
8766,0.282700
8767,-0.076796
8768,2.137815
8769,1.992590
8770,1.329741
8771,-1.074708
8772,-0.078102
8773,-0.295939
8774,0.527287
8775,-0.022506
8776,2.041677
8777,1.300612
8778,-0.802333
8779,-0.626373
8780,0.193673
8781,-1.203454
8782,-0.957632
8783,-1.413945
8784,-1.517569
8785,0.444887
8786,0.858839
8787,0.476141
8788,0.416111
8789,-1.058876
8790,0.189393
8791,-0.012714
8792,0.710134
8793,-0.930533
8794,-0.411646
8795,0.080135
8796,0.609846
8797,-0.720790
8798,-0.563136
8799,-0.232611
8800,-1.349330
8801,0.232881
8802,2.744203
8803,1.859471
8804,1.087796
8805,-0.035718
8806,0.151312
8807,0.578998
8808,-0.296526
8809,-0.016589
8810,0.547183
8811,0.213884
8812,0.671596
8813,0.783142
8814,0.139309
8815,0.100592
8816,1.277661
8817,0.625649
8818,0.915595
8819,1.795022
8820,-0.122233
8821,0.155200
8822,-0.871699
8823,-0.858364
8824,0.995114
8825,2.109363
8826,2.323435
8827,1.109181
8828,0.258957
8829,-0.306500
8830,2.543764
8831,1.727599
8832,0.475214
8833,2.114528
8834,-0.129849
8835,-2.020308
8836,-1.343723
8837,-0.597300
8838,1.324726
8839,0.291863
8840,-0.006926
8841,1.437122
8842,0.571204
8843,1.024920
8844,0.108900
8845,0.462775
8846,0.977884
8847,0.514716
8848,-1.114324
8849,0.939925
8850,1.160127
8851,-0.197214
8852,-0.780054
8853,0.086272
8854,0.463688
8855,0.159193
8856,1.045463
8857,-0.044554
8858,-1.337000
8859,-0.241437
8860,-1.090706
8861,-1.889355
8862,0.730152
8863,0.950545
8864,-1.389727
8865,-0.373893
8866,-0.754098
8867,0.959464
8868,1.037624
8869,0.719016
8870,-0.807376
8871,-0.005960
8872,-1.308606
8873,-0.341820
8874,-0.570303
8875,-0.000066
8876,-1.558819
8877,0.985006
8878,1.339735
8879,-0.108898
8880,1.024887
8881,2.201415
8882,0.407138
8883,-1.555755
8884,-0.416625
8885,1.341194
8886,0.519300
8887,-0.203397
8888,-0.624033
8889,0.737775
8890,1.083594
8891,-0.237619
8892,-0.713986
8893,1.226464
8894,-0.439948
8895,-0.933104
8896,-1.056399
8897,0.117409
8898,0.085708
8899,-1.358160
8900,-0.644671
8901,0.722333
8902,0.654826
8903,-1.032386
8904,0.631325
8905,-0.667550
8906,-0.765778
8907,0.596582
8908,-0.052169
8909,-0.030229
8910,-0.828715
8911,1.096557
8912,2.018239
8913,0.621966
8914,0.078987
8915,1.543692
8916,-0.388212
8917,0.594026
8918,0.366670
8919,-1.718691
8920,1.084756
8921,1.003358
8922,0.074721
8923,-0.112057
8924,-0.340051
8925,0.378452
8926,1.854406
8927,1.452143
8928,-0.288175
8929,0.586308
8930,-0.354788
8931,0.370273
8932,0.117088
8933,-0.709690
8934,0.652101
8935,1.421588
8936,-1.391109
8937,-0.079542
8938,0.724700
8939,-1.900498
8940,-0.496295
8941,2.211552
8942,0.063519
8943,-0.786871
8944,-0.139227
8945,0.456714
8946,-0.110660
8947,-0.654105
8948,-1.000644
8949,1.143288
8950,0.396953
8951,-2.340531
8952,-1.784452
8953,-1.545204
8954,-0.292405
8955,-2.605261
8956,-0.759962
8957,1.068828
8958,1.401601
8959,1.832811
8960,-0.158575
8961,-0.305702
8962,1.043001
8963,0.983685
8964,1.069258
8965,1.045213
8966,0.368042
8967,0.977425
8968,-0.082774
8969,-0.270569
8970,2.270608
8971,1.731737
8972,-1.008552
8973,0.549611
8974,-2.247437
8975,-1.264552
8976,2.116110
8977,2.483550
8978,0.784165
8979,0.734130
8980,-0.258320
8981,-0.523398
8982,-0.643705
8983,1.340511
8984,0.674491
8985,1.526869
8986,-0.636379
8987,0.019550
8988,-0.304538
8989,-1.287303
8990,-0.899524
8991,0.245245
8992,-1.337000
8993,-0.326093
8994,-0.121407
8995,0.800603
8996,0.094257
8997,1.678978
8998,0.417133
8999,-2.640567
9000,-0.075557
9001,1.068743
9002,-0.033018
9003,0.701649
9004,0.083789
9005,1.471305
9006,-1.099502
9007,-1.087865
9008,-0.798551
9009,-0.075779
9010,-1.261903
9011,0.025060
9012,0.280744
9013,-0.641433
9014,0.161615
9015,-1.065555
9016,-0.911347
9017,0.507198
9018,0.025485
9019,-0.232877
9020,-0.615412
9021,1.448031
9022,1.278099
9023,-0.419709
9024,-2.207651
9025,-1.020309
9026,-0.382105
9027,-0.305892
9028,1.369527
9029,1.246925
9030,0.539621
9031,-0.535248
9032,-1.138466
9033,-0.363039
9034,-0.777533
9035,-0.464646
9036,-1.452634
9037,-0.114028
9038,-0.530127
9039,-0.137747
9040,0.003452
9041,-0.557079
9042,0.655136
9043,0.944930
9044,1.292516
9045,-1.089966
9046,1.297546
9047,0.589045
9048,0.711943
9049,0.571922
9050,-0.228463
9051,1.663750
9052,-0.469391
9053,1.879330
9054,1.563630
9055,-0.411324
9056,0.928738
9057,-0.828003
9058,-1.239773
9059,-1.990483
9060,-1.708155
9061,-1.174179
9062,-0.559776
9063,0.937614
9064,0.686164
9065,0.853997
9066,-0.062126
9067,-1.423587
9068,-0.562494
9069,0.702139
9070,0.529660
9071,-0.974065
9072,-0.259212
9073,-0.722858
9074,0.188911
9075,2.699807
9076,1.764231
9077,-0.359257
9078,-0.435379
9079,-0.169255
9080,1.208171
9081,1.222103
9082,0.227514
9083,-0.290509
9084,0.875367
9085,2.077201
9086,-0.024210
9087,1.516543
9088,0.706494
9089,0.355897
9090,0.039560
9091,-1.373877
9092,-1.259389
9093,-1.138002
9094,0.125022
9095,-1.145336
9096,0.252796
9097,0.075351
9098,0.446745
9099,0.020820
9100,1.134126
9101,-0.394958
9102,0.351919
9103,0.860661
9104,1.027595
9105,-0.951105
9106,0.593125
9107,0.487279
9108,0.850753
9109,0.233491
9110,-0.399262
9111,0.590283
9112,1.945810
9113,1.341509
9114,0.988355
9115,-0.703439
9116,0.186219
9117,0.193723
9118,1.013162
9119,0.882807
9120,-0.509860
9121,1.252153
9122,-1.437592
9123,-2.691070
9124,-0.983058
9125,-0.440835
9126,-0.415418
9127,-0.500626
9128,-2.064160
9129,-0.911159
9130,0.990090
9131,1.827304
9132,0.569239
9133,0.037661
9134,-1.364336
9135,-3.676332
9136,-1.825540
9137,-0.480665
9138,0.767251
9139,-0.703986
9140,-0.483003
9141,-0.086049
9142,0.837219
9143,0.851646
9144,-0.906962
9145,-0.865864
9146,1.364357
9147,0.107542
9148,-0.290376
9149,-0.524668
9150,-1.039347
9151,-0.362502
9152,0.241315
9153,0.685317
9154,0.134471
9155,-0.774502
9156,-0.138140
9157,0.007488
9158,-0.803486
9159,-1.052754
9160,-0.484771
9161,1.615910
9162,-0.847514
9163,-0.772810
9164,0.344112
9165,-0.414401
9166,-1.292678
9167,-0.302976
9168,-0.499805
9169,0.982999
9170,-0.467616
9171,1.080733
9172,-2.134011
9173,-0.603633
9174,0.619844
9175,0.518984
9176,2.352408
9177,-0.288493
9178,-0.150161
9179,-0.769360
9180,0.481566
9181,-2.039916
9182,-0.301643
9183,0.237931
9184,0.934504
9185,-1.040377
9186,0.292793
9187,-0.233630
9188,-0.434468
9189,-0.343696
9190,-0.873608
9191,-0.978518
9192,-0.539103
9193,0.013702
9194,0.143347
9195,0.009835
9196,-0.750782
9197,-0.301382
9198,1.661353
9199,0.456621
9200,-2.001407
9201,0.527729
9202,0.340217
9203,-0.436526
9204,0.083561
9205,0.549224
9206,0.017780
9207,-0.336354
9208,1.044265
9209,1.673791
9210,-0.552191
9211,-1.646331
9212,-0.096750
9213,0.696466
9214,1.116549
9215,-0.457910
9216,0.314312
9217,1.442118
9218,-0.982075
9219,-0.358957
9220,-0.508045
9221,-1.056965
9222,0.021553
9223,-0.056424
9224,0.340547
9225,-0.612128
9226,-0.081247
9227,-0.471652
9228,0.704160
9229,0.641775
9230,0.682656
9231,0.195364
9232,-2.014478
9233,-1.049074
9234,-0.846720
9235,-2.838753
9236,-1.089389
9237,-0.333786
9238,2.030338
9239,0.545481
9240,-0.084246
9241,1.259320
9242,0.813180
9243,0.017150
9244,0.978346
9245,0.952776
9246,0.502324
9247,-0.563088
9248,-0.367847
9249,-0.136743
9250,-0.262865
9251,-0.649643
9252,0.145426
9253,1.735513
9254,1.754247
9255,0.090321
9256,0.268519
9257,-1.779142
9258,0.967830
9259,1.438661
9260,2.390580
9261,0.901817
9262,-1.078831
9263,0.214501
9264,0.457364
9265,0.700214
9266,0.859894
9267,-1.970087
9268,0.075489
9269,2.083489
9270,1.794341
9271,0.234442
9272,0.711161
9273,-0.380319
9274,-0.557101
9275,-1.114490
9276,-0.990540
9277,1.518291
9278,2.183523
9279,1.041152
9280,-0.524703
9281,-0.007131
9282,-0.187251
9283,-0.161469
9284,-0.012325
9285,-0.057643
9286,2.467417
9287,1.346579
9288,1.681775
9289,1.531019
9290,0.159952
9291,-0.440909
9292,-0.751333
9293,-0.786117
9294,0.229445
9295,-0.313135
9296,0.164658
9297,-0.475605
9298,-0.410929
9299,0.966403
9300,1.626642
9301,-0.108811
9302,-1.039834
9303,0.765542
9304,0.093960
9305,-0.627441
9306,-0.985064
9307,-2.237978
9308,-0.502644
9309,2.386135
9310,1.443239
9311,1.005906
9312,1.599685
9313,-0.071585
9314,0.474804
9315,1.149959
9316,2.853309
9317,0.099531
9318,0.663454
9319,0.811994
9320,1.204247
9321,1.390788
9322,-0.473580
9323,0.781843
9324,0.308825
9325,-0.411610
9326,-1.543335
9327,0.911796
9328,0.190901
9329,0.122128
9330,-0.080318
9331,1.138114
9332,0.336092
9333,-0.126728
9334,-0.505233
9335,0.908691
9336,-0.791176
9337,-0.755023
9338,0.383592
9339,1.930003
9340,1.294033
9341,-0.982653
9342,-0.418727
9343,0.213061
9344,0.530532
9345,-0.643907
9346,-0.996624
9347,0.288100
9348,-0.284007
9349,-1.336791
9350,0.839531
9351,0.347830
9352,-1.225679
9353,-1.246240
9354,-0.210719
9355,-1.165787
9356,0.373886
9357,-0.132162
9358,2.279722
9359,-0.057886
9360,-0.051878
9361,-1.588639
9362,-0.516434
9363,1.507590
9364,1.477488
9365,0.263737
9366,-0.731846
9367,-0.328164
9368,-1.261748
9369,-0.813040
9370,-0.290288
9371,-0.836248
9372,-0.143234
9373,0.876270
9374,-1.396726
9375,-1.296816
9376,0.433697
9377,-0.341378
9378,0.722167
9379,0.779692
9380,1.506574
9381,2.766017
9382,1.379611
9383,0.215638
9384,1.505460
9385,2.199459
9386,0.929249
9387,-1.548375
9388,-0.361646
9389,-0.673975
9390,-0.384182
9391,-1.824575
9392,0.977737
9393,0.580373
9394,0.792706
9395,-0.255805
9396,-1.408627
9397,-0.247369
9398,-0.348017
9399,-1.169660
9400,-0.377521
9401,-0.152890
9402,0.299186
9403,-0.189719
9404,-1.394931
9405,-0.287958
9406,0.745396
9407,0.628906
9408,-0.161038
9409,0.381820
9410,0.452470
9411,-0.630571
9412,-0.321605
9413,0.143194
9414,-1.372261
9415,2.057518
9416,-0.249538
9417,0.212797
9418,-0.129656
9419,0.909440
9420,-1.394648
9421,-0.332440
9422,0.369871
9423,1.178427
9424,0.246609
9425,-0.951470
9426,-0.909746
9427,0.744538
9428,1.403474
9429,1.239002
9430,0.148056
9431,-0.431686
9432,0.283596
9433,2.142390
9434,0.711472
9435,1.234331
9436,0.772971
9437,0.207642
9438,-2.405137
9439,-0.553128
9440,0.173097
9441,0.939716
9442,-1.446691
9443,-0.134568
9444,-0.892237
9445,0.191952
9446,1.220292
9447,1.591230
9448,2.930008
9449,-0.106748
9450,-1.095650
9451,-0.326362
9452,-0.578850
9453,2.403547
9454,-0.731099
9455,0.462694
9456,-0.612966
9457,-1.729002
9458,-0.199745
9459,-0.892559
9460,-0.981352
9461,-0.475790
9462,-0.674322
9463,-0.794304
9464,-1.035140
9465,-1.633589
9466,0.543607
9467,0.913472
9468,1.652301
9469,0.067537
9470,0.165227
9471,-1.136562
9472,-0.737675
9473,1.625519
9474,-0.003516
9475,0.211376
9476,-1.615387
9477,-1.668963
9478,-0.458457
9479,-0.524193
9480,0.881534
9481,0.824757
9482,0.519510
9483,-1.456754
9484,-0.725853
9485,1.034662
9486,1.940542
9487,-0.709441
9488,-0.021751
9489,-0.421776
9490,-0.179824
9491,1.120623
9492,-0.154546
9493,-0.320665
9494,-0.930612
9495,0.325324
9496,0.156491
9497,2.243848
9498,0.180861
9499,2.207241
9500,0.020323
9501,1.035125
9502,0.489727
9503,1.418689
9504,0.956518
9505,-0.849596
9506,0.597000
9507,-0.849348
9508,0.286267
9509,-0.204838
9510,0.720405
9511,-2.322888
9512,0.212797
9513,-0.488606
9514,1.257370
9515,-0.169672
9516,0.823787
9517,2.218408
9518,-0.725271
9519,0.660694
9520,0.235854
9521,0.838967
9522,-0.448967
9523,-0.198144
9524,-1.160486
9525,-0.270359
9526,0.501621
9527,0.373168
9528,1.237441
9529,0.812435
9530,0.216077
9531,0.256516
9532,-0.410585
9533,-0.767516
9534,-0.276953
9535,-0.410087
9536,-0.107017
9537,0.192518
9538,0.658735
9539,-1.538991
9540,-0.899839
9541,-0.636887
9542,-0.126054
9543,-0.422793
9544,-2.348245
9545,-0.476855
9546,-0.248971
9547,0.101665
9548,0.633164
9549,0.949127
9550,0.421029
9551,0.278298
9552,-2.867563
9553,-1.985271
9554,1.237281
9555,1.757492
9556,0.126638
9557,0.335476
9558,-0.017061
9559,0.723833
9560,1.827770
9561,-1.110625
9562,1.802379
9563,1.559327
9564,0.241750
9565,0.058227
9566,-0.534183
9567,-1.469876
9568,-1.037598
9569,-1.098959
9570,0.906544
9571,-1.786125
9572,-2.078198
9573,-1.015150
9574,-1.602480
9575,0.213416
9576,-0.227507
9577,-0.186378
9578,-0.441579
9579,0.302155
9580,1.567444
9581,1.056619
9582,0.675682
9583,0.318419
9584,-0.481409
9585,-1.229428
9586,-0.177804
9587,-1.025163
9588,0.642982
9589,-0.981739
9590,-1.680095
9591,-0.317275
9592,-0.406141
9593,0.801107
9594,0.749164
9595,1.879284
9596,-0.324878
9597,0.238027
9598,0.149710
9599,0.356551
9600,-1.474175
9601,-0.311747
9602,-0.613326
9603,0.969679
9604,0.571524
9605,0.936780
9606,-0.564155
9607,2.082314
9608,-0.613680
9609,0.140026
9610,0.356924
9611,0.599365
9612,0.013624
9613,0.588024
9614,0.014841
9615,-0.829417
9616,-1.960746
9617,-0.135126
9618,1.315691
9619,0.998271
9620,-1.886267
9621,-0.472769
9622,-0.540910
9623,-2.110324
9624,-1.091731
9625,1.595947
9626,0.087172
9627,0.974311
9628,0.662400
9629,0.471261
9630,1.666834
9631,-0.895605
9632,-0.063136
9633,0.030114
9634,0.288272
9635,-0.109116
9636,-2.078704
9637,-1.192667
9638,-0.786542
9639,-0.716385
9640,-1.154268
9641,0.255430
9642,-1.006408
9643,0.966903
9644,0.361766
9645,-0.477490
9646,-0.098332
9647,1.646303
9648,1.405293
9649,-0.770864
9650,-0.105129
9651,1.405227
9652,-0.976303
9653,-1.532514
9654,-0.023432
9655,0.306740
9656,-0.934533
9657,-0.592046
9658,-0.635844
9659,0.868723
9660,0.248678
9661,0.668570
9662,-0.536058
9663,-0.883002
9664,0.575163
9665,0.374588
9666,0.551605
9667,-0.257450
9668,0.851772
9669,0.316515
9670,0.336923
9671,-1.655943
9672,-0.304524
9673,-0.337335
9674,0.950871
9675,-0.651741
9676,1.255605
9677,0.231512
9678,1.429613
9679,0.544118
9680,-0.366163
9681,0.182394
9682,-0.075698
9683,0.633979
9684,0.870566
9685,1.892150
9686,0.503537
9687,-1.067107
9688,0.100922
9689,0.815979
9690,-1.407532
9691,-0.093784
9692,-0.109348
9693,-0.128164
9694,0.335895
9695,-0.255302
9696,-0.067632
9697,2.042270
9698,1.267548
9699,0.646458
9700,0.143812
9701,0.138194
9702,-0.548070
9703,-1.607015
9704,-1.636457
9705,-0.567797
9706,-0.680379
9707,-0.550038
9708,0.637935
9709,-0.056665
9710,-0.909295
9711,0.547006
9712,1.476937
9713,0.001542
9714,-0.178950
9715,-0.450519
9716,-0.029346
9717,1.508158
9718,1.494266
9719,-0.333876
9720,-1.120647
9721,-0.267976
9722,0.257665
9723,-1.019363
9724,-0.878804
9725,0.949955
9726,-1.165548
9727,-0.409447
9728,0.500536
9729,-0.504965
9730,0.787633
9731,-1.632126
9732,0.147280
9733,1.253047
9734,-1.466752
9735,0.057042
9736,0.929021
9737,-0.445334
9738,0.863445
9739,2.200998
9740,-0.329255
9741,-0.215921
9742,0.729898
9743,-1.125815
9744,1.597331
9745,2.259499
9746,0.729320
9747,-0.409481
9748,1.038147
9749,1.396652
9750,-0.730778
9751,-0.677687
9752,-0.134650
9753,-0.045558
9754,-0.660225
9755,-1.275966
9756,-1.765103
9757,1.239922
9758,-0.986963
9759,-0.198305
9760,0.387525
9761,1.310968
9762,-1.191397
9763,2.097151
9764,0.843787
9765,0.974983
9766,-0.444643
9767,-0.735132
9768,0.365695
9769,-0.406689
9770,-1.110525
9771,38.358663
9772,46.351891
9773,52.716004
9774,55.371761
9775,57.137433
9776,54.219148
9777,50.367121
9778,55.137231
9779,56.102776
9780,55.977556
9781,55.538138
9782,53.157586
9783,54.342236
9784,53.000991
9785,55.306710
9786,60.629294
9787,56.124960
9788,57.895909
9789,54.590726
9790,54.443555
9791,57.674113
9792,53.391396
9793,53.837906
9794,51.146954
9795,48.201788
9796,51.611771
9797,54.464941
9798,54.676781
9799,56.581885
9800,55.744632
9801,54.121007
9802,57.636474
9803,57.748871
9804,55.853218
9805,59.018368
9806,61.690657
9807,57.900642
9808,57.689585
9809,54.482824
9810,54.587987
9811,52.020179
9812,53.409357
9813,53.539769
9814,53.220916
9815,53.458089
9816,55.647994
9817,55.224848
9818,52.897408
9819,56.761516
9820,54.718488
9821,54.174216
9822,53.190176
9823,55.554301
9824,53.754753
9825,54.787455
9826,52.051905
9827,53.297704
9828,55.632920
9829,55.294052
9830,56.113305
9831,56.574844
9832,55.629912
9833,56.768916
9834,57.402021
9835,56.421011
9836,52.162273
9837,52.801185
9838,56.910936
9839,56.844653
9840,57.885070
9841,54.112027
9842,54.029340
9843,57.764300
9844,56.815854
9845,53.482877
9846,52.924265
9847,54.309299
9848,56.666657
9849,55.705637
9850,57.205571
9851,55.467348
9852,54.318977
9853,55.132965
9854,53.223220
9855,53.821439
9856,54.106848
9857,54.445452
9858,55.367073
9859,54.895608
9860,55.865580
9861,55.796937
9862,53.619921
9863,51.291021
9864,55.564706
9865,53.699804
9866,58.279346
9867,58.135366
9868,56.699015
9869,51.573310
9870,52.764365
9871,55.767468
9872,53.342539
9873,54.140674
9874,53.212817
9875,56.763282
9876,53.253022
9877,55.045091
9878,54.520742
9879,54.555325
9880,54.819315
9881,52.496445
9882,51.526085
9883,55.365101
9884,52.295137
9885,55.795366
9886,53.332611
9887,54.910014
9888,57.463867
9889,55.335290
9890,58.325146
9891,52.168507
9892,48.195607
9893,54.780901
9894,57.176697
9895,58.352542
9896,53.137681
9897,55.587295
9898,55.533309
9899,55.597288
9900,56.128986
9901,59.805568
9902,58.295003
9903,54.467275
9904,55.283548
9905,58.804165
9906,57.006845
9907,52.485211
9908,52.104229
9909,54.038793
9910,56.437895
9911,50.357278
9912,53.062717
9913,50.196058
9914,53.426858
9915,52.502214
9916,54.600238
9917,57.397022
9918,55.083717
9919,53.665569
9920,56.426671
9921,54.885250
9922,53.392698
9923,55.641768
9924,53.238898
9925,57.747216
9926,57.392189
9927,54.552663
9928,52.150459
9929,56.674838
9930,55.070245
9931,56.578924
9932,55.730520
9933,52.210057
9934,55.490238
9935,54.804048
9936,51.153837
9937,51.297999
9938,56.672380
9939,55.555632
9940,52.452515
9941,51.943207
9942,54.656719
9943,54.499288
9944,56.837981
9945,57.757879
9946,56.651250
9947,54.533413
9948,56.274880
9949,55.495496
9950,52.059498
9951,50.808198
9952,53.632042
9953,54.735574
9954,54.849700
9955,54.647942
9956,52.677222
9957,54.640557
9958,54.690516
9959,54.928450
9960,54.758677
9961,54.825708
9962,55.202793
9963,55.199950
9964,55.550245
9965,56.035101
9966,54.615749
9967,55.431408
9968,56.376804
9969,59.144918
9970,51.401939
9971,54.347097
9972,53.229931
9973,53.455102
9974,51.981954
9975,55.322304
9976,54.832593
9977,54.156032
9978,53.282572
9979,54.855405
9980,58.448321
9981,59.519076
9982,56.910194
9983,57.211616
9984,53.694889
9985,56.131089
9986,54.407201
9987,51.447061
9988,55.418222
9989,53.392920
9990,50.473373
9991,54.687111
9992,56.502599
9993,53.318770
9994,52.210157
9995,50.989607
9996,51.600233
9997,50.445666
9998,51.154005
9999,56.188658
10000,56.820606
10001,53.379856
10002,54.831952
10003,54.426243
10004,53.038625
10005,54.118767
10006,53.903471
10007,55.118538
10008,53.177246
10009,54.161504
10010,49.430497
10011,51.429912
10012,52.356433
10013,54.512372
10014,55.631385
10015,58.941194
10016,59.613081
10017,50.574541
10018,51.772293
10019,53.180808
10020,52.147195
10021,54.592123
10022,52.129679
10023,51.992136
10024,52.848718
10025,50.798746
10026,54.167107
10027,49.690638
10028,53.121025
10029,54.146814
10030,53.093697
10031,53.354559
10032,54.360443
10033,52.951848
10034,52.443785
10035,57.444372
10036,57.489489
10037,55.679885
10038,54.734081
10039,53.321183
10040,53.914438
10041,55.508663
10042,52.674509
10043,52.521227
10044,54.897524
10045,53.159446
10046,53.183748
10047,53.605288
10048,51.932209
10049,54.082049
10050,56.014650
10051,55.896638
10052,53.875503
10053,53.028325
10054,52.821800
10055,54.472735
10056,56.103276
10057,54.484081
10058,52.547424
10059,53.242105
10060,50.348883
10061,52.286768
10062,51.311402
10063,53.895027
10064,56.018028
10065,56.146724
10066,55.130468
10067,54.582178
10068,56.276564
10069,53.105642
10070,56.272801
10071,53.867471
10072,53.247134
10073,53.283457
10074,55.328503
10075,55.949383
10076,52.859855
10077,52.796104
10078,53.339519
10079,53.917348
10080,57.954992
10081,56.314706
10082,54.157510
10083,53.176673
10084,52.676175
10085,54.106997
10086,55.073998
10087,55.522966
10088,55.380766
10089,48.567622
10090,51.979646
10091,56.476897
10092,53.918138
10093,52.831429
10094,53.857536
10095,53.412323
10096,49.682752
10097,53.005245
10098,54.040439
10099,54.006715
10100,53.387736
10101,55.793869
10102,55.881375
10103,50.086537
10104,53.949665
10105,52.671107
10106,56.359434
10107,57.059023
10108,58.459848
10109,57.357314
10110,53.314939
10111,54.769019
10112,55.369846
10113,54.470089
10114,55.177999
10115,51.086235
10116,57.396278
10117,55.743228
10118,53.848918
10119,53.189998
10120,52.779743
10121,50.366081
10122,54.909831
10123,54.253036
10124,51.458544
10125,53.053684
10126,55.195905
10127,52.664127
10128,54.181388
10129,55.122990
10130,56.004724
10131,54.946828
10132,55.576600
10133,56.999561
10134,55.106241
10135,55.731679
10136,52.893862
10137,50.825527
10138,55.692567
10139,58.273495
10140,53.150170
10141,53.120503
10142,52.779000
10143,55.783360
10144,54.007143
10145,57.256336
10146,52.291273
10147,54.457196
10148,56.120748
10149,53.505255
10150,57.292635
10151,52.895478
10152,54.456710
10153,53.166178
10154,59.825744
10155,60.112967
10156,59.826970
10157,56.702684
10158,56.669679
10159,53.785024
10160,54.071799
10161,55.174191
10162,53.787502
10163,51.731938
10164,57.069024
10165,58.432702
10166,55.896129
10167,52.913286
10168,55.446997
10169,53.009612
10170,52.826733
10171,55.253896
10172,57.986515
10173,57.756143
10174,51.204940
10175,57.510620
10176,58.363903
10177,58.969864
10178,57.862363
10179,55.525239
10180,53.012888
10181,52.122084
10182,53.815002
10183,53.528731
10184,52.289473
10185,53.267408
10186,56.935820
10187,54.020052
10188,14.348165
10189,2.697770
10190,1.127147
10191,0.995384
10192,2.484004
10193,2.036755
10194,2.109749
10195,-0.071296
10196,0.378725
10197,-0.794141
10198,-0.107608
10199,-0.670580
10200,0.018449
10201,1.798304
10202,-0.365348
10203,0.671206
10204,-0.715612
10205,2.875143
10206,-0.019511
10207,-0.432068
10208,-0.803524
10209,-1.142644
10210,-2.271960
10211,-2.022543
10212,-1.887826
10213,-0.966675
10214,-1.778980
10215,-0.070854
10216,-0.972236
10217,-0.416197
10218,-1.247769
10219,-1.145495
10220,0.216882
10221,0.801971
10222,-0.861377
10223,-1.235783
10224,0.409199
10225,-0.591208
10226,-0.394666
10227,0.442439
10228,0.286926
10229,0.284562
10230,-1.224440
10231,-0.453476
10232,0.580238
10233,0.783993
10234,-1.562172
10235,-1.456325
10236,-1.283276
10237,-1.355018
10238,-1.652043
10239,0.804048
10240,-0.773926
10241,0.754440
10242,1.779795
10243,2.442927
10244,-0.879827
10245,-0.849866
10246,-2.117092
10247,0.359394
10248,2.023446
10249,-0.225435
10250,1.533826
10251,1.004055
10252,1.405347
10253,0.833127
10254,-0.431200
10255,0.455891
10256,0.034435
10257,0.595912
10258,1.134165
10259,-1.561511
10260,0.637359
10261,-0.973656
10262,-2.266105
10263,0.103366
10264,0.496417
10265,-2.198314
10266,-0.142944
10267,-0.570613
10268,-0.131633
10269,-1.487659
10270,0.105723
10271,-1.407347
10272,0.306924
10273,0.953062
10274,-0.725865
10275,-0.942881
10276,0.918211
10277,-0.473122
10278,-0.277023
10279,0.220814
10280,1.838739
10281,2.425859
10282,-0.202337
10283,0.157824
10284,-1.148890
10285,-0.365915
10286,-0.877946
10287,-0.060366
10288,-0.750052
10289,0.278325
10290,0.665306
10291,1.221043
10292,-0.134369
10293,-1.438955
10294,-0.291286
10295,-0.087353
10296,-1.404603
10297,0.819913
10298,-0.261681
10299,0.751581
10300,-2.019351
10301,-0.060269
10302,0.524847
10303,0.150843
10304,0.549334
10305,2.187703
10306,2.205917
10307,1.527302
10308,0.581896
10309,0.051781
10310,1.684991
10311,-0.287808
10312,-0.659635
10313,-0.380094
10314,-0.964477
10315,1.354549
10316,1.353782
10317,0.734737
10318,0.256745
10319,-0.211822
10320,-0.517696
10321,-0.188484
10322,0.010796
10323,-0.041400
10324,-1.186298
10325,0.259848
10326,0.221437
10327,0.328484
10328,0.182105
10329,1.045420
10330,-0.987904
10331,0.524230
10332,1.258245
10333,0.973291
10334,0.677073
10335,0.614585
10336,0.009707
10337,-0.274255
10338,1.009591
10339,-0.043610
10340,0.720641
10341,-0.584867
10342,-1.535473
10343,-0.785999
10344,1.490669
10345,1.585537
10346,1.041522
10347,-0.106594
10348,-0.754062
10349,-0.635544
10350,0.150747
10351,1.840926
10352,-1.153606
10353,1.142182
10354,1.129661
10355,0.534761
10356,1.095659
10357,0.392628
10358,0.410851
10359,-0.402313
10360,0.140298
10361,0.313492
10362,-0.477467
10363,1.512428
10364,0.038352
10365,0.060221
10366,0.219693
10367,0.706650
10368,-0.544873
10369,-0.026149
10370,-1.490823
10371,-0.462515
10372,-0.927280
10373,0.784195
10374,0.166643
10375,-0.357781
10376,-0.397368
10377,0.798628
10378,2.055738
10379,0.016856
10380,-0.340896
10381,-1.115006
10382,0.409159
10383,-0.017839
10384,1.546415
10385,0.466594
10386,1.789548
10387,1.441123
10388,-1.516407
10389,-0.718173
10390,-0.177330
10391,0.771929
10392,2.396339
10393,2.269604
10394,0.149770
10395,0.949933
10396,0.210005
10397,0.211373
10398,-1.226935
10399,-0.776258
10400,-0.431360
10401,0.310918
10402,-0.216903
10403,0.662938
10404,0.439031
10405,0.732767
10406,-0.301122
10407,-0.702142
10408,-1.276441
10409,0.396484
10410,1.330382
10411,1.278343
10412,-2.042974
10413,-0.227371
10414,-0.714726
10415,-0.887920
10416,-0.446980
10417,0.056378
10418,1.907985
10419,2.150652
10420,0.618137
10421,-0.605161
10422,-1.442429
10423,0.103794
10424,0.034580
10425,0.820763
10426,0.532911
10427,-0.678239
10428,-1.636478
10429,-0.906091
10430,-0.500174
10431,0.273497
10432,-0.590990
10433,-0.915942
10434,-0.933052
10435,-1.624254
10436,1.368822
10437,1.074033
10438,0.902792
10439,0.393702
10440,0.307444
10441,0.130401
10442,0.278480
10443,0.995828
10444,-0.243426
10445,-1.338116
10446,2.323418
10447,-0.198114
10448,0.423737
10449,0.511799
10450,0.233303
10451,-1.519785
10452,-0.415313
10453,0.736186
10454,-0.661386
10455,-0.550765
10456,-1.732194
10457,-0.429306
10458,-2.093928
10459,-1.808922
10460,-0.322920
10461,1.228423
10462,0.102046
10463,0.377417
10464,2.210240
10465,-0.102503
10466,0.285242
10467,-0.263291
10468,1.088171
10469,-0.117885
10470,-0.298109
10471,0.430143
10472,0.742472
10473,-0.544925
10474,-1.539626
10475,-0.812738
10476,-1.104363
10477,-1.562192
10478,-0.937402
10479,0.891017
10480,-0.168711
10481,0.913923
10482,0.646539
10483,-0.078100
10484,1.131448
10485,1.557146
10486,0.317912
10487,0.756502
10488,-1.025743
10489,-0.865216
10490,-0.524074
10491,0.938414
10492,-0.430289
10493,0.144092
10494,0.877333
10495,0.617587
10496,0.013570
10497,0.829772
10498,0.529741
10499,-0.864073
10500,-0.478246
10501,0.200594
10502,0.833265
10503,0.683517
10504,0.642164
10505,0.713944
10506,0.077671
10507,-0.444751
10508,-0.191313
10509,-0.309379
10510,0.851789
10511,0.435655
10512,0.511989
10513,-0.465837
10514,-1.005502
10515,0.195910
10516,-0.691789
10517,0.951232
10518,0.876928
10519,-0.505159
10520,1.562760
10521,-0.764768
10522,-1.427255
10523,-0.329347
10524,-0.380880
10525,0.723175
10526,1.003789
10527,1.243010
10528,0.250810
10529,0.380468
10530,-1.581838
10531,-1.195347
10532,-0.928229
10533,-0.287522
10534,1.717146
10535,0.164121
10536,0.411701
10537,-0.168527
10538,1.192348
10539,0.162114
10540,1.360346
10541,0.328594
10542,0.614995
10543,-0.020862
10544,-0.801620
10545,0.022704
10546,0.641839
10547,-0.910917
10548,-0.499076
10549,0.737909
10550,-1.289387
10551,0.839435
10552,0.111386
10553,-0.172864
10554,-0.143010
10555,1.270031
10556,0.031275
10557,0.339881
10558,-0.713786
10559,-0.628557
10560,-0.938779
10561,1.483165
10562,1.289342
10563,-1.103925
10564,-0.279154
10565,1.040881
10566,-0.921714
10567,0.555338
10568,0.057562
10569,0.198010
10570,-0.307292
10571,0.744994
10572,0.341399
10573,1.183039
10574,1.062203
10575,-0.029251
10576,-0.818911
10577,-1.149065
10578,-0.532420
10579,0.534966
10580,1.032773
10581,1.445411
10582,1.137153
10583,0.710419
10584,0.576319
10585,0.979389
10586,0.297202
10587,0.100163
10588,0.978823
10589,-1.314523
10590,-0.384973
10591,-0.107397
10592,0.614122
10593,1.776978
10594,0.138466
10595,-0.961718
10596,-0.337604
10597,-0.812903
10598,0.900274
10599,0.445639
10600,0.695410
10601,0.254508
10602,-0.934941
10603,-0.887668
10604,-0.182995
10605,0.446381
10606,-0.942898
10607,0.037287
10608,0.903467
10609,2.706729
10610,-0.823598
10611,-0.682152
10612,-0.669833
10613,0.236632
10614,0.245487
10615,1.131056
10616,-0.912222
10617,0.079670
10618,0.838509
10619,0.760553
10620,0.158674
10621,-0.385720
10622,0.637109
10623,0.145113
10624,-0.572840
10625,-0.741032
10626,0.448488
10627,-1.534336
10628,0.415074
10629,0.812551
10630,-0.333768
10631,0.261549
10632,0.178185
10633,0.457360
10634,-0.305686
10635,-0.438729
10636,0.324987
10637,-1.551452
10638,-0.472175
10639,0.268423
10640,1.097251
10641,-1.047910
10642,0.162095
10643,0.542187
10644,-0.343581
10645,0.872868
10646,0.262831
10647,-1.060621
10648,0.491050
10649,-0.293612
10650,0.576649
10651,-0.132707
10652,-0.074593
10653,-0.604189
10654,-0.802365
10655,-0.177996
10656,0.449472
10657,2.197824
10658,2.095861
10659,-0.354218
10660,0.774216
10661,1.017763
10662,-0.739692
10663,0.322002
10664,0.640996
10665,-0.322628
10666,1.441797
10667,-0.780263
10668,-0.269470
10669,0.503576
10670,-0.683779
10671,-1.071833
10672,-0.816413
10673,-0.882476
10674,1.590472
10675,0.170285
10676,-1.358746
10677,1.031549
10678,-0.168642
10679,1.476409
10680,-0.143872
10681,-0.068117
10682,-0.328606
10683,-2.980695
10684,-1.043093
10685,-0.150644
10686,-1.162526
10687,-0.216891
10688,0.428830
10689,2.161440
10690,0.385661
10691,1.153183
10692,1.327691
10693,1.862395
10694,-0.185636
10695,1.222458
10696,0.737699
10697,-1.505443
10698,-0.809138
10699,-1.382837
10700,-0.390115
10701,0.200778
10702,0.143739
10703,-0.754710
10704,0.644510
10705,-0.987860
10706,0.354352
10707,-0.595899
10708,-0.580657
10709,0.038665
10710,-1.515364
10711,-1.092731
10712,-0.625178
10713,-0.568896
10714,-1.524724
10715,-1.260756
10716,0.415986
10717,1.130946
10718,-0.710129
10719,-0.533077
10720,-2.806869
10721,-0.342027
10722,0.228089
10723,0.808913
10724,1.736546
10725,0.011103
10726,0.053791
10727,-1.250335
10728,0.027011
10729,1.051765
10730,-0.035827
10731,-0.808673
10732,0.715566
10733,-0.411876
10734,-1.455813
10735,-0.803719
10736,-0.808279
10737,0.810249
10738,-1.714015
10739,-0.098205
10740,0.034896
10741,-1.119077
10742,0.052026
10743,1.990935
10744,-0.183166
10745,-0.050164
10746,-0.304451
10747,0.016542
10748,1.220139
10749,0.289822
10750,-1.562405
10751,0.022561
10752,-0.153170
10753,0.074528
10754,1.307669
10755,1.642185
10756,0.542743
10757,-0.666289
10758,1.437331
10759,0.045868
10760,0.304568
10761,0.066436
10762,0.722176
10763,0.630480
10764,-0.683873
10765,-0.826758
10766,1.159641
10767,0.166789
10768,-2.293894
10769,0.324375
10770,-0.852431
10771,0.364756
10772,0.433195
10773,0.479805
10774,-0.060919
10775,-0.140432
10776,1.207640
10777,-0.420685
10778,0.088685
10779,0.788512
10780,0.050868
10781,0.242186
10782,-0.494665
10783,1.231511
10784,-0.676927
10785,0.775779
10786,0.684598
10787,0.975916
10788,1.511619
10789,1.289323
10790,0.286891
10791,-1.379863
10792,-2.088891
10793,-0.402151
10794,-0.830223
10795,1.174036
10796,0.590347
10797,1.693497
10798,0.591147
10799,-0.017851
10800,0.529301
10801,0.315127
10802,-0.185312
10803,-2.551699
10804,-0.070024
10805,-0.147302
10806,-0.021780
10807,0.076336
10808,-0.023814
10809,0.355963
10810,0.975680
10811,-0.475044
10812,1.416184
10813,0.498816
10814,1.582215
10815,-0.820747
10816,-0.118287
10817,2.458766
10818,-0.308899
10819,-0.604958
10820,1.736168
10821,-0.366737
10822,-0.929325
10823,0.581814
10824,-1.234344
10825,1.294221
10826,0.234903
10827,-0.289541
10828,-0.307640
10829,0.111007
10830,0.726593
10831,-1.234194
10832,0.480941
10833,0.686453
10834,0.623722
10835,-0.397547
10836,0.391911
10837,0.282773
10838,1.447108
10839,0.367868
10840,1.278318
10841,0.193751
10842,1.148005
10843,-1.470774
10844,-1.661229
10845,-0.689616
10846,0.653261
10847,-0.887721
10848,-0.639560
10849,0.287986
10850,0.685319
10851,0.259652
10852,-0.359431
10853,0.305692
10854,0.692828
10855,0.018538
10856,-0.126651
10857,-1.203121
10858,-0.048826
10859,-0.050319
10860,0.501760
10861,1.223113
10862,-0.449426
10863,-1.358237
10864,-1.817555
10865,0.904378
10866,1.045131
10867,2.038027
10868,1.543557
10869,0.326189
10870,0.792594
10871,1.765875
10872,1.013757
10873,1.312730
10874,1.700171
10875,0.079530
10876,0.435850
10877,0.090125
10878,0.168708
10879,1.165501
10880,-0.044993
10881,-1.067007
10882,0.334839
10883,-1.191527
10884,0.149614
10885,-0.136107
10886,0.594892
10887,1.947576
10888,2.167888
10889,0.329341
10890,1.603828
10891,0.677575
10892,-1.026273
10893,-2.189433
10894,0.843551
10895,3.178248
10896,0.700549
10897,-1.471235
10898,0.485680
10899,1.237181
10900,-0.523829
10901,0.151300
10902,-0.497304
10903,1.083316
10904,0.241274
10905,-0.606168
10906,-0.559654
10907,-0.749325
10908,-0.163078
10909,0.421871
10910,0.082060
10911,0.541751
10912,-0.092411
10913,0.431718
10914,-0.942856
10915,-1.186221
10916,0.380245
10917,1.013371
10918,2.505503
10919,-1.098686
10920,-1.134636
10921,0.992493
10922,-0.324856
10923,0.124973
10924,0.626440
10925,0.134829
10926,-1.989597
10927,-1.372733
10928,-1.282236
10929,1.413909
10930,0.787518
10931,0.903553
10932,1.978679
10933,2.625826
10934,0.953978
10935,0.076776
10936,0.313419
10937,-0.263564
10938,0.095457
10939,-2.217546
10940,-0.043986
10941,0.083193
10942,-0.582619
10943,1.152748
10944,1.040022
10945,-0.327252
10946,1.193382
10947,1.877294
10948,0.859915
10949,-2.537069
10950,2.169510
10951,0.812653
10952,0.380090
10953,1.491335
10954,0.438931
10955,1.379331
10956,0.335850
10957,-1.150399
10958,-1.176739
10959,1.353359
10960,0.632495
10961,-1.815806
10962,-1.321662
10963,0.925926
10964,1.713300
10965,1.187572
10966,1.456512
10967,-0.266862
10968,-0.848794
10969,0.612428
10970,0.727740
10971,0.715045
10972,1.822624
10973,-0.638823
10974,-0.935163
10975,0.334709
10976,-1.573558
10977,1.101230
10978,1.150681
10979,0.781049
10980,-0.822422
10981,0.319011
10982,-0.567363
10983,-0.045423
10984,0.854827
10985,0.234323
10986,-1.591461
10987,-0.982825
10988,1.111247
10989,1.969063
10990,2.598013
10991,-0.389932
10992,0.227834
10993,1.252282
10994,1.651720
10995,0.308311
10996,0.272747
10997,0.867525
10998,-0.269949
10999,-2.248869
11000,-2.301249
11001,0.647290
11002,0.589899
11003,-2.383128
11004,-3.195687
11005,0.522859
11006,-0.363768
11007,-0.063349
11008,1.828165
11009,-0.432318
11010,-0.750248
11011,0.589081
11012,-0.140680
11013,0.949795
11014,-0.368562
11015,-0.181605
11016,0.402826
11017,-3.441113
11018,-3.815619
11019,-0.773031
11020,2.152831
11021,1.200512
11022,-1.019236
11023,0.278236
11024,0.279222
11025,-0.332360
11026,0.055022
11027,1.092251
11028,0.763473
11029,0.000927
11030,-0.400812
11031,-0.274729
11032,-0.446130
11033,-0.201250
11034,-0.166984
11035,-0.366245
11036,2.516534
11037,0.790888
11038,-1.915633
11039,-2.522851
11040,1.072941
11041,1.580704
11042,1.892960
11043,-0.819299
11044,-0.495699
11045,0.925883
11046,-1.213286
11047,-0.033287
11048,-1.344977
11049,-0.117924
11050,-0.543752
11051,-1.883427
11052,0.548069
11053,0.160713
11054,0.174109
11055,-0.646635
11056,2.397206
11057,1.116165
11058,0.274235
11059,-0.081181
11060,0.325959
11061,-0.060400
11062,-1.793765
11063,0.275381
11064,-0.605517
11065,-0.341195
11066,1.958643
11067,-1.002574
11068,-0.835606
11069,1.676671
11070,0.251795
11071,-1.201845
11072,-0.560236
11073,-1.073935
11074,-1.714031
11075,-0.105663
11076,1.057558
11077,0.838976
11078,0.545071
11079,2.878904
11080,0.082912
11081,-0.826286
11082,-0.540848
11083,-2.101169
11084,-1.234569
11085,0.583051
11086,-0.337803
11087,-0.423786
11088,1.004624
11089,-1.702768
11090,0.243999
11091,-0.284062
11092,-0.404592
11093,-0.798198
11094,1.350343
11095,0.930360
11096,1.028999
11097,-0.335041
11098,1.389764
11099,1.097586
11100,1.506525
11101,1.599102
11102,-0.143463
11103,-1.534904
11104,-0.685430
11105,1.792377
11106,0.153051
11107,-0.137542
11108,0.292111
11109,0.682819
11110,-0.332537
11111,0.106377
11112,0.290546
11113,-0.169160
11114,-0.195326
11115,0.041168
11116,2.285705
11117,-0.220823
11118,-0.891680
11119,1.518434
11120,0.339667
11121,-0.489749
11122,-1.418298
11123,-1.123526
11124,-0.533630
11125,-0.763272
11126,-1.071327
11127,-1.004465
11128,-0.123643
11129,-0.400030
11130,-0.336774
11131,0.548610
11132,-0.470341
11133,-0.918253
11134,-1.203840
11135,0.063539
11136,-2.267705
11137,0.898498
11138,0.625832
11139,-1.304134
11140,1.806243
11141,0.392592
11142,0.128893
11143,0.173197
11144,0.668631
11145,0.335925
11146,-0.066686
11147,0.136884
11148,1.741911
11149,2.116904
11150,0.413352
11151,-0.493664
11152,-0.883237
11153,-0.429368
11154,1.004032
11155,0.644790
11156,-0.459305
11157,0.401854
11158,-0.172744
11159,0.086081
11160,-1.602019
11161,-0.845808
11162,-0.464312
11163,-0.672557
11164,0.504439
11165,0.395524
11166,-0.278882
11167,0.080129
11168,1.176437
11169,0.641012
11170,-1.205444
11171,-0.426919
11172,1.179826
11173,0.967416
11174,-1.759258
11175,1.025022
11176,-1.141235
11177,0.403681
11178,0.876175
11179,-0.945841
11180,-0.532206
11181,-1.398627
11182,-0.844956
11183,-0.347310
11184,-0.157042
11185,-0.026038
11186,2.498868
11187,-0.452429
11188,-0.360678
11189,-0.005143
11190,-0.979141
11191,-0.702933
11192,0.218890
11193,0.662790
11194,-0.828218
11195,0.086665
11196,-0.554263
11197,-0.273943
11198,0.857856
11199,1.764773
11200,0.399818
11201,1.318164
11202,-0.041379
11203,0.767682
11204,-0.277479
11205,3.208976
11206,0.546835
11207,0.523220
11208,1.575437
11209,-0.612694
11210,-0.843226
11211,0.276473
11212,-1.645042
11213,-0.453057
11214,1.294528
11215,0.833443
11216,1.414629
11217,-0.941209
11218,-1.089372
11219,-0.111222
11220,0.327532
11221,-1.159545
11222,-0.405222
11223,0.141756
11224,2.014546
11225,1.068382
11226,0.346388
11227,1.294314
11228,0.186869
11229,0.806585
11230,0.370153
11231,0.249106
11232,-1.152716
11233,-0.352084
11234,1.099652
11235,0.856317
11236,-0.378259
11237,0.193219
11238,0.375287
11239,1.271053
11240,2.059400
11241,0.934216
11242,0.215020
11243,-0.330420
11244,0.618450
11245,1.324700
11246,-1.156614
11247,0.328684
11248,0.269033
11249,-0.340080
11250,-0.549098
11251,1.101025
11252,-0.009009
11253,-0.586955
11254,-0.925399
11255,-1.169920
11256,-1.065114
11257,-0.133532
11258,-0.070711
11259,1.262935
11260,-0.325547
11261,0.942897
11262,1.429905
11263,2.197318
11264,0.146487
11265,-1.169990
11266,-2.028802
11267,-0.025591
11268,1.367223
11269,-0.990598
11270,0.573782
11271,1.440696
11272,0.747176
11273,-0.931117
11274,0.126231
11275,0.728466
11276,0.007642
11277,0.281534
11278,-0.960988
11279,0.859203
11280,-1.026417
11281,1.741358
11282,1.983119
11283,1.473203
11284,-0.053489
11285,0.982199
11286,1.179593
11287,0.927935
11288,0.613325
11289,-0.141724
11290,1.301182
11291,1.213017
11292,0.382139
11293,-1.050681
11294,0.171450
11295,1.314593
11296,-0.710481
11297,-0.267805
11298,0.251178
11299,0.870476
11300,-0.185571
11301,-1.846839
11302,-0.493433
11303,0.082156
11304,0.332017
11305,0.201830
11306,-0.712088
11307,-1.685214
11308,-0.292898
11309,-0.294014
11310,0.463431
11311,-1.453497
11312,-0.890842
11313,1.223607
11314,-0.189736
11315,1.374060
11316,1.267372
11317,0.798907
11318,-0.373151
11319,-0.647442
11320,-0.206290
11321,-0.458845
11322,1.651276
11323,-1.315273
11324,-0.182995
11325,0.038211
11326,1.125243
11327,0.438976
11328,-0.265919
11329,-1.534324
11330,-2.267927
11331,-0.458233
11332,0.385021
11333,-0.451375
11334,-1.345838
11335,0.473071
11336,0.605487
11337,0.762574
11338,1.791083
11339,1.069921
11340,1.585110
11341,0.215688
11342,-0.104588
11343,-1.123074
11344,-0.949574
11345,0.160967
11346,0.819196
11347,0.579266
11348,0.108881
11349,-0.143193
11350,-0.394660
11351,0.182287
11352,-0.189574
11353,-0.841568
11354,-0.811061
11355,-0.377587
11356,-0.104699
11357,-0.083946
11358,1.531303
11359,0.862989
11360,0.181745
11361,-0.580170
11362,-0.471290
11363,1.316247
11364,-0.148603
11365,-0.408356
11366,0.145915
11367,0.785169
11368,1.335306
11369,0.597193
11370,-1.357212
11371,-0.707593
11372,-2.262776
11373,-0.946539
11374,1.357721
11375,0.759626
11376,-0.368451
11377,0.239813
11378,-0.308028
11379,-0.930809
11380,0.399190
11381,1.551986
11382,1.153556
11383,1.109312
11384,-0.617558
11385,-1.455802
11386,-0.430657
11387,-0.115998
11388,-2.544339
11389,-0.631106
11390,-0.925180
11391,-0.805998
11392,0.598880
11393,0.548584
11394,0.211183
11395,-0.499298
11396,-1.924830
11397,-1.510003
11398,-1.718008
11399,-1.687977
11400,0.035572
11401,-0.495745
11402,-0.173049
11403,1.934604
11404,0.618315
11405,-0.504315
11406,0.221447
11407,0.055340
11408,1.126703
11409,-0.275768
11410,1.386222
11411,1.488365
11412,1.612062
11413,-0.268530
11414,0.519520
11415,-0.180320
11416,0.840167
11417,0.850812
11418,0.448470
11419,0.102626
11420,0.375449
11421,0.610928
11422,1.122819
11423,0.701351
11424,-0.224426
11425,-0.028961
11426,-0.230103
11427,-0.459914
11428,1.264991
11429,-0.471707
11430,-0.758748
11431,1.548435
11432,0.801869
11433,-0.492262
11434,-0.421631
11435,0.747855
11436,-0.318787
11437,0.689319
11438,0.250398
11439,0.308846
11440,1.353715
11441,0.329977
11442,-0.438153
11443,0.053255
11444,1.482069
11445,-0.909747
11446,0.498162
11447,0.800419
11448,0.666273
11449,0.404806
11450,-0.946458
11451,1.713936
11452,-0.292912
11453,1.176538
11454,-0.019293
11455,-0.893142
11456,-0.783909
11457,0.534975
11458,0.434947
11459,1.019886
11460,0.237255
11461,1.275786
11462,-1.250826
11463,-0.498433
11464,-0.681316
11465,-0.181227
11466,-1.437602
11467,-1.019565
11468,-1.447027
11469,-1.089476
11470,0.825352
11471,-0.416846
11472,-1.040191
11473,-1.170963
11474,0.787949
11475,0.404912
11476,-1.757368
11477,-1.816859
11478,-2.899552
11479,0.136121
11480,-0.908205
11481,-1.328489
11482,0.258507
11483,-1.519950
11484,1.443875
11485,-0.367524
11486,0.651819
11487,-0.491201
11488,0.331662
11489,1.224387
11490,0.124703
11491,1.886496
11492,0.764990
11493,0.027193
11494,1.217663
11495,1.262975
11496,1.642616
11497,0.432863
11498,0.108373
11499,-1.812930
11500,-1.413176
11501,-0.245196
11502,-1.757234
11503,-1.010515
11504,0.172030
11505,-0.765936
11506,-1.927257
11507,-2.618108
11508,-1.328243
11509,0.364185
11510,-0.851613
11511,-1.443859
11512,-1.185192
11513,1.328888
11514,0.400757
11515,0.478417
11516,1.291481
11517,-0.037772
11518,0.725820
11519,-1.486113
11520,-0.321780
11521,1.024979
11522,-0.065289
11523,1.023163
11524,-1.364074
11525,-0.999144
11526,-0.090389
11527,1.211197
11528,1.219706
11529,0.073480
11530,-0.500898
11531,0.488158
11532,-1.988719
11533,-0.584395
11534,-0.016361
11535,-0.440660
11536,0.425617
11537,0.966463
11538,-2.418379
11539,1.106362
11540,0.588622
11541,0.592915
11542,1.113686
11543,1.395394
11544,-0.605572
11545,-0.182473
11546,-1.187079
11547,-0.253353
11548,0.010420
11549,0.269066
11550,0.137365
11551,0.675939
11552,1.130381
11553,-0.490957
11554,0.286136
11555,0.828692
11556,2.584632
11557,-0.742410
11558,2.838618
11559,1.333845
11560,-0.460762
11561,-0.440010
11562,-0.766020
11563,-0.165894
11564,-0.291199
11565,1.447946
11566,0.337980
11567,0.841489
11568,0.119069
11569,-0.607454
11570,-0.622936
11571,1.336978
11572,-0.334292
11573,0.031844
11574,-1.310728
11575,-0.039089
11576,-0.743691
11577,-0.088968
11578,-1.293893
11579,0.917295
11580,0.984197
11581,-0.549611
11582,-0.733159
11583,0.410179
11584,0.591529
11585,-0.096999
11586,-1.025479
11587,0.084891
11588,1.725521
11589,-0.898428
11590,0.272284
11591,-1.415609
11592,-1.980683
11593,0.346146
11594,0.358223
11595,-0.288849
11596,-1.280003
11597,-1.380585
11598,-0.809305
11599,0.409287
11600,-1.939922
11601,-0.439075
11602,-0.486091
11603,-0.906655
11604,-2.164258
11605,-0.771548
11606,-0.741999
11607,0.766547
11608,-0.888269
11609,-1.384698
11610,-1.056340
11611,-1.182148
11612,-0.105017
11613,-0.150012
11614,-0.036127
11615,-0.029749
11616,1.036639
11617,0.916936
11618,-0.603971
11619,1.216258
11620,0.175199
11621,-1.828064
11622,0.060038
11623,1.161151
11624,-0.422985
11625,-0.644162
11626,0.918862
11627,2.058258
11628,1.766196
11629,0.035803
11630,-1.245811
11631,-0.332199
11632,0.961434
11633,0.250382
11634,1.171156
11635,1.142703
11636,-0.163473
11637,-0.026204
11638,0.086288
11639,0.400401
11640,1.187387
11641,2.079791
11642,1.378954
11643,-1.355975
11644,-0.508437
11645,0.158348
11646,-0.384097
11647,-1.279340
11648,0.193054
11649,0.340115
11650,2.048311
11651,-1.032521
11652,-0.635621
11653,-0.580092
11654,-0.611915
11655,-0.417100
11656,-0.144317
11657,0.256430
11658,-0.793748
11659,-0.172676
11660,0.334383
11661,0.088731
11662,-2.205979
11663,0.680648
11664,-1.311762
11665,-0.390677
11666,-1.849553
11667,-1.915689
11668,0.752914
11669,-0.387601
11670,-0.261077
11671,-0.030743
11672,-0.925730
11673,-0.994331
11674,1.461032
11675,0.231178
11676,0.633245
11677,0.509543
11678,1.308706
11679,-0.609420
11680,0.043208
11681,-0.068545
11682,0.620965
11683,-1.207226
11684,0.593374
11685,0.575544
11686,0.368282
11687,-0.003089
11688,-0.042756
11689,-0.307551
11690,-0.851617
11691,-1.842054
11692,-1.902308
11693,0.574797
11694,-0.916785
11695,0.018609
11696,-0.563500
11697,-0.180234
11698,-1.735131
11699,-0.098312
11700,-0.486145
11701,0.469876
11702,0.589763
11703,0.606120
11704,1.637182
11705,-0.118924
11706,1.250077
11707,0.283842
11708,-0.195970
11709,0.025494
11710,0.871055
11711,-1.279355
11712,-1.135293
11713,-1.021392
11714,-1.637400
11715,-2.377403
11716,1.707120
11717,-0.210298
11718,0.465959
11719,-0.018341
11720,0.555454
11721,-0.184286
11722,-1.714840
11723,0.188626
11724,-0.274694
11725,0.977752
11726,-0.409382
11727,-0.590546
11728,-0.363936
11729,-0.520794
11730,-0.602645
11731,-0.221997
11732,2.350527
11733,0.484158
11734,0.308082
11735,0.294344
11736,0.044285
11737,-0.407790
11738,1.606612
11739,2.863204
11740,1.322835
11741,-0.687627
11742,0.132827
11743,1.706640
11744,2.454731
11745,-0.229008
11746,-0.047041
11747,-0.599393
11748,0.766262
11749,-0.893160
11750,-1.243772
11751,0.411194
11752,0.366974
11753,0.073866
11754,-1.092636
11755,-1.537229
11756,-0.724110
11757,1.192250
11758,0.247127
11759,-0.595210
11760,-0.585872
11761,-0.610838
11762,-0.581002
11763,-0.348351
11764,1.240648
11765,0.166356
11766,0.409919
11767,3.675939
11768,2.731410
11769,1.838673
11770,0.332546
11771,0.406936
11772,-0.814422
11773,0.296029
11774,0.178507
11775,1.986536
11776,0.115625
11777,-2.088155
11778,-1.312473
11779,-0.826268
11780,-0.869487
11781,-0.489448
11782,0.076352
11783,-2.889462
11784,-0.649997
11785,0.146686
11786,-0.159431
11787,0.553420
11788,-2.689676
11789,-0.571888
11790,-0.219798
11791,0.672492
11792,-0.819606
11793,0.000469
11794,-0.224897
11795,-0.617257
11796,-0.284993
11797,-1.802680
11798,0.030347
11799,-0.409714
11800,-1.075113
11801,-0.883826
11802,0.923061
11803,-0.215357
11804,-0.928832
11805,-1.071104
11806,1.033394
11807,0.672116
11808,-0.069702
11809,-2.309815
11810,-0.115185
11811,1.024476
11812,1.577118
11813,-0.280135
11814,0.647809
11815,-0.235076
11816,-0.197437
11817,-0.323388
11818,0.891429
11819,-1.765855
11820,-0.852082
11821,-0.938058
11822,0.669024
11823,1.201520
11824,1.311495
11825,-0.021528
11826,-1.089678
11827,0.734195
11828,-0.545904
11829,1.091085
11830,0.434278
11831,0.221688
11832,1.993690
11833,-0.042369
11834,0.356921
11835,2.093218
11836,0.517443
11837,0.272871
11838,-0.295823
11839,-0.200940
11840,1.378889
11841,0.002659
11842,0.594280
11843,-3.064283
11844,-0.856857
11845,0.551357
11846,-0.747729
11847,-0.310968
11848,1.091319
11849,-0.107893
11850,-0.332707
11851,1.392699
11852,1.321351
11853,0.482681
11854,0.109477
11855,2.046550
11856,0.120854
11857,-0.389800
11858,0.445544
11859,-0.081025
11860,-2.291652
11861,-0.001084
11862,-0.984803
11863,-1.632206
11864,0.500158
11865,2.823159
11866,2.327806
11867,1.041850
11868,0.716040
11869,-0.764501
11870,2.161049
11871,-0.079489
11872,1.315492
11873,-0.248709
11874,0.245945
11875,-0.146848
11876,0.761001
11877,-0.333270
11878,0.165223
11879,0.648574
11880,-0.046282
11881,0.094595
11882,1.299512
11883,1.589175
11884,0.698307
11885,0.176911
11886,-1.048491
11887,-0.347826
11888,-0.939641
11889,0.576201
11890,0.312695
11891,-1.523731
11892,0.216102
11893,0.234234
11894,-0.337626
11895,-1.651497
11896,-1.029979
11897,1.265355
11898,-0.336202
11899,-0.021857
11900,0.892513
11901,-1.787975
11902,-1.546949
11903,0.597204
11904,0.349722
11905,-0.031565
11906,0.191775
11907,1.805188
11908,2.425123
11909,1.846954
11910,0.893747
11911,-0.466400
11912,0.856204
11913,0.492647
11914,-0.257641
11915,-0.521435
11916,-0.131112
11917,0.259560
11918,-0.800933
11919,0.533632
11920,-0.159084
11921,0.276549
11922,0.549003
11923,-1.691719
11924,-1.044908
11925,-0.440446
11926,0.958863
11927,-1.562533
11928,0.834445
11929,1.381404
11930,-0.549721
11931,0.305270
11932,-0.864582
11933,-0.384120
11934,-1.693250
11935,-1.403888
11936,-0.093047
11937,0.220868
11938,0.123078
11939,0.928709
11940,1.440921
11941,-0.094171
11942,-0.738093
11943,-0.518205
11944,-0.639746
11945,-0.986736
11946,2.075365
11947,0.765167
11948,-1.451685
11949,-0.145447
11950,0.135285
11951,-1.112662
11952,-1.191450
11953,0.717738
11954,-2.277511
11955,-0.808859
11956,-0.162464
11957,-0.320401
11958,0.006304
11959,0.505854
11960,-1.228149
11961,-0.062007
11962,-0.303917
11963,-0.934488
11964,0.731246
11965,0.768515
11966,-1.500257
11967,0.494959
11968,0.190323
11969,0.973159
11970,0.792681
11971,0.982055
11972,-0.613228
11973,-0.119775
11974,1.516287
11975,1.274807
11976,-0.619608
11977,-0.574081
11978,-0.999950
11979,-0.101317
11980,-0.586880
11981,-0.403489
11982,-1.566134
11983,1.148430
11984,-0.077713
11985,-0.074127
11986,-0.032691
11987,0.861579
11988,0.889963
11989,-1.561455
11990,0.228847
11991,-0.701387
11992,-0.814432
11993,-0.813998
11994,0.786020
11995,0.219449
11996,-0.537715
11997,-1.636371
11998,-0.358314
11999,-1.643594
12000,-1.009850
12001,-0.140609
12002,1.040448
12003,-0.477941
12004,0.410314
12005,0.683647
12006,-0.118964
12007,-1.078647
12008,1.331086
12009,1.481129
12010,2.609277
12011,0.686691
12012,0.128592
12013,1.761267
12014,2.596181
12015,2.585190
12016,0.710078
12017,2.284722
12018,-1.073263
12019,1.095983
12020,-0.877117
12021,0.890163
12022,1.561889
12023,1.627129
12024,0.970556
12025,0.589569
12026,-3.049239
12027,-0.329441
12028,3.097170
12029,0.798047
12030,0.461099
12031,-1.554628
12032,-0.483438
12033,-1.527866
12034,0.544319
12035,1.561008
12036,2.531269
12037,1.214279
12038,-0.858276
12039,-1.337557
12040,0.221006
12041,0.704857
12042,-1.885304
12043,-0.843808
12044,-0.936533
12045,0.760876
12046,0.896391
12047,-1.315052
12048,-0.267811
12049,-0.203036
12050,-0.005069
12051,-2.145256
12052,-1.061659
12053,-0.779769
12054,-1.457340
12055,0.270080
12056,1.108008
12057,0.544527
12058,-1.112401
12059,-0.025097
12060,-1.506267
12061,-0.190358
12062,-1.707366
12063,-2.064414
12064,-1.247431
12065,-0.892937
12066,1.141267
12067,0.737570
12068,1.091354
12069,0.688065
12070,1.425800
12071,1.499854
12072,1.567437
12073,-0.164153
12074,-0.015736
12075,0.223523
12076,0.841810
12077,-0.277724
12078,1.960083
12079,2.314974
12080,1.133494
12081,1.231970
12082,0.324546
12083,0.694209
12084,-0.380509
12085,-0.402876
12086,-0.790952
12087,-2.135838
12088,-2.031827
12089,0.917884
12090,-0.343064
12091,-1.608220
12092,-0.080580
12093,-0.203807
12094,-0.965352
12095,1.126346
12096,1.075065
12097,-1.081035
12098,1.430016
12099,1.738562
12100,-1.061114
12101,-0.886406
12102,-0.642117
12103,-0.726151
12104,0.733277
12105,0.521246
12106,-0.195038
12107,1.274740
12108,1.017576
12109,0.386851
12110,-0.088470
12111,-2.308214
12112,0.532165
12113,-1.895142
12114,2.997042
12115,1.533008
12116,-0.190464
12117,1.763450
12118,0.400296
12119,-0.388676
12120,1.327939
12121,1.239919
12122,0.558529
12123,-0.043696
12124,-1.021803
12125,0.607438
12126,-0.542230
12127,-1.078107
12128,-2.289033
12129,-1.312619
12130,-2.727730
12131,-0.972298
12132,0.945054
12133,1.388928
12134,1.290987
12135,1.287978
12136,1.289025
12137,0.177945
12138,0.149418
12139,-0.202396
12140,0.574665
12141,-0.538338
12142,1.241162
12143,0.339408
12144,-0.041792
12145,-0.683888
12146,-0.965616
12147,0.106217
12148,-0.727120
12149,-0.126094
12150,0.685341
12151,1.803293
12152,-0.519393
12153,0.796947
12154,0.366046
12155,0.150892
12156,1.156896
12157,0.350587
12158,-0.064671
12159,-0.949854
12160,0.419784
12161,0.098518
12162,-2.173750
12163,0.415131
12164,0.262660
12165,-0.181453
12166,-1.122289
12167,-0.685349
12168,-0.636009
12169,1.223654
12170,0.323412
12171,0.041805
12172,-0.738569
12173,0.082043
12174,-1.438218
12175,-1.734011
12176,-0.076240
12177,-0.930953
12178,-1.801592
12179,0.175085
12180,-0.420075
12181,-0.841964
12182,0.933440
12183,2.430433
12184,1.704295
12185,-1.123709
12186,-0.076819
12187,-0.520899
12188,0.034172
12189,0.022991
12190,-1.239311
12191,1.293811
12192,1.381431
12193,1.571991
12194,0.168860
12195,1.105038
12196,-1.516659
12197,-0.675775
12198,-0.677890
12199,-0.456265
12200,0.302328
12201,0.015374
12202,-1.170897
12203,-0.927939
12204,-1.153825
12205,-1.309031
12206,-0.886163
12207,0.176422
12208,0.667102
12209,-1.438043
12210,1.140684
12211,-0.726367
12212,-0.520137
12213,0.589033
12214,-1.302515
12215,1.419111
12216,-1.094975
12217,-0.303715
12218,0.547107
12219,-0.149124
12220,1.894472
12221,0.286066
12222,-0.349716
12223,-0.312641
12224,0.354273
12225,-1.799567
12226,-0.633408
12227,0.049445
12228,0.074811
12229,-0.965755
12230,-0.639101
12231,0.393490
12232,-0.578520
12233,0.001668
12234,0.006395
12235,-1.093489
12236,-0.230885
12237,-0.302500
12238,-1.993996
12239,-0.039653
12240,0.574792
12241,0.257862
12242,-1.141143
12243,1.836797
12244,1.824629
12245,-1.054356
12246,0.699804
12247,0.533965
12248,-0.991023
12249,0.437471
12250,-0.049338
12251,0.117062
12252,0.062544
12253,-0.154355
12254,-0.714252
12255,2.233864
12256,1.884757
12257,-1.043669
12258,0.562219
12259,0.256253
12260,-0.628415
12261,-0.378235
12262,0.845670
12263,-0.385769
12264,0.897407
12265,-1.049486
12266,-1.040561
12267,0.116880
12268,-0.370318
12269,-1.302471
12270,0.878358
12271,0.538417
12272,1.144633
12273,-0.064988
12274,0.208457
12275,1.279545
12276,-0.448306
12277,0.935450
12278,0.740978
12279,1.658889
12280,2.349348
12281,0.795318
12282,-0.132365
12283,1.445781
12284,0.868847
12285,1.815127
12286,-0.597600
12287,0.732514
12288,0.261761
12289,1.863474
12290,0.883409
12291,-0.316922
12292,0.404896
12293,0.549844
12294,1.599971
12295,1.033263
12296,-1.752017
12297,0.254278
12298,0.759356
12299,-0.743747
12300,-1.385752
12301,-1.398909
12302,0.033375
12303,-1.582170
12304,2.337818
12305,1.024961
12306,3.259805
12307,0.007687
12308,-0.971690
12309,-1.592752
12310,-1.282950
12311,0.042987
12312,0.017190
12313,1.529086
12314,-0.043642
12315,-0.213207
12316,0.184323
12317,-0.823831
12318,1.497652
12319,-0.191601
12320,0.082064
12321,0.264721
12322,-0.985038
12323,0.955460
12324,0.535044
12325,2.504001
12326,-1.197403
12327,-0.055324
12328,-1.913837
12329,-0.492912
12330,1.106321
12331,0.053507
12332,-0.775388
12333,0.353097
12334,0.359765
12335,0.941254
12336,0.813771
12337,0.579457
12338,-0.292428
12339,-1.270751
12340,0.224518
12341,-0.037399
12342,1.613213
12343,-0.312753
12344,-0.817865
12345,-0.342920
12346,-0.512252
12347,0.277288
12348,0.633826
12349,-1.435729
12350,-0.012257
12351,-0.849641
12352,-0.484963
12353,0.818094
12354,-0.347811
12355,-0.481438
12356,0.695059
12357,0.872346
12358,-0.373416
12359,0.589075
12360,-0.686340
12361,-2.115500
12362,-2.057396
12363,0.480562
12364,2.489013
12365,2.083616
12366,0.474309
12367,-1.799002
12368,-2.119868
12369,-1.451182
12370,0.634868
12371,1.074410
12372,1.766546
12373,1.598304
12374,0.507380
12375,0.099685
12376,0.327435
12377,1.911124
12378,0.015238
12379,-1.654855
12380,-0.136140
12381,-0.504347
12382,-1.063410
12383,-0.361717
12384,-0.424236
12385,-0.466158
12386,-0.057888
12387,-1.036725
12388,0.372284
12389,-0.473746
12390,-0.809041
12391,-0.235960
12392,1.794423
12393,1.134692
12394,0.396725
12395,0.372909
12396,0.173117
12397,-1.157121
12398,0.012562
12399,-1.125224
12400,0.036647
12401,0.983299
12402,-2.090385
12403,-0.025512
12404,1.374209
12405,-0.278206
12406,0.279389
12407,1.833782
12408,-0.142381
12409,1.100801
12410,-0.858306
12411,-1.243602
12412,0.798501
12413,0.217107
12414,-2.276936
12415,0.786410
12416,-0.607441
12417,0.985004
12418,0.011603
12419,-0.918602
12420,0.676237
12421,0.155742
12422,-0.854808
12423,0.999421
12424,1.432020
12425,0.928413
12426,1.443573
12427,0.039124
12428,1.544084
12429,0.097151
12430,-0.051760
12431,0.443854
12432,-0.440026
12433,-0.180538
12434,0.274797
12435,0.245936
12436,0.009001
12437,0.485808
12438,-0.900738
12439,0.245400
12440,0.142179
12441,0.250179
12442,-0.424136
12443,-1.540023
12444,-0.050011
12445,-0.132142
12446,-0.229790
12447,2.044711
12448,1.265537
12449,-1.309501
12450,0.607614
12451,1.834884
12452,0.073458
12453,1.002337
12454,0.162528
12455,0.474377
12456,2.730503
12457,-0.021928
12458,-0.602224
12459,0.026471
12460,-1.196595
12461,0.484302
12462,0.158466
12463,-0.812890
12464,1.541642
12465,1.292123
12466,-0.046978
12467,1.511753
12468,-0.750669
12469,1.402769
12470,0.831911
12471,-1.462489
12472,0.822219
12473,-0.104792
12474,1.421896
12475,0.453875
12476,-0.268154
12477,0.336064
12478,-0.342481
12479,0.226836
12480,0.741113
12481,-0.167257
12482,-0.239490
12483,1.439524
12484,-0.482674
12485,-1.217148
12486,0.766943
12487,-0.181355
12488,1.127348
12489,-0.424600
12490,1.151258
12491,0.275600
12492,1.370592
12493,-0.393506
12494,0.059663
12495,1.624096
12496,1.156819
12497,-0.115499
12498,0.184056
12499,0.328622
12500,0.621231
12501,0.586504
12502,-0.764634
12503,0.140937
12504,-1.069681
12505,-1.469784
12506,-1.362088
12507,-0.603004
12508,-0.368559
12509,1.284025
12510,0.982410
12511,-0.714030
12512,-0.514380
12513,-0.598746
12514,-2.841098
12515,0.524444
12516,-0.834098
12517,-0.987413
12518,0.963262
12519,-1.667914
12520,-0.175074
12521,1.147828
12522,0.782418
12523,-0.477103
12524,0.860016
12525,-1.116821
12526,-0.968258
12527,-0.565291
12528,0.054477
12529,0.337541
12530,-0.126534
12531,-1.646108
12532,-0.408620
12533,-0.723930
12534,0.004316
12535,-0.151176
12536,1.206064
12537,1.075169
12538,2.225797
12539,1.789909
12540,-0.458106
12541,-0.679309
12542,-0.467651
12543,-0.506583
12544,1.043592
12545,2.016726
12546,0.927873
12547,0.380750
12548,0.018092
12549,0.930943
12550,-0.851344
12551,-3.348519
12552,-0.940623
12553,1.968500
12554,0.417314
12555,0.217705
12556,-0.357791
12557,-1.845118
12558,-0.548224
12559,1.475555
12560,-0.843301
12561,1.038142
12562,-1.131938
12563,-0.614350
12564,-0.806796
12565,-1.415181
12566,-0.285944
12567,-0.234413
12568,-2.274001
12569,-0.703835
12570,0.100745
12571,0.654988
12572,-1.622079
12573,-0.537032
12574,-0.004058
12575,0.750808
12576,-0.998904
12577,-1.229720
12578,-0.470230
12579,-2.324809
12580,0.243181
12581,-1.161667
12582,-0.244949
12583,-0.506794
12584,0.738144
12585,0.626406
12586,-1.731010
12587,-0.087989
12588,0.217783
12589,1.319444
12590,1.264864
12591,0.674737
12592,0.382827
12593,-0.310421
12594,0.773754
12595,0.915489
12596,-0.196730
12597,1.330255
12598,1.603640
12599,0.148661
12600,-0.855912
12601,0.005757
12602,-1.556774
12603,-0.593160
12604,0.308827
12605,-0.484231
12606,-1.335023
12607,-0.880429
12608,-0.030332
12609,0.375147
12610,1.744128
12611,0.558953
12612,0.620511
12613,1.292042
12614,0.804946
12615,-2.016508
12616,-1.073082
12617,0.212224
12618,0.381007
12619,0.895578
12620,1.916295
12621,-0.192075
12622,0.202758
12623,0.110221
12624,1.172824
12625,1.807697
12626,0.174025
12627,0.371386
12628,1.862488
12629,-0.163946
12630,-1.228702
12631,1.419668
12632,-1.330072
12633,0.811465
12634,1.233683
12635,1.533499
12636,-0.019037
12637,1.633236
12638,0.236961
12639,-2.046697
12640,0.110032
12641,-0.135675
12642,0.563087
12643,-0.872973
12644,-0.221307
12645,-0.155639
12646,0.587861
12647,0.232668
12648,-0.988907
12649,-0.393954
12650,0.824331
12651,-0.031787
12652,-0.849990
12653,-1.238616
12654,-1.168912
12655,0.782247
12656,0.982161
12657,2.810164
12658,2.013237
12659,1.636339
12660,1.460693
12661,0.780574
12662,-0.464609
12663,-0.189451
12664,-0.946414
12665,0.814157
12666,-0.669018
12667,-2.032028
12668,-0.470040
12669,1.066488
12670,-0.097247
12671,-1.904686
12672,-0.532027
12673,-0.561558
12674,-0.421310
12675,-1.264859
12676,-0.582349
12677,0.797145
12678,1.157305
12679,0.761429
12680,-1.717458
12681,-0.844168
12682,-1.701519
12683,0.711725
12684,-1.428012
12685,1.292086
12686,-1.644026
12687,-0.552346
12688,-0.925060
12689,0.937821
12690,-0.043327
12691,-0.801077
12692,-0.325671
12693,0.192326
12694,-1.063704
12695,-0.249252
12696,-1.599795
12697,0.624608
12698,-0.747455
12699,0.492230
12700,-0.283478
12701,0.590014
12702,-1.711497
12703,0.302347
12704,-1.221953
12705,0.516083
12706,0.284904
12707,0.295296
12708,1.369788
12709,-0.890157
12710,1.294238
12711,0.622298
12712,0.616103
12713,0.395927
12714,-0.100563
12715,0.864212
12716,-0.349304
12717,1.594567
12718,0.884230
12719,2.054891
12720,-0.655085
12721,-1.065693
12722,-0.822847
12723,-0.293091
12724,1.311492
12725,0.510949
12726,0.094623
12727,-0.007781
12728,-1.238018
12729,0.863958
12730,1.109959
12731,2.717612
12732,-0.069549
12733,-0.122654
12734,0.777327
12735,0.783396
12736,0.600656
12737,-0.669809
12738,-0.227676
12739,-0.163891
12740,-1.703614
12741,-0.455608
12742,-0.799124
12743,-1.073776
12744,0.116281
12745,-1.270498
12746,-1.716432
12747,-0.675605
12748,0.753922
12749,0.631497
12750,-0.814629
12751,-0.039795
12752,0.211803
12753,0.031325
12754,0.313141
12755,-1.663445
12756,-1.070131
12757,-1.413300
12758,-1.540644
12759,0.273480
12760,-1.392590
12761,-1.779573
12762,0.963757
12763,-0.655532
12764,1.293724
12765,0.501888
12766,-0.305607
12767,-0.911263
12768,0.230334
12769,0.343971
12770,-0.097118
12771,-0.417892
12772,-0.931013
12773,1.960320
12774,1.363582
12775,-1.448626
12776,-1.338863
12777,-2.053804
12778,-0.959065
12779,-0.443761
12780,1.245496
12781,1.305373
12782,1.050581
12783,-0.011219
12784,0.731108
12785,-2.147213
12786,0.159375
12787,-0.014961
12788,-0.659525
12789,-0.004150
12790,-1.718000
12791,-1.764870
12792,-0.930483
12793,0.939180
12794,-0.848204
12795,-0.176109
12796,1.376854
12797,0.845301
12798,0.758961
12799,0.621990
12800,0.943501
12801,1.354815
12802,1.420255
12803,0.429611
12804,0.560445
12805,1.161711
12806,1.218161
12807,0.799048
12808,-0.541695
12809,-0.437903
12810,0.327676
12811,-0.034250
12812,0.631917
12813,-0.118287
12814,0.486890
12815,0.137224
12816,0.194547
12817,-0.398981
12818,1.369590
12819,1.470488
12820,0.250905
12821,1.471354
12822,1.605812
12823,0.798787
12824,-0.742738
12825,-0.160093
12826,-0.313080
12827,-0.539803
12828,0.182657
12829,0.810920
12830,0.292031
12831,1.721009
12832,-0.144447
12833,-0.743872
12834,-1.077123
12835,-2.436842
12836,0.144001
12837,-1.125348
12838,1.404100
12839,0.784973
12840,1.590683
12841,-0.685628
12842,-0.518961
12843,1.056727
12844,1.104748
12845,-0.842208
12846,0.482902
12847,0.357860
12848,0.736400
12849,-2.183888
12850,-0.271653
12851,0.999727
12852,0.258912
12853,0.557626
12854,0.693259
12855,-0.015339
12856,-0.899027
12857,-0.073922
12858,-0.311009
12859,-0.702549
12860,0.418025
12861,1.947981
12862,0.451461
12863,-0.316828
12864,-1.996730
12865,-0.778937
12866,-0.841074
12867,0.514090
12868,0.907466
12869,-1.805904
12870,-2.073901
12871,-0.276949
12872,0.934532
12873,-1.131476
12874,1.075686
12875,2.505148
12876,-0.415279
12877,-0.822221
12878,-0.020435
12879,-1.205015
12880,-1.155339
12881,0.490595
12882,0.985585
12883,1.003956
12884,-0.972414
12885,-1.224527
12886,0.027440
12887,2.134090
12888,-0.167474
12889,-0.404172
12890,-0.145395
12891,0.270395
12892,1.039381
12893,-0.386505
12894,-1.160690
12895,0.544440
12896,0.124637
12897,-1.483595
12898,-1.773317
12899,0.025226
12900,0.097851
12901,0.126476
12902,-1.387465
12903,0.531148
12904,-0.304735
12905,-3.060101
12906,-1.326099
12907,-0.971250
12908,-1.168333
12909,-1.435392
12910,-0.066859
12911,0.803758
12912,-0.506989
12913,-1.839401
12914,-0.188626
12915,-0.634339
12916,-0.265689
12917,1.169995
12918,-0.335310
12919,-0.383040
12920,-0.308417
12921,-1.770591
12922,-1.219034
12923,-0.631461
12924,-2.180468
12925,-0.795206
12926,-0.835626
12927,-0.361939
12928,-0.867263
12929,-0.303002
12930,0.242751
12931,0.331043
12932,2.899691
12933,1.263643
12934,-0.413851
12935,2.108801
12936,1.927174
12937,-1.047593
12938,0.649905
12939,-0.692430
12940,-0.890673
12941,2.654576
12942,-0.894086
12943,1.491620
12944,0.371336
12945,-1.741806
12946,-0.665674
12947,-1.884988
12948,-0.732252
12949,-0.133526
12950,-0.381869
12951,0.177058
12952,0.784783
12953,2.439939
12954,-0.824681
12955,1.927021
12956,-0.829004
12957,-0.072206
12958,-0.769497
12959,0.284924
12960,0.198921
12961,1.862809
12962,0.004983
12963,-0.443089
12964,-0.359425
12965,1.102966
12966,0.208007
12967,-0.868478
12968,-0.960887
12969,-1.156311
12970,0.400147
12971,0.365654
12972,0.967038
12973,1.092067
12974,0.178931
12975,0.051152
12976,1.520131
12977,0.390813
12978,1.679929
12979,0.006088
12980,2.539124
12981,0.003520
12982,0.635805
12983,-1.529276
12984,0.169295
12985,0.259813
12986,1.738414
12987,-0.872343
12988,0.318224
12989,0.359203
12990,0.501225
12991,-2.375696
12992,-1.256132
12993,-0.352271
12994,1.122272
12995,0.718312
12996,0.872547
12997,0.497766
12998,0.773503
12999,0.434982
13000,-0.406369
13001,-1.284112
13002,-0.390369
13003,0.730935
13004,1.814253
13005,1.064242
13006,1.243547
13007,-0.909453
13008,-1.351738
13009,-0.680771
13010,-1.134282
13011,-0.754704
13012,-0.471791
13013,1.061799
13014,-0.196008
13015,-0.046913
13016,0.409769
13017,0.403827
13018,-1.313988
13019,-0.184859
13020,1.445808
13021,0.970044
13022,-0.282745
13023,0.662953
13024,-0.131550
13025,0.817104
13026,1.603338
13027,2.610620
13028,1.280911
13029,-1.192819
13030,-0.849139
13031,0.373879
13032,1.543053
13033,1.211981
13034,0.451874
13035,0.244754
13036,-0.523183
13037,-0.469634
13038,-0.861399
13039,0.937930
13040,-0.897229
13041,0.236850
13042,-1.028091
13043,-1.773347
13044,-1.918661
13045,0.570856
13046,-0.285127
13047,-0.753903
13048,-1.774126
13049,-1.265013
13050,-0.168042
13051,0.527354
13052,-0.200012
13053,0.265711
13054,-0.069173
13055,-0.213773
13056,-2.249647
13057,-0.584833
13058,-1.368327
13059,-2.967443
13060,1.271070
13061,1.379995
13062,1.869237
13063,1.611127
13064,-0.911606
13065,1.084412
13066,-0.288817
13067,0.430072
13068,1.497453
13069,0.891894
13070,0.469469
13071,0.117282
13072,0.234659
13073,-0.933816
13074,0.494935
13075,0.208662
13076,1.139593
13077,-0.278752
13078,-2.084656
13079,-0.902534
13080,-1.121508
13081,-1.074434
13082,-0.878892
13083,-1.137615
13084,0.945880
13085,-0.621567
13086,1.678348
13087,-0.343666
13088,-0.446375
13089,-0.604415
13090,1.154065
13091,1.622959
13092,0.732314
13093,0.421180
13094,-0.515395
13095,1.120551
13096,0.349061
13097,-0.351448
13098,-0.524124
13099,-1.221957
13100,-1.081679
13101,-0.495363
13102,-1.114533
13103,2.230888
13104,2.214914
13105,0.950325
13106,1.411137
13107,1.889349
13108,-0.071187
13109,1.782832
13110,0.098523
13111,1.727025
13112,0.254499
13113,-0.478197
13114,-0.006458
13115,2.180928
13116,-0.877705
13117,1.311991
13118,0.982218
13119,1.336848
13120,0.268910
13121,-0.395661
13122,-0.931758
13123,0.682360
13124,0.136095
13125,0.440761
13126,-0.520472
13127,-0.485635
13128,0.048201
13129,0.406815
13130,-0.058057
13131,-1.630857
13132,1.011231
13133,-0.395150
13134,-0.369556
13135,0.634302
13136,0.120088
13137,0.409795
13138,-1.107610
13139,-0.065022
13140,1.993234
13141,0.673440
13142,0.538031
13143,-1.522192
13144,1.283171
13145,0.336049
13146,-0.639534
13147,-1.189512
13148,0.601811
13149,-0.079217
13150,-0.428942
13151,-1.431942
13152,0.411416
13153,0.447923
13154,0.759500
13155,0.284516
13156,-0.796581
13157,-0.057970
13158,0.457682
13159,-1.500360
13160,-1.475688
13161,0.203646
13162,-0.480900
13163,1.128380
13164,0.950353
13165,1.473392
13166,-1.854246
13167,-1.832064
13168,-0.508075
13169,-1.187744
13170,-0.089037
13171,0.732449
13172,0.667954
13173,0.594446
13174,2.025632
13175,0.070503
13176,-0.595172
13177,-1.118581
13178,1.109885
13179,0.916207
13180,1.636678
13181,0.791615
13182,0.383292
13183,0.587467
13184,-0.473906
13185,1.508552
13186,1.578819
13187,0.074186
13188,1.332789
13189,0.778927
13190,-0.420446
13191,0.195153
13192,2.114874
13193,0.408686
13194,1.729448
13195,0.491535
13196,-0.352391
13197,1.506948
13198,-0.401924
13199,-0.728891
13200,-1.710103
13201,-1.087155
13202,1.798265
13203,1.148998
13204,-1.502302
13205,-2.087445
13206,-0.849388
13207,0.500770
13208,0.225101
13209,-0.681000
13210,-1.179334
13211,-2.914202
13212,0.592122
13213,-0.980561
13214,-0.460443
13215,0.590481
13216,0.605611
13217,0.458066
13218,-0.449398
13219,1.742077
13220,0.203096
13221,0.765316
13222,-0.550916
13223,0.111996
13224,0.122602
13225,1.778105
13226,-0.993611
13227,0.012810
13228,-0.917523
13229,0.344126
13230,0.983707
13231,0.598861
13232,-0.943694
13233,0.084368
13234,0.322774
13235,0.577716
13236,-0.341720
13237,0.154126
13238,-0.881232
13239,-0.655366
13240,-0.967536
13241,-0.754871
13242,-1.005520
13243,-0.357867
13244,0.392661
13245,0.662027
13246,-0.393665
13247,1.270593
13248,2.270805
13249,0.587925
13250,0.792319
13251,0.220849
13252,-0.119455
13253,-0.181027
13254,-0.924533
13255,-0.368861
13256,-0.341378
13257,-0.156649
13258,-1.037407
13259,-1.892472
13260,-1.005276
13261,0.292015
13262,-0.264584
13263,1.277415
13264,-0.015326
13265,0.996043
13266,1.555124
13267,-0.325217
13268,1.860030
13269,-0.199454
13270,-0.838120
13271,-0.234615
13272,-0.674042
13273,-0.232730
13274,-0.626836
13275,-0.693338
13276,0.290228
13277,-0.516269
13278,-0.516128
13279,0.242278
13280,-1.062432
13281,-0.330573
13282,-1.284006
13283,0.587459
13284,-0.449879
13285,0.419869
13286,-0.062868
13287,-2.035857
13288,-0.345051
13289,-1.429247
13290,0.408634
13291,-0.176075
13292,-1.602534
13293,0.559350
13294,0.200481
13295,0.403889
13296,0.712760
13297,-0.559135
13298,-1.545342
13299,1.276937
13300,-0.415566
13301,1.430733
13302,-1.090326
13303,0.584756
13304,-1.435044
13305,-2.122757
13306,1.179636
13307,1.688138
13308,-0.514622
13309,0.318037
13310,0.251070
13311,0.911832
13312,0.662415
13313,1.017565
13314,-0.612857
13315,-0.911716
13316,-0.333795
13317,1.268616
13318,-1.332214
13319,-0.265846
13320,-1.445450
13321,-0.641941
13322,-0.158626
13323,-0.670565
13324,0.748243
13325,3.078804
13326,-0.518607
13327,-0.263339
13328,1.131560
13329,1.475154
13330,0.260096
13331,1.554214
13332,-1.326014
13333,0.258714
13334,0.065987
13335,2.006416
13336,0.291379
13337,1.576314
13338,0.079068
13339,-0.059035
13340,1.128471
13341,1.337281
13342,0.418895
13343,-0.033932
13344,0.672609
13345,0.680284
13346,1.333032
13347,-0.539415
13348,-0.427612
13349,-0.238980
13350,-0.346171
13351,0.214199
13352,0.824470
13353,-0.107122
13354,-1.115509
13355,0.450295
13356,-0.803217
13357,-0.841011
13358,0.140066
13359,-1.355872
13360,0.010087
13361,-0.139522
13362,0.501071
13363,-0.281800
13364,-0.673433
13365,-1.421278
13366,0.526123
13367,-0.864543
13368,0.102351
13369,-0.413226
13370,-0.516493
13371,0.027317
13372,-0.883202
13373,-0.493260
13374,-0.765207
13375,0.176407
13376,-0.356024
13377,-1.134931
13378,-1.314226
13379,-1.482747
13380,-2.726650
13381,0.467937
13382,2.161035
13383,0.936722
13384,0.723113
13385,1.247890
13386,0.857919
13387,1.456748
13388,-0.960166
13389,0.262331
13390,-0.219609
13391,2.771443
13392,1.334545
13393,-0.062937
13394,-0.270325
13395,1.155229
13396,-0.139839
13397,-1.025349
13398,0.388574
13399,-0.657534
13400,0.066530
13401,0.597075
13402,-0.214965
13403,-2.004682
13404,-1.352234
13405,0.182103
13406,0.545061
13407,-0.327701
13408,-0.247350
13409,-0.652239
13410,1.699107
13411,0.821018
13412,0.503497
13413,1.317481
13414,0.234470
13415,0.118813
13416,0.208297
13417,0.337658
13418,0.408270
13419,0.356101
13420,0.841100
13421,1.107189
13422,0.745588
13423,0.692288
13424,0.449070
13425,-0.314910
13426,0.311150
13427,1.553860
13428,-0.243868
13429,0.225072
13430,1.505964
13431,-0.599776
13432,0.429794
13433,0.658041
13434,0.787791
13435,-0.333427
13436,0.815544
13437,0.084499
13438,-1.349415
13439,0.579004
13440,-0.877059
13441,0.047412
13442,-0.497500
13443,-0.014620
13444,-0.713022
13445,-0.329938
13446,-0.040200
13447,-1.343998
13448,1.925243
13449,1.044364
13450,0.681145
13451,-1.279337
13452,-1.596674
13453,-0.481484
13454,-0.744443
13455,-0.009076
13456,1.090898
13457,1.546277
13458,0.784957
13459,1.199759
13460,-1.162206
13461,-0.330175
13462,-1.323712
13463,-0.444286
13464,0.171539
13465,-1.128527
13466,-0.189810
13467,0.060749
13468,0.088791
13469,-0.425807
13470,1.108674
13471,0.285838
13472,-0.020201
13473,-0.185111
13474,-1.510138
13475,-0.091470
13476,0.127250
13477,0.484450
13478,-0.515379
13479,1.243849
13480,-1.859984
13481,-1.101047
13482,-0.773409
13483,0.697437
13484,1.357626
13485,0.521853
13486,0.864010
13487,-0.323621
13488,-0.613987
13489,-0.843341
13490,0.071612
13491,0.371879
13492,0.208317
13493,-0.087238
13494,0.092920
13495,0.067933
13496,0.794812
13497,0.533291
13498,0.198060
13499,0.895978
13500,0.856964
13501,-0.705490
13502,-1.580024
13503,-2.235113
13504,-1.967864
13505,-0.739057
13506,-0.573616
13507,-0.728411
13508,-1.225143
13509,0.578357
13510,-0.378596
13511,-0.146298
13512,0.937560
13513,0.271491
13514,-1.615326
13515,-0.915455
13516,-0.507764
13517,-0.000932
13518,1.374592
13519,1.109387
13520,0.288322
13521,0.098090
13522,0.675181
13523,1.276670
13524,1.028491
13525,0.562167
13526,1.244573
13527,0.545625
13528,-0.156523
13529,0.169477
13530,1.448873
13531,1.087850
13532,-0.475504
13533,-0.459835
13534,-0.318769
13535,0.222098
13536,1.240035
13537,-0.055461
13538,0.183920
13539,-0.625151
13540,-1.286307
13541,0.617481
13542,1.154015
13543,-0.282002
13544,-0.724607
13545,-0.380878
13546,0.041594
13547,1.464616
13548,-0.640604
13549,0.682328
13550,0.671262
13551,-0.145560
13552,-2.582069
13553,-0.201803
13554,0.003925
13555,-0.555084
13556,0.782866
13557,0.487763
13558,0.464316
13559,0.239221
13560,0.916163
13561,-0.480716
13562,0.311771
13563,-0.765846
13564,-0.491609
13565,0.172924
13566,2.043996
13567,-0.131954
13568,1.814144
13569,0.793804
13570,3.066046
13571,1.525584
13572,0.017131
13573,1.662037
13574,-0.704739
13575,1.176323
13576,0.251961
13577,-0.634133
13578,0.632265
13579,-2.925229
13580,-1.119190
13581,2.215160
13582,0.801413
13583,1.328224
13584,0.832004
13585,2.604693
13586,-0.106519
13587,0.512697
13588,-0.912170
13589,-0.678146
13590,0.870110
13591,-0.722763
13592,-1.069815
13593,0.590568
13594,-0.648515
13595,-0.956934
13596,1.439739
13597,1.863849
13598,1.051932
13599,1.262904
13600,-0.701344
13601,0.966978
13602,-0.042686
13603,-1.078614
13604,-0.663708
13605,-0.967556
13606,0.819160
13607,1.150561
13608,2.587160
13609,1.158263
13610,-0.505861
13611,-1.665484
13612,0.337741
13613,-0.396310
13614,0.814187
13615,1.076792
13616,0.292475
13617,-0.071294
13618,-1.172938
13619,0.211325
13620,-1.118971
13621,-0.757918
13622,-0.090882
13623,1.001093
13624,1.586378
13625,0.145112
13626,-0.655170
13627,0.810251
13628,-0.062050
13629,0.921515
13630,0.665886
13631,0.039469
13632,1.929683
13633,-1.966141
13634,-1.307184
13635,1.225765
13636,0.908320
13637,-0.267110
13638,-0.791081
13639,-1.526869
13640,-1.034074
13641,-0.502328
13642,-0.557813
13643,0.308963
13644,0.967342
13645,-0.727730
13646,-0.478338
13647,-1.428980
13648,0.299775
13649,-0.752557
13650,0.190168
13651,-0.640569
13652,0.726126
13653,-0.797838
13654,1.828774
13655,0.448181
13656,-0.019330
13657,1.012366
13658,1.630848
13659,0.717453
13660,-0.235945
13661,0.241190
13662,-0.147019
13663,-0.935940
13664,-0.589622
13665,-1.058493
13666,0.967981
13667,1.857692
13668,0.015165
13669,1.056198
13670,0.820952
13671,-0.519607
13672,-0.196697
13673,-1.719429
13674,-1.090515
13675,-0.161544
13676,0.400979
13677,0.758521
13678,-0.267342
13679,0.944839
13680,0.630524
13681,-1.765908
13682,0.279908
13683,1.846437
13684,-1.007787
13685,-1.412812
13686,0.194624
13687,0.036494
13688,1.398867
13689,-0.011985
13690,0.444526
13691,0.239364
13692,-0.859273
13693,0.552736
13694,-0.186545
13695,-0.008475
13696,1.003552
13697,-0.917572
13698,0.774444
13699,0.045221
13700,0.678314
13701,0.343880
13702,0.343184
13703,0.944826
13704,0.046446
13705,1.397317
13706,-0.059446
13707,-0.873424
13708,-0.787097
13709,-1.049817
13710,0.671283
13711,-0.451674
13712,1.097692
13713,1.820029
13714,1.903840
13715,1.646355
13716,2.134627
13717,-0.763058
13718,-1.839461
13719,-0.831544
13720,-1.346268
13721,-1.327403
13722,-0.064445
13723,0.513073
13724,0.142383
13725,-1.322116
13726,-0.712805
13727,-0.446177
13728,1.559216
13729,-1.615198
13730,-1.059338
13731,-0.103781
13732,0.537339
13733,0.896947
13734,0.093246
13735,3.390811
13736,0.517932
13737,-0.056686
13738,0.556734
13739,0.202866
13740,-0.093697
13741,-0.335015
13742,0.553450
13743,-0.419471
13744,-0.087752
13745,-1.015231
13746,-0.590588
13747,-0.531665
13748,-1.747573
13749,-0.397245
13750,-0.314050
13751,-0.876719
13752,0.927239
13753,1.077113
13754,2.403494
13755,-0.505885
13756,1.008673
13757,-1.030648
13758,-1.543681
13759,-0.468908
13760,-0.225647
13761,-1.491916
13762,-1.882766
13763,-3.155646
13764,-2.021657
13765,0.181881
13766,0.426432
13767,-0.885827
13768,0.827415
13769,1.135439
13770,0.366155
13771,0.148210
13772,-0.909070
13773,0.449882
13774,0.701326
13775,-0.769957
13776,-0.535487
13777,-0.425586
13778,0.665143
13779,2.269375
13780,-0.209685
13781,-0.436027
13782,0.222920
13783,1.026863
13784,0.610516
13785,-0.280715
13786,-1.638891
13787,1.587715
13788,-0.351121
13789,0.068156
13790,-0.626172
13791,0.834728
13792,1.176360
13793,-0.742495
13794,0.240964
13795,1.590389
13796,0.587920
13797,-1.478652
13798,0.038356
13799,-0.299844
13800,-0.738827
13801,-0.860140
13802,1.088783
13803,0.588300
13804,-0.311312
13805,-1.011392
13806,0.954393
13807,0.935131
13808,1.116448
13809,0.757618
13810,1.215553
13811,-0.549162
13812,-2.350642
13813,-1.198716
13814,-0.309857
13815,1.709282
13816,0.811309
13817,0.286009
13818,-1.125802
13819,2.834758
13820,0.006431
13821,-0.369941
13822,1.107325
13823,-0.539998
13824,-0.442472
13825,-0.853170
13826,1.537612
13827,1.181375
13828,0.775510
13829,1.830053
13830,-0.742006
13831,0.248641
13832,0.936851
13833,1.370232
13834,-0.382129
13835,1.056197
13836,-1.037880
13837,-2.013092
13838,0.054677
13839,-1.653147
13840,-0.441775
13841,-1.290586
13842,-0.862934
13843,-1.028393
13844,-0.814437
13845,2.232572
13846,0.859917
13847,1.552246
13848,1.346139
13849,0.243789
13850,0.323107
13851,0.856751
13852,-0.454631
13853,1.684583
13854,0.401470
13855,0.552865
13856,0.238849
13857,-0.785209
13858,0.098329
13859,0.134757
13860,0.374467
13861,-0.518260
13862,-0.951405
13863,0.454960
13864,0.221077
13865,1.146765
13866,0.452463
13867,0.547937
13868,-0.072296
13869,1.416975
13870,0.984974
13871,3.007894
13872,1.939661
13873,-1.398585
13874,1.209217
13875,0.799802
13876,-1.314511
13877,-1.240836
13878,-0.418606
13879,0.228438
13880,0.564549
13881,1.669317
13882,2.595601
13883,0.695009
13884,0.674237
13885,0.099652
13886,0.766840
13887,1.732323
13888,-0.251538
13889,0.607407
13890,1.053488
13891,1.578272
13892,-0.861987
13893,1.921354
13894,-0.893425
13895,-0.871475
13896,-0.820934
13897,-1.522750
13898,-2.294733
13899,-0.333717
13900,-0.583564
13901,0.005688
13902,-0.829474
13903,-0.840423
13904,-0.275398
13905,0.889377
13906,-1.882585
13907,-1.136012
13908,-0.767883
13909,-1.687558
13910,-1.218755
13911,-0.425951
13912,0.773337
13913,0.012961
13914,0.748200
13915,1.217798
13916,-1.306034
13917,0.028416
13918,-1.147679
13919,0.030093
13920,-0.295181
13921,1.670386
13922,0.228507
13923,-0.048129
13924,-0.488245
13925,-1.283506
13926,0.371026
13927,0.033209
13928,-0.166052
13929,0.234535
13930,1.547068
13931,-0.793543
13932,0.944706
13933,0.862131
13934,1.496450
13935,-0.528307
13936,-0.598107
13937,1.460120
13938,0.106831
13939,-0.185880
13940,0.531155
13941,-0.099100
13942,1.139385
13943,1.377937
13944,-0.288487
13945,-0.364277
13946,0.625387
13947,-0.557405
13948,-0.059885
13949,-1.135764
13950,3.626074
13951,1.002498
13952,1.542229
13953,0.327098
13954,-0.119913
13955,-0.690863
13956,-1.411482
13957,-1.018096
13958,-1.058224
13959,1.614631
13960,-2.167043
13961,0.597464
13962,1.162319
13963,0.236761
13964,0.204631
13965,1.438690
13966,0.085029
13967,1.536397
13968,-1.273776
13969,0.817287
13970,0.607037
13971,-0.456769
13972,-1.712174
13973,1.851638
13974,-0.405996
13975,-1.411525
13976,-0.668777
13977,0.529190
13978,-0.974457
13979,-2.810114
13980,0.055797
13981,0.078667
13982,0.766738
13983,0.662808
13984,1.249866
13985,0.063422
13986,0.977523
13987,0.221813
13988,-0.816272
13989,0.578190
13990,0.352762
13991,1.889446
13992,-0.315491
13993,0.658107
13994,-0.081473
13995,0.220407
13996,-0.186491
13997,0.075414
13998,0.029903
13999,0.169694
14000,0.575796
14001,-1.266406
14002,-0.473023
14003,-0.445410
14004,0.371364
14005,0.419693
14006,0.985362
14007,-0.063810
14008,-0.525081
14009,-0.899549
14010,0.455891
14011,-0.577425
14012,0.745868
14013,1.302573
14014,1.091234
14015,0.321705
14016,-0.266194
14017,1.539642
14018,1.535298
14019,1.876029
14020,1.719932
14021,1.198215
14022,0.460628
14023,-0.536385
14024,-0.508717
14025,-1.313254
14026,0.026192
14027,-1.395734
14028,-0.480245
14029,-0.621203
14030,-0.722769
14031,-1.190661
14032,-1.497293
14033,0.100452
14034,-0.522546
14035,-0.781097
14036,0.445223
14037,-0.122995
14038,-0.334471
14039,-0.918878
14040,-0.689285
14041,-2.318436
14042,-1.240455
14043,-2.283191
14044,0.330103
14045,-0.525259
14046,-1.570798
14047,0.145082
14048,-0.322625
14049,-1.051776
14050,-0.349947
14051,0.805050
14052,0.840780
14053,0.715483
14054,0.644478
14055,2.624625
14056,0.106441
14057,1.866294
14058,-1.493094
14059,0.114197
14060,0.036484
14061,0.478432
14062,0.405437
14063,0.516353
14064,-0.436191
14065,-0.558061
14066,-0.416985
14067,-1.221834
14068,-0.126713
14069,-1.358997
14070,-0.608973
14071,-0.077012
14072,1.160111
14073,0.469006
14074,0.518156
14075,0.197105
14076,-0.422683
14077,0.290723
14078,0.822429
14079,1.127148
14080,0.968853
14081,-0.323179
14082,-0.504914
14083,2.068084
14084,-0.091975
14085,0.008401
14086,1.166270
14087,-0.859301
14088,-1.322445
14089,-0.548303
14090,-0.138229
14091,1.509094
14092,0.739196
14093,1.020896
14094,1.746146
14095,0.370946
14096,-1.251866
14097,1.653681
14098,0.817107
14099,1.247469
14100,0.399635
14101,0.414185
14102,-0.858851
14103,0.838324
14104,1.076724
14105,1.013095
14106,-0.592857
14107,0.764029
14108,-1.409318
14109,-0.986839
14110,-0.128035
14111,0.512077
14112,-0.153940
14113,-0.632831
14114,0.733303
14115,-0.990242
14116,-2.062892
14117,-0.236307
14118,1.088897
14119,0.245455
14120,-0.227965
14121,0.379610
14122,-0.133663
14123,0.071307
14124,-0.419168
14125,-0.787817
14126,0.763937
14127,-0.056001
14128,1.232514
14129,-0.880318
14130,-0.863094
14131,-1.587100
14132,0.553333
14133,-0.974213
14134,-0.130546
14135,-1.010025
14136,-1.159801
14137,0.972452
14138,0.415053
14139,-0.103110
14140,-0.277311
14141,0.959908
14142,1.300514
14143,-0.377607
14144,1.835847
14145,1.605545
14146,1.661729
14147,-2.002834
14148,-1.440998
14149,-1.926598
14150,1.321158
14151,1.943729
14152,0.280330
14153,0.503407
14154,0.011497
14155,0.415522
14156,0.039831
14157,0.676555
14158,-1.172494
14159,-1.581393
14160,-0.297950
14161,0.644335
14162,-0.422009
14163,-0.901897
14164,-0.546034
14165,-0.510776
14166,-1.628958
14167,-1.404990
14168,-1.239231
14169,-0.821475
14170,0.127212
14171,0.674152
14172,0.344706
14173,-2.053561
14174,0.319073
14175,0.927560
14176,0.159267
14177,-0.072738
14178,2.296094
14179,0.804504
14180,1.144313
14181,-0.128864
14182,-0.107713
14183,0.860014
14184,0.371612
14185,0.670824
14186,0.414202
14187,0.589566
14188,-0.855189
14189,-0.311826
14190,0.737525
14191,0.216459
14192,-0.830479
14193,-1.787049
14194,-1.247688
14195,-0.770334
14196,-1.057895
14197,-0.009160
14198,-0.443560
14199,-0.519646
14200,0.878188
14201,1.188312
14202,0.182427
14203,-0.595817
14204,0.610312
14205,-0.912055
14206,-0.497856
14207,-0.033492
14208,0.187463
14209,0.059951
14210,-0.680144
14211,0.450957
14212,-0.504292
14213,-0.824921
14214,-0.931595
14215,1.744148
14216,1.047091
14217,0.310201
14218,1.970262
14219,0.727148
14220,1.827356
14221,0.614182
14222,-0.082678
14223,0.700111
14224,1.951659
14225,1.797162
14226,1.197197
14227,0.681880
14228,0.851271
14229,0.659629
14230,-0.959225
14231,-0.724248
14232,1.040017
14233,-1.818117
14234,-1.808471
14235,0.797011
14236,-0.499084
14237,-0.954341
14238,-0.111453
14239,-1.046377
14240,-0.733753
14241,0.300242
14242,-0.608176
14243,-0.848576
14244,-2.743514
14245,-2.294264
14246,0.329922
14247,0.648686
14248,-0.270123
14249,-0.894461
14250,0.465448
14251,-1.184524
14252,-1.104386
14253,0.431756
14254,-0.811983
14255,0.945944
14256,0.921520
14257,-1.096876
14258,-1.477082
14259,0.999452
14260,-0.163536
14261,1.200623
14262,-0.077327
14263,-1.383908
14264,-1.227542
14265,-0.545495
14266,-0.080304
14267,-0.548831
14268,0.901900
14269,1.559399
14270,0.185264
14271,0.340613
14272,-0.560500
14273,0.269311
14274,1.404259
14275,0.411302
14276,-2.097401
14277,0.201890
14278,-1.195613
14279,1.270825
14280,-0.321104
14281,-1.264736
14282,-0.287183
14283,0.788739
14284,-0.902550
14285,-0.271277
14286,0.583288
14287,-0.518975
14288,0.554276
14289,1.286924
14290,-2.040451
14291,-0.307193
14292,-0.415402
14293,-0.538178
14294,0.197911
14295,-0.477202
14296,0.126423
14297,1.561243
14298,0.812953
14299,1.100895
14300,-0.382433
14301,1.402750
14302,1.779451
14303,0.269863
14304,-0.707791
14305,-1.149844
14306,-2.894456
14307,-1.132988
14308,0.463678
14309,0.805414
14310,-0.360881
14311,-0.624113
14312,-0.691406
14313,0.085069
14314,0.628346
14315,-0.502744
14316,1.798171
14317,0.220524
14318,0.275994
14319,0.706240
14320,0.378338
14321,-0.520708
14322,0.155868
14323,1.397983
14324,0.048588
14325,1.091043
14326,0.973813
14327,0.854535
14328,0.179608
14329,0.912222
14330,-0.167311
14331,2.090905
14332,-0.454840
14333,-0.139654
14334,1.057270
14335,0.252849
14336,-0.169603
14337,1.005926
14338,0.005146
14339,0.323791
14340,0.798348
14341,0.661035
14342,-1.413970
14343,-0.838565
14344,0.498786
14345,0.522958
14346,0.322188
14347,-1.066936
14348,0.723409
14349,0.794259
14350,0.837201
14351,-0.702001
14352,-2.492425
14353,1.791659
14354,0.994357
14355,0.933611
14356,1.307770
14357,-1.544004
14358,0.009538
14359,-1.037684
14360,-1.623616
14361,1.093346
14362,1.174465
14363,-0.823717
14364,-0.270094
14365,-0.184902
14366,1.350728
14367,-0.391491
14368,-0.722723
14369,-0.501459
14370,-0.114959
14371,0.768580
14372,1.869280
14373,-0.778322
14374,1.048656
14375,0.967037
14376,0.045655
14377,-0.162575
14378,1.503032
14379,0.664777
14380,0.455429
14381,-1.635535
14382,0.239270
14383,-0.547706
14384,-0.002903
14385,-0.207448
14386,1.517544
14387,-0.768633
14388,-1.002288
14389,-1.368593
14390,-1.564931
14391,2.048230
14392,-0.324389
14393,-0.931421
14394,-0.714353
14395,-0.753713
14396,0.428560
14397,0.614057
14398,-0.042534
14399,-0.110640
14400,0.154033
14401,0.883795
14402,0.235894
14403,-0.839528
14404,-0.461796
14405,-2.035764
14406,-1.583739
14407,-0.112739
14408,-1.169474
14409,-0.005512
14410,-0.596922
14411,0.993382
14412,1.437947
14413,0.109368
14414,-0.687178
14415,-0.631770
14416,-1.336825
14417,0.209046
14418,0.389653
14419,1.629682
14420,0.482449
14421,-1.438636
14422,-1.940222
14423,-0.518499
14424,1.751119
14425,0.742638
14426,0.127975
14427,-0.043894
14428,-0.224984
14429,1.477997
14430,1.242865
14431,-0.412752
14432,-0.477054
14433,-1.521367
14434,-0.687349
14435,0.537269
14436,-1.441894
14437,0.188360
14438,0.411509
14439,-0.300397
14440,0.561800
14441,-1.910983
14442,1.112924
14443,0.833922
14444,1.041146
14445,-1.470509
14446,-0.723807
14447,1.336092
14448,-0.482269
14449,-0.416509
14450,0.458028
14451,0.711106
14452,-0.553605
14453,-1.056178
14454,-0.849671
14455,1.122929
14456,-0.032922
14457,-0.894276
14458,0.099531
14459,1.837033
14460,-0.430977
14461,-0.742945
14462,0.333068
14463,0.371881
14464,1.134970
14465,0.631543
14466,-0.248628
14467,-0.043766
14468,1.881589
14469,-0.417706
14470,-1.836272
14471,-0.723866
14472,0.430492
14473,0.147908
14474,-0.464049
14475,0.750472
14476,-2.079027
14477,-0.717446
14478,-0.763377
14479,-3.177090
14480,-0.018521
14481,-0.635666
14482,0.282668
14483,-0.602962
14484,-0.471675
14485,-0.603764
14486,0.202092
14487,0.385092
14488,0.080238
14489,1.028957
14490,0.004982
14491,-2.092275
14492,-1.722807
14493,1.158216
14494,-0.802060
14495,0.397034
14496,-0.730492
14497,-0.002915
14498,-0.473703
14499,-2.533886
14500,-0.225202
14501,0.220688
14502,0.449537
14503,-1.098543
14504,-1.856691
14505,0.086428
14506,0.660601
14507,0.813758
14508,0.354276
14509,-0.404854
14510,0.528975
14511,0.006646
14512,0.430429
14513,-1.193846
14514,-0.160040
14515,-0.283907
14516,-0.788354
14517,0.591931
14518,-0.377977
14519,1.167169
14520,0.264723
14521,-1.695894
14522,0.822541
14523,0.309615
14524,-1.242604
14525,1.329076
14526,1.526670
14527,-0.585123
14528,-0.929338
14529,0.493733
14530,-0.523179
14531,-0.816092
14532,0.949534
14533,1.353672
14534,1.785772
14535,0.075304
14536,0.593992
14537,0.756183
14538,2.576129
14539,0.171706
14540,-1.053787
14541,-0.598411
14542,-0.876697
14543,-1.119779
14544,0.298076
14545,0.916068
14546,-0.547080
14547,-0.528435
14548,0.612554
14549,-0.361891
14550,1.104946
14551,0.444083
14552,0.492327
14553,1.271373
14554,0.315473
14555,-1.104975
14556,0.194553
14557,1.486973
14558,-1.591446
14559,1.302376
14560,1.084709
14561,-1.006577
14562,-1.502077
14563,-1.472860
14564,-0.667564
14565,1.041989
14566,1.191817
14567,-0.515590
14568,-0.443639
14569,-0.531758
14570,0.992755
14571,0.048421
14572,-1.450049
14573,-0.148633
14574,-1.502318
14575,-0.053480
14576,-0.611815
14577,0.810569
14578,1.523837
14579,0.167837
14580,0.750124
14581,0.613666
14582,-0.657364
14583,-0.211099
14584,1.585353
14585,-0.146495
14586,0.846857
14587,-1.059491
14588,-0.456915
14589,0.191956
14590,0.552621
14591,0.971109
14592,0.837133
14593,0.661721
14594,-0.804609
14595,-1.989636
14596,-0.652186
14597,0.257746
14598,-0.965332
14599,-0.574163
14600,-1.770877
14601,-1.125168
14602,0.243721
14603,0.567592
14604,-0.769550
14605,0.742037
14606,0.029595
14607,-0.283618
14608,0.601819
14609,-0.116268
14610,2.032502
14611,1.789260
14612,-0.436543
14613,-0.479191
14614,-1.558350
14615,0.362418
14616,-0.991468
14617,-0.796004
14618,-0.421766
14619,2.259151
14620,-0.370948
14621,-1.421650
14622,-0.653045
14623,-1.392008
14624,-1.510629
14625,-1.693409
14626,-1.214809
14627,-0.328485
14628,-0.715445
14629,-0.573874
14630,-0.667675
14631,1.767996
14632,1.242262
14633,0.657722
14634,-0.377706
14635,-0.802744
14636,0.113222
14637,0.426285
14638,0.399911
14639,-0.071609
14640,-0.117880
14641,1.767301
14642,0.345531
14643,-0.191770
14644,0.494460
14645,0.755033
14646,-1.043106
14647,-1.005872
14648,1.564140
14649,-0.998504
14650,0.592832
14651,0.247099
14652,-0.213995
14653,-0.855332
14654,0.140935
14655,-0.369921
14656,-0.185383
14657,1.119852
14658,0.615948
14659,-0.058309
14660,-0.042775
14661,0.016530
14662,1.149840
14663,0.000605
14664,0.295413
14665,2.236109
14666,2.660046
14667,1.440011
14668,0.526390
14669,-0.767458
14670,0.963581
14671,0.785777
14672,-1.177064
14673,1.465834
14674,-0.453057
14675,0.975308
14676,0.254930
14677,0.128509
14678,2.443411
14679,0.244546
14680,0.506707
14681,0.090841
14682,1.414337
14683,1.087953
14684,-1.129150
14685,0.196115
14686,-0.282258
14687,0.472943
14688,1.182302
14689,-1.255758
14690,-1.160745
14691,-0.970763
14692,-0.450598
14693,0.410398
14694,0.506045
14695,0.750862
14696,1.056002
14697,-0.050304
14698,-0.533485
14699,0.046628
14700,1.239437
14701,-0.314698
14702,0.740313
14703,0.388361
14704,1.175610
14705,-0.215524
14706,0.034318
14707,0.246603
14708,-2.829974
14709,-0.687913
14710,-0.765478
14711,0.606739
14712,0.364228
14713,-0.311958
14714,0.466782
14715,-1.461102
14716,-0.957515
14717,0.162653
14718,-0.381449
14719,-0.222589
14720,0.503577
14721,-0.635770
14722,-1.213854
14723,-0.307343
14724,-0.267604
14725,-0.856946
14726,-0.422892
14727,-0.285859
14728,-0.346541
14729,0.450431
14730,-1.206026
14731,0.779141
14732,-1.206133
14733,-0.310233
14734,-0.355298
14735,0.198664
14736,0.494306
14737,-0.229305
14738,0.263395
14739,0.121139
14740,0.920246
14741,-1.335070
14742,0.682827
14743,-0.456568
14744,-0.527632
14745,0.861870
14746,0.847722
14747,-0.753905
14748,-1.501330
14749,0.576946
14750,-0.297405
14751,-0.127520
14752,0.193064
14753,0.089358
14754,0.807338
14755,1.296416
14756,0.039565
14757,0.030083
14758,-0.600306
14759,0.616162
14760,0.247742
14761,0.827342
14762,-0.405891
14763,-0.228249
14764,-0.439016
14765,-2.509207
14766,-1.346876
14767,0.212481
14768,1.074573
14769,2.998914
14770,0.320748
14771,0.807551
14772,1.136720
14773,0.978327
14774,0.924369
14775,2.029515
14776,1.596516
14777,-1.519709
14778,-1.491685
14779,1.780467
14780,-0.759850
14781,-1.167121
14782,-0.791361
14783,1.677674
14784,1.425228
14785,0.707936
14786,-0.359095
14787,-1.128669
14788,1.292271
14789,0.898398
14790,1.578474
14791,-0.906560
14792,0.942519
14793,1.945034
14794,-0.134129
14795,0.025747
14796,0.186991
14797,-0.055718
14798,-0.930523
14799,2.707495
14800,0.642455
14801,-2.328748
14802,-1.999705
14803,0.104510
14804,0.021007
14805,-0.009533
14806,0.303419
14807,0.642735
14808,0.384159
14809,-0.512686
14810,0.367636
14811,0.702838
14812,-0.833365
14813,-0.265408
14814,-0.125316
14815,-0.834904
14816,-0.542571
14817,-0.858001
14818,-0.925228
14819,1.020090
14820,-0.643446
14821,-1.732205
14822,-0.732066
14823,-0.821164
14824,-0.803072
14825,0.448809
14826,-1.030716
14827,-0.492054
14828,0.778925
14829,0.102702
14830,0.469406
14831,-0.768321
14832,1.807419
14833,1.479097
14834,1.163386
14835,-0.456887
14836,0.715756
14837,-0.496210
14838,-1.597966
14839,-0.744437
14840,1.465305
14841,-0.297211
14842,0.820390
14843,1.638657
14844,2.051548
14845,0.639114
14846,1.230529
14847,0.270204
14848,0.470094
14849,-1.337501
14850,0.563390
14851,0.978115
14852,-0.610162
14853,0.813607
14854,-0.301394
14855,0.458058
14856,0.387288
14857,0.110090
14858,-0.085504
14859,0.085237
14860,1.091946
14861,-0.126018
14862,0.990602
14863,2.604629
14864,1.283831
14865,0.212435
14866,0.660060
14867,0.220680
14868,0.875720
14869,0.675686
14870,-0.722364
14871,1.838624
14872,1.298710
14873,-0.391605
14874,-1.033699
14875,0.071144
14876,-0.593219
14877,-0.055676
14878,-1.114875
14879,0.249288
14880,2.047263
14881,-0.494609
14882,1.476018
14883,-0.323267
14884,0.509564
14885,-0.958847
14886,-0.377989
14887,-0.190477
14888,0.041825
14889,0.589232
14890,0.982762
14891,1.257633
14892,-1.026974
14893,1.665228
14894,0.776110
14895,0.438932
14896,0.387270
14897,-0.602198
14898,-1.046074
14899,1.056784
14900,-0.113517
14901,-0.009741
14902,-1.127585
14903,2.519362
14904,0.445360
14905,0.179204
14906,-1.869661
14907,-0.439744
14908,-1.112970
14909,-1.609718
14910,-0.085458
14911,1.739610
14912,0.368986
14913,-1.008050
14914,-1.168665
14915,-0.756211
14916,0.395258
14917,-0.252799
14918,1.432905
14919,1.714583
14920,-0.190772
14921,-0.978051
14922,1.064551
14923,-0.072100
14924,-0.025573
14925,0.837011
14926,-1.509027
14927,-1.141672
14928,-0.606965
14929,-0.862239
14930,0.563160
14931,0.081878
14932,1.725376
14933,0.483783
14934,0.743524
14935,-2.284446
14936,0.932125
14937,0.570925
14938,0.808649
14939,-0.358392
14940,0.110976
14941,-0.333502
14942,0.077074
14943,0.303861
14944,-1.062560
14945,0.837861
14946,-0.560884
14947,-0.028563
14948,1.616389
14949,1.016177
14950,1.034426
14951,1.322501
14952,0.361289
14953,-0.111826
14954,0.428417
14955,-1.781193
14956,-1.452161
14957,0.442619
14958,-0.060309
14959,-1.516777
14960,-1.201299
14961,0.542010
14962,0.974879
14963,-0.096366
14964,0.271003
14965,-0.642081
14966,0.098979
14967,-1.276675
14968,0.449749
14969,0.939982
14970,0.620355
14971,-0.151928
14972,-0.331473
14973,-0.744291
14974,-0.501121
14975,-0.720940
14976,-0.477573
14977,0.310129
14978,2.249841
14979,0.151139
14980,-0.430661
14981,0.659184
14982,-1.032858
14983,1.175721
14984,0.206611
14985,0.757504
14986,0.900325
14987,1.373131
14988,-0.110594
14989,0.436452
14990,-1.479327
14991,0.239933
14992,-0.837511
14993,0.412368
14994,1.152712
14995,0.527097
14996,0.821054
14997,-0.333303
14998,1.377686
14999,-0.587582
15000,1.014302
15001,0.748057
15002,1.583403
15003,0.103680
15004,1.401128
15005,-0.095318
15006,-0.221350
15007,-0.004305
15008,-0.383802
15009,-0.794587
15010,1.113720
15011,-1.579353
15012,-1.117868
15013,1.881245
15014,0.317101
15015,1.748461
15016,-1.594580
15017,0.221321
15018,0.991044
15019,-0.110738
15020,-1.622148
15021,-2.301625
15022,-0.898444
15023,0.350132
15024,0.504110
15025,0.593034
15026,-1.976559
15027,-2.550774
15028,-0.654492
15029,-0.306116
15030,-1.002466
15031,-0.457445
15032,-0.952235
15033,-1.464853
15034,-0.883063
15035,-0.578846
15036,-2.346504
15037,1.976211
15038,0.326146
15039,0.887188
15040,0.258266
15041,-0.140020
15042,1.118816
15043,1.200132
15044,-0.384381
15045,-0.849073
15046,-0.237667
15047,0.415404
15048,0.286168
15049,0.980233
15050,0.930155
15051,1.207954
15052,1.796305
15053,0.312633
15054,-0.663265
15055,-1.490234
15056,0.500357
15057,0.331514
15058,0.679439
15059,-0.288305
15060,0.556970
15061,0.396674
15062,-0.502586
15063,-2.556874
15064,1.296742
15065,0.215455
15066,2.136868
15067,0.644031
15068,0.193937
15069,-0.000719
15070,-0.356617
15071,-0.461627
15072,0.625187
15073,0.235469
15074,1.605981
15075,-0.051689
15076,-0.309721
15077,-0.500298
15078,-0.320076
15079,-1.097704
15080,0.345274
15081,0.764357
15082,0.238477
15083,-0.533995
15084,-0.645986
15085,0.056400
15086,0.326903
15087,1.359725
15088,-0.324958
15089,0.660368
15090,-0.342230
15091,-0.094411
15092,-1.154784
15093,1.514189
15094,0.675815
15095,-0.631348
15096,1.143951
15097,0.068475
15098,-0.917137
15099,-0.480834
15100,0.118852
15101,-0.873073
15102,-0.575127
15103,-1.545789
15104,-0.942641
15105,-1.798780
15106,-0.684223
15107,-0.778404
15108,0.740242
15109,-0.872746
15110,-1.151237
15111,0.029284
15112,-1.707637
15113,-0.470509
15114,-0.852943
15115,1.451543
15116,-0.018989
15117,-0.848892
15118,-1.465431
15119,1.280071
15120,1.000232
15121,1.217176
15122,-0.946763
15123,-0.663427
15124,-0.106696
15125,-1.243658
15126,0.527377
15127,0.241458
15128,0.862123
15129,2.072113
15130,-2.437992
15131,1.078188
15132,1.441638
15133,0.596788
15134,0.613523
15135,2.234551
15136,-0.084763
15137,1.327898
15138,0.311498
15139,-2.341621
15140,-0.453911
15141,-1.105939
15142,0.250090
15143,-0.098301
15144,-1.145452
15145,1.755177
15146,0.500933
15147,0.677448
15148,-0.282431
15149,0.112683
15150,0.917260
15151,1.938333
15152,-0.756621
15153,-0.244105
15154,0.609627
15155,-1.952480
15156,-1.296262
15157,-0.523161
15158,0.009028
15159,-0.910582
15160,-0.777584
15161,0.951669
15162,1.075183
15163,-0.067043
15164,0.688713
15165,1.736908
15166,-1.713449
15167,-0.712222
15168,-0.196933
15169,0.157585
15170,0.555697
15171,0.716078
15172,1.078351
15173,0.530741
15174,0.052712
15175,0.049304
15176,0.184046
15177,-0.412639
15178,-2.649395
15179,0.254629
15180,-0.648163
15181,-0.901306
15182,1.361973
15183,0.858565
15184,-0.585149
15185,1.477249
15186,-0.457620
15187,-1.123811
15188,-0.461288
15189,-0.768640
15190,0.904852
15191,-0.783378
15192,-1.316371
15193,-1.431075
15194,0.776321
15195,-0.175978
15196,2.172479
15197,-0.771972
15198,-0.470769
15199,0.313347
15200,-0.805523
15201,0.383676
15202,-1.065780
15203,-0.887654
15204,-1.847600
15205,-0.241202
15206,-0.370329
15207,1.042484
15208,1.161933
15209,0.118533
15210,-0.606421
15211,0.018654
15212,-0.495864
15213,0.520039
15214,-0.369493
15215,0.044143
15216,3.486909
15217,0.115324
15218,-0.031579
15219,-1.898747
15220,0.348829
15221,-0.964426
15222,-0.667343
15223,-2.045599
15224,-0.899916
15225,-0.337047
15226,-0.279747
15227,-1.194884
15228,1.256856
15229,0.108067
15230,0.535152
15231,-0.587889
15232,-0.516090
15233,-1.080353
15234,-0.615876
15235,-0.498363
15236,1.057050
15237,0.555097
15238,-1.245467
15239,-0.702806
15240,-0.618142
15241,1.403708
15242,0.308132
15243,-1.032911
15244,0.128105
15245,0.389665
15246,-0.478643
15247,0.253400
15248,0.916973
15249,0.430786
15250,0.268617
15251,0.022458
15252,-0.110411
15253,1.317303
15254,1.034879
15255,0.424394
15256,0.533929
15257,-0.058456
15258,1.224176
15259,-0.176396
15260,-0.238166
15261,0.712452
15262,-0.038372
15263,0.933307
15264,-0.177997
15265,0.405034
15266,-0.475045
15267,-0.887820
15268,-0.597987
15269,0.411972
15270,-1.137962
15271,-0.389204
15272,-1.482089
15273,-1.826667
15274,-1.361452
15275,-0.458242
15276,-0.583935
15277,-1.403294
15278,-0.057524
15279,-0.042529
15280,-0.664757
15281,-0.340191
15282,0.256433
15283,-1.523119
15284,0.588957
15285,-0.137135
15286,-1.197212
15287,0.547467
15288,0.620903
15289,2.794160
15290,0.667195
15291,-0.662768
15292,-0.842549
15293,-0.639774
15294,-0.608412
15295,0.236965
15296,1.238957
15297,1.330279
15298,0.240209
15299,-0.958052
15300,-0.699144
15301,-0.371995
15302,-0.380914
15303,-0.882875
15304,2.211875
15305,0.989178
15306,0.411532
15307,-0.451486
15308,0.398724
15309,2.476184
15310,0.289594
15311,-0.188027
15312,-1.087489
15313,1.064102
15314,-0.310460
15315,-2.464460
15316,0.242662
15317,1.416555
15318,0.136255
15319,-0.805146
15320,0.712993
15321,-0.281326
15322,-0.501882
15323,1.037157
15324,1.318297
15325,-0.690953
15326,0.927281
15327,0.377084
15328,1.456883
15329,0.438540
15330,1.006779
15331,1.879898
15332,-0.456701
15333,-0.555419
15334,1.714762
15335,0.398610
15336,-0.048488
15337,0.110484
15338,0.532827
15339,-0.530896
15340,0.556236
15341,0.416907
15342,0.559747
15343,1.647350
15344,-0.459147
15345,-2.277470
15346,-0.921931
15347,-0.183612
15348,-0.803558
15349,-0.992325
15350,-1.428613
15351,-0.888614
15352,0.012437
15353,-0.988609
15354,-0.477088
15355,0.294592
15356,-1.678249
15357,-0.307351
15358,0.126086
15359,1.746128
15360,1.768445
15361,1.879330
15362,0.728912
15363,0.202822
15364,0.348173
15365,0.489937
15366,0.014153
15367,-0.991135
15368,-1.400597
15369,-0.546218
15370,-0.169953
15371,0.129893
15372,1.545513
15373,0.918254
15374,0.715899
15375,1.812632
15376,-0.904770
15377,0.659137
15378,-0.906175
15379,0.924273
15380,0.495274
15381,0.179697
15382,0.090311
15383,-0.831660
15384,0.747890
15385,0.142728
15386,-0.744001
15387,0.326998
15388,0.976181
15389,-0.985933
15390,0.129441
15391,-0.376810
15392,1.074396
15393,0.394519
15394,-0.117198
15395,-1.361077
15396,-0.046557
15397,1.440235
15398,-0.488136
15399,0.172472
15400,1.286284
15401,-0.519163
15402,-2.120951
15403,-0.441954
15404,-0.654058
15405,-1.629177
15406,0.790850
15407,0.397135
15408,0.025197
15409,0.078772
15410,0.706708
15411,-0.431504
15412,0.292891
15413,-0.637983
15414,0.479341
15415,-0.443841
15416,0.664090
15417,-0.553094
15418,0.843998
15419,1.092997
15420,-0.346206
15421,0.201998
15422,0.755431
15423,1.329910
15424,0.949557
15425,-1.004475
15426,1.092113
15427,0.921257
15428,1.091907
15429,1.450294
15430,0.769119
15431,-0.789782
15432,1.344567
15433,-0.722276
15434,-1.356208
15435,0.062800
15436,-0.557909
15437,-1.960628
15438,-1.480433
15439,-0.417480
15440,0.324070
15441,-0.526868
15442,0.713964
15443,0.205968
15444,1.615039
15445,1.318705
15446,2.624748
15447,0.382336
15448,2.417086
15449,-0.021468
15450,-0.347541
15451,0.144780
15452,0.683212
15453,-0.726912
15454,-1.009411
15455,-0.526527
15456,-1.653378
15457,-1.884126
15458,0.079340
15459,-0.341354
15460,-1.420006
15461,0.755074
15462,-0.205241
15463,-0.077956
15464,0.610935
15465,-0.036632
15466,0.437234
15467,-0.267549
15468,1.276832
15469,0.388143
15470,0.386986
15471,-0.319537
15472,-0.108563
15473,0.749401
15474,1.156844
15475,-0.146541
15476,1.188199
15477,0.394313
15478,-0.656465
15479,0.706437
15480,-1.051892
15481,1.671294
15482,2.110884
15483,1.678113
15484,1.261693
15485,1.149471
15486,2.161853
15487,1.230790
15488,0.343543
15489,-0.017674
15490,1.450064
15491,0.354789
15492,-0.409559
15493,1.156968
15494,0.650457
15495,1.318638
15496,0.122441
15497,-1.192069
15498,-1.822189
15499,-0.112747
15500,0.928149
15501,0.277323
15502,1.006727
15503,1.829613
15504,0.107867
15505,-0.495026
15506,0.989064
15507,1.763907
15508,-0.042020
15509,-2.747834
15510,0.166734
15511,0.037556
15512,-0.875226
15513,-0.852370
15514,-1.221299
15515,0.432030
15516,-0.437748
15517,-0.960744
15518,-1.311719
15519,-0.321388
15520,-0.531808
15521,-0.869809
15522,-1.108407
15523,-0.503310
15524,-0.711861
15525,-2.538771
15526,-2.993927
15527,-1.853435
15528,-0.902708
15529,-0.105645
15530,-0.640945
15531,0.872113
15532,0.766008
15533,-1.187862
15534,-0.284120
15535,-0.241780
15536,-0.478758
15537,-0.822381
15538,-0.354396
15539,-1.701413
15540,1.466697
15541,0.434121
15542,-1.777561
15543,0.072349
15544,3.117287
15545,0.823682
15546,1.194159
15547,1.180745
15548,-2.202609
15549,-2.192604
15550,0.186743
15551,0.636094
15552,-1.153147
15553,-0.451842
15554,0.182932
15555,0.179936
15556,0.283430
15557,0.992648
15558,-0.601613
15559,-0.204013
15560,1.010819
15561,0.410900
15562,-0.686448
15563,-0.004224
15564,-0.509542
15565,0.149964
15566,0.621748
15567,0.424897
15568,-0.185397
15569,-0.309244
15570,0.694119
15571,-0.050381
15572,-1.126582
15573,0.947614
15574,0.476191
15575,-0.027200
15576,1.760028
15577,-0.249037
15578,2.595863
15579,1.711054
15580,-0.571721
15581,-0.344237
15582,0.393341
15583,-0.320076
15584,1.880435
15585,2.514899
15586,0.601452
15587,-0.961724
15588,-1.175236
15589,-1.248441
15590,-1.031085
15591,0.489318
15592,-0.640029
15593,-0.072095
15594,1.329353
15595,-0.390491
15596,-1.367625
15597,-0.857969
15598,-0.927292
15599,2.185811
15600,1.106570
15601,1.432238
15602,1.420369
15603,1.003126
15604,0.389577
15605,-0.068912
15606,1.339126
15607,0.257924
15608,0.413084
15609,-1.937606
15610,-2.348117
15611,-1.610807
15612,0.199782
15613,-0.059467
15614,0.473355
15615,1.679259
15616,2.420384
15617,-1.196028
15618,0.002292
15619,-1.125067
15620,-1.022107
15621,0.767046
15622,0.267571
15623,-0.861768
15624,0.537927
15625,-0.450249
15626,0.259353
15627,1.272222
15628,0.585676
15629,-1.011190
15630,-0.670293
15631,0.294153
15632,0.490084
15633,1.060410
15634,0.565993
15635,-0.299124
15636,0.525470
15637,0.690491
15638,2.306500
15639,-0.207216
15640,-0.943649
15641,0.214572
15642,1.420550
15643,0.648036
15644,-0.230271
15645,-0.416233
15646,-0.114990
15647,-0.000541
15648,0.252090
15649,-0.299912
15650,-1.461139
15651,-0.873432
15652,-0.192339
15653,0.122682
15654,-0.261919
15655,-1.523869
15656,0.044800
15657,0.497541
15658,0.359183
15659,-0.659610
15660,0.752993
15661,1.031512
15662,0.114670
15663,-0.621476
15664,1.324580
15665,1.106523
15666,-0.471904
15667,0.754143
15668,-0.906134
15669,-1.756009
15670,-0.337479
15671,-0.814062
15672,0.036776
15673,-1.539349
15674,0.157645
15675,-0.695330
15676,2.075418
15677,-0.326784
15678,-0.939118
15679,1.393964
15680,-1.625011
15681,-0.129369
15682,0.394848
15683,0.050396
15684,-1.767058
15685,-0.676877
15686,-0.466668
15687,-1.006184
15688,-3.008966
15689,-0.403165
15690,-0.527543
15691,-0.987827
15692,2.142648
15693,-0.509324
15694,-0.503943
15695,-1.236186
15696,-0.044519
15697,-1.090419
15698,-0.391482
15699,0.297554
15700,-1.715841
15701,-2.100547
15702,0.291493
15703,0.340545
15704,-2.121984
15705,-1.983638
15706,-1.113066
15707,0.235397
15708,-1.430851
15709,-2.191913
15710,0.220587
15711,1.355798
15712,0.483315
15713,2.391705
15714,1.047621
15715,0.827063
15716,-2.572304
15717,-1.970302
15718,-0.864038
15719,-0.187560
15720,-0.063247
15721,-0.522937
15722,-0.024417
15723,-0.373721
15724,-2.151696
15725,-0.670171
15726,-0.013242
15727,-1.437150
15728,-0.417329
15729,-0.192129
15730,-0.842981
15731,1.355304
15732,-0.328862
15733,-0.131881
15734,1.287463
15735,1.193188
15736,-2.161051
15737,-1.627034
15738,-1.302160
15739,-0.472759
15740,-1.721509
15741,-0.358797
15742,0.532205
15743,-0.624916
15744,-1.146994
15745,0.179376
15746,0.941860
15747,0.075543
15748,-0.768182
15749,0.604393
15750,-1.811443
15751,0.438115
15752,-0.460818
15753,0.402544
15754,0.713747
15755,-0.415592
15756,2.359552
15757,1.839054
15758,0.521448
15759,0.469848
15760,0.809691
15761,1.304762
15762,0.505470
15763,-0.885377
15764,0.429899
15765,-2.446275
15766,-0.810782
15767,0.136711
15768,-0.409917
15769,0.248927
15770,1.740997
15771,0.299986
15772,0.268899
15773,-0.394866
15774,0.373920
15775,-0.449796
15776,-1.056273
15777,1.027193
15778,-0.994449
15779,0.588446
15780,-0.407347
15781,1.537244
15782,0.077301
15783,-0.177670
15784,0.289627
15785,1.129720
15786,-0.781875
15787,-1.694265
15788,-1.148327
15789,-0.667540
15790,-1.969196
15791,-1.050515
15792,-0.527640
15793,-0.696377
15794,-1.335047
15795,0.852832
15796,0.327006
15797,-0.075100
15798,-1.462482
15799,-2.364637
15800,0.456075
15801,0.761167
15802,-0.639663
15803,-1.205607
15804,1.057239
15805,1.056373
15806,-0.489860
15807,-0.236949
15808,-0.527311
15809,-0.677128
15810,0.429019
15811,-0.096614
15812,0.291132
15813,0.461203
15814,-0.884718
15815,2.212525
15816,0.908920
15817,0.115300
15818,0.300622
15819,0.711665
15820,-1.691302
15821,-1.326866
15822,-0.024492
15823,0.996534
15824,1.837252
15825,-0.648026
15826,-1.785349
15827,-2.086095
15828,-2.199301
15829,0.181822
15830,0.292106
15831,0.519553
15832,-1.802633
15833,-0.108852
15834,-1.507755
15835,-1.356376
15836,0.835914
15837,1.465968
15838,1.805278
15839,1.253536
15840,-0.280446
15841,-0.601287
15842,0.054972
15843,-0.539135
15844,-1.660825
15845,0.826694
15846,2.252848
15847,0.287887
15848,0.537182
15849,-1.268340
15850,-2.115843
15851,-0.095857
15852,0.330507
15853,-1.097997
15854,0.371692
15855,-0.064994
15856,-1.304135
15857,1.155555
15858,-1.545887
15859,-0.885586
15860,0.980177
15861,1.151255
15862,-0.674353
15863,-1.007454
15864,-0.458952
15865,-0.806705
15866,-0.605799
15867,-0.544421
15868,0.262257
15869,-0.977857
15870,-0.047648
15871,0.501638
15872,0.501272
15873,0.646652
15874,-0.422278
15875,0.113085
15876,-0.983838
15877,0.283136
15878,-2.267936
15879,0.831944
15880,-1.560174
15881,-0.930737
15882,2.390599
15883,0.352249
15884,0.182987
15885,-0.862933
15886,-0.209635
15887,-1.416407
15888,-0.101234
15889,-1.054799
15890,-1.711379
15891,-0.577702
15892,-0.195657
15893,-0.914447
15894,0.363739
15895,-0.103842
15896,0.704796
15897,-0.344737
15898,-0.085190
15899,-0.422999
15900,-1.774436
15901,1.558660
15902,-0.461761
15903,0.295837
15904,0.650581
15905,-0.093935
15906,0.103446
15907,0.564462
15908,1.223577
15909,-0.133778
15910,-0.656539
15911,-1.109266
15912,-0.199248
15913,-0.270068
15914,1.346248
15915,1.265926
15916,0.602086
15917,0.552552
15918,-0.722869
15919,1.847422
15920,0.299766
15921,-0.976719
15922,-0.356726
15923,-0.323262
15924,-1.134908
15925,0.202348
15926,-0.741131
15927,-0.392656
15928,0.504475
15929,0.768718
15930,-1.235384
15931,-0.957353
15932,-1.309289
15933,-1.938726
15934,-0.812115
15935,0.243799
15936,-0.213244
15937,0.151329
15938,-1.730312
15939,1.309126
15940,0.425529
15941,1.603615
15942,1.769193
15943,0.789893
15944,-0.442596
15945,0.030362
15946,-0.613760
15947,-1.631641
15948,-0.301077
15949,-0.977484
15950,-0.927278
15951,0.718195
15952,0.829558
15953,1.664321
15954,-1.156815
15955,0.842985
15956,-1.472665
15957,1.266668
15958,0.657165
15959,-0.385932
15960,1.999390
15961,-0.009761
15962,-2.471678
15963,-0.873185
15964,-0.301151
15965,-0.326223
15966,-1.374154
15967,-0.840561
15968,-0.751052
15969,0.454761
15970,-0.237143
15971,-0.787697
15972,0.582491
15973,0.433517
15974,0.829364
15975,0.328469
15976,1.294360
15977,-0.599670
15978,-0.868871
15979,0.329581
15980,0.606650
15981,-0.110219
15982,-0.131097
15983,1.105485
15984,0.747205
15985,1.469048
15986,-1.179978
15987,-0.075998
15988,-0.216542
15989,-0.522270
15990,-1.078201
15991,-0.002469
15992,-0.784776
15993,0.899540
15994,-0.128719
15995,0.319128
15996,1.015090
15997,1.661875
15998,0.958691
15999,-1.319336
16000,-0.092335
16001,-0.669491
16002,-0.549199
16003,0.930802
16004,-0.753043
16005,0.164983
16006,0.240440
16007,-0.259258
16008,1.111217
16009,0.002137
16010,1.391258
16011,0.382744
16012,1.705717
16013,1.931458
16014,0.221995
16015,-0.538457
16016,-0.778049
16017,-2.162231
16018,-0.761873
16019,-1.270536
16020,0.988826
16021,1.530820
16022,1.614989
16023,-0.624146
16024,0.776980
16025,0.053990
16026,0.419052
16027,0.072226
16028,1.330206
16029,-0.369198
16030,-1.136810
16031,0.384708
16032,-0.429146
16033,-0.008780
16034,0.992466
16035,0.106843
16036,0.551196
16037,0.151781
16038,0.171945
16039,0.582322
16040,0.672442
16041,1.143036
16042,0.213935
16043,0.564665
16044,-0.036962
16045,-0.631015
16046,0.115648
16047,0.278728
16048,2.052034
16049,1.636834
16050,0.164948
16051,0.683350
16052,-0.940168
16053,-0.162068
16054,0.438635
16055,0.830459
16056,-0.894336
16057,-0.865136
16058,-0.376805
16059,0.848983
16060,0.261827
16061,0.075031
16062,0.179310
16063,0.250724
16064,-1.683027
16065,0.578668
16066,-0.160018
16067,0.366275
16068,-0.095172
16069,-0.759490
16070,-1.106018
16071,-0.630912
16072,0.041217
16073,-0.034742
16074,-1.165157
16075,0.087593
16076,-0.741330
16077,0.197984
16078,-0.599327
16079,-2.047574
16080,-0.303533
16081,-1.562152
16082,-1.173346
16083,0.553148
16084,0.493696
16085,0.793956
16086,-0.780553
16087,-1.693694
16088,-1.744281
16089,-0.404380
16090,1.280805
16091,1.618271
16092,0.700472
16093,0.280242
16094,0.639850
16095,-1.272175
16096,1.910092
16097,-1.590996
16098,2.001705
16099,0.232858
16100,0.452604
16101,0.014750
16102,0.244049
16103,-0.927052
16104,0.690822
16105,1.688673
16106,0.818300
16107,0.896128
16108,0.755162
16109,-1.270660
16110,0.082950
16111,0.019951
16112,1.453324
16113,0.846058
16114,-0.261070
16115,-1.850058
16116,-2.838604
16117,0.242163
16118,-0.023137
16119,-0.649480
16120,0.161140
16121,0.311138
16122,0.699616
16123,-0.768078
16124,0.154832
16125,-2.177813
16126,-0.361546
16127,-0.345726
16128,-0.126677
16129,0.899520
16130,0.517017
16131,1.102781
16132,0.397204
16133,0.304457
16134,0.733411
16135,-0.516666
16136,0.195499
16137,0.175469
16138,-0.696990
16139,-1.218560
16140,0.251542
16141,0.873490
16142,-0.123122
16143,-0.742134
16144,-0.387484
16145,0.752219
16146,1.487580
16147,1.449571
16148,0.502005
16149,0.408258
16150,-1.482451
16151,0.525868
16152,-1.507195
16153,0.973862
16154,1.317351
16155,0.242792
16156,1.767472
16157,0.177794
16158,-0.247260
16159,-0.540764
16160,0.170790
16161,1.170091
16162,0.368524
16163,1.804160
16164,0.900018
16165,-1.516550
16166,-1.776076
16167,-0.021047
16168,0.262979
16169,0.426478
16170,0.699876
16171,0.243572
16172,-0.257901
16173,1.079403
16174,-0.336945
16175,0.504469
16176,0.390377
16177,-0.092264
16178,1.258073
16179,1.450101
16180,1.643562
16181,-0.210987
16182,-1.938173
16183,-0.671064
16184,0.221877
16185,-1.028821
16186,-0.248116
16187,0.637763
16188,4.032670
16189,0.902298
16190,0.267155
16191,-1.419908
16192,-0.580611
16193,0.913309
16194,-0.382767
16195,0.298994
16196,-0.048847
16197,0.671550
16198,1.949920
16199,1.408257
16200,-1.381464
16201,-2.027926
16202,-1.445224
16203,-1.846438
16204,0.637507
16205,1.207728
16206,0.074030
16207,1.099744
16208,-0.646784
16209,-0.128693
16210,0.089809
16211,0.206353
16212,0.382927
16213,1.737859
16214,1.489421
16215,0.817965
16216,-2.414957
16217,-0.783205
16218,0.684540
16219,-0.780538
16220,-0.765428
16221,1.165559
16222,-1.031550
16223,0.928949
16224,-1.285444
16225,1.610971
16226,-0.520500
16227,0.003366
16228,0.417721
16229,0.500177
16230,-0.986425
16231,-0.155622
16232,1.540357
16233,-0.220523
16234,-1.646362
16235,-1.398438
16236,-1.982549
16237,-1.691743
16238,-1.286089
16239,0.040652
16240,-0.814016
16241,0.213201
16242,-2.341176
16243,-2.057619
16244,-1.293513
16245,-1.146839
16246,-0.534101
16247,0.190569
16248,-1.421785
16249,-0.398686
16250,-0.555827
16251,-0.402210
16252,0.354547
16253,1.044375
16254,2.611800
16255,0.870318
16256,0.390492
16257,-0.470897
16258,-2.569098
16259,-1.451116
16260,-0.541227
16261,0.907196
16262,0.188312
16263,-0.461034
16264,-0.111523
16265,0.599710
16266,0.400268
16267,-0.335247
16268,0.498910
16269,-0.029393
16270,0.510043
16271,-0.666684
16272,-0.090656
16273,0.020410
16274,-0.663187
16275,-1.941908
16276,0.216478
16277,0.599741
16278,0.773829
16279,-0.751008
16280,-0.729102
16281,-0.594374
16282,0.163270
16283,-0.797194
16284,-0.768368
16285,-1.013284
16286,-0.810914
16287,0.753584
16288,-1.467670
16289,-0.966951
16290,-1.530055
16291,-0.075685
16292,1.099284
16293,-1.036189
16294,-1.444547
16295,-0.007942
16296,0.387266
16297,-0.173847
16298,0.853931
16299,-0.288587
16300,1.785257
16301,-0.172747
16302,1.114485
16303,1.204967
16304,0.283011
16305,1.242476
16306,-1.621817
16307,-0.139182
16308,-0.020393
16309,-0.482417
16310,-0.309763
16311,1.111860
16312,-0.193547
16313,-0.917399
16314,-0.937079
16315,-0.970709
16316,-1.177917
16317,1.507526
16318,0.991898
16319,0.224741
16320,0.286189
16321,-0.491414
16322,0.672291
16323,1.443840
16324,0.832961
16325,1.471732
16326,0.569204
16327,0.412237
16328,0.770131
16329,-0.702999
16330,1.026089
16331,0.327258
16332,-1.305320
16333,1.570186
16334,1.455977
16335,-0.537794
16336,2.157381
16337,2.105221
16338,-0.625408
16339,0.488649
16340,-2.628828
16341,-1.239376
16342,0.258199
16343,-1.009547
16344,-0.936953
16345,-2.374417
16346,-0.073748
16347,0.030865
16348,-0.030863
16349,0.295392
16350,-1.170598
16351,-0.377885
16352,0.511051
16353,1.185027
16354,-0.865398
16355,-0.408308
16356,-1.234444
16357,0.298777
16358,0.344329
16359,-0.653609
16360,-1.290067
16361,0.430098
16362,-0.563963
16363,-1.174326
16364,1.653886
16365,-0.663951
16366,1.061081
16367,2.490787
16368,0.043075
16369,-0.250116
16370,-0.083182
16371,0.087408
16372,-0.822386
16373,0.680813
16374,-0.816874
16375,0.469946
16376,-1.099548
16377,0.236501
16378,-0.216775
16379,-1.459027
16380,-0.937386
16381,-1.078009
16382,0.163724
16383,-1.607506
16384,1.773914
16385,-0.717396
16386,0.040803
16387,0.630759
16388,0.080666
16389,-0.330521
16390,-0.765880
16391,0.666768
16392,0.752485
16393,1.379540
16394,-0.344748
16395,2.487860
16396,0.149769
16397,0.779124
16398,-1.117282
16399,-1.645354
16400,0.494455
16401,-0.034234
16402,-0.877339
16403,0.496360
16404,-0.619064
16405,-1.023418
16406,0.129994
16407,-0.019411
16408,0.027465
16409,-0.144780
16410,-1.034639
16411,0.961295
16412,-0.238359
16413,0.333377
16414,-0.381708
16415,0.242449
16416,-0.734617
16417,0.872671
16418,-0.338678
16419,0.085329
16420,-0.188722
16421,0.110002
16422,1.416530
16423,0.769366
16424,0.062627
16425,0.488651
16426,-0.564547
16427,1.271048
16428,0.954649
16429,1.177075
16430,0.462800
16431,0.665798
16432,-0.051875
16433,-1.957129
16434,-2.956549
16435,0.553679
16436,1.386730
16437,0.442445
16438,0.159558
16439,-0.393647
16440,-0.229354
16441,1.783379
16442,-0.112440
16443,1.286976
16444,-0.086572
16445,0.469464
16446,1.233301
16447,0.579444
16448,-0.870123
16449,1.678015
16450,0.652103
16451,-0.609421
16452,-0.085707
16453,0.023469
16454,-0.624632
16455,-1.474098
16456,0.717898
16457,1.585316
16458,0.089957
16459,-0.105339
16460,1.566114
16461,2.574942
16462,2.714865
16463,-0.039550
16464,0.035467
16465,0.490411
16466,1.676876
16467,-0.669661
16468,0.113699
16469,-0.703825
16470,0.736535
16471,0.034293
16472,0.810816
16473,0.614027
16474,1.396848
16475,-1.937313
16476,-1.125525
16477,-2.601205
16478,-0.346197
16479,-0.060077
16480,1.813449
16481,0.697061
16482,0.596033
16483,1.223340
16484,0.539957
16485,0.241688
16486,2.076367
16487,1.117023
16488,1.459289
16489,-0.913909
16490,1.399857
16491,-0.337292
16492,0.302329
16493,-0.873599
16494,0.184255
16495,0.174027
16496,0.296742
16497,0.439354
16498,-2.311382
16499,-1.123545
16500,-0.199501
16501,0.555976
16502,-0.385061
16503,-0.663897
16504,-0.208881
16505,0.306529
16506,0.310859
16507,0.949843
16508,1.920919
16509,1.761373
16510,-0.511645
16511,0.091361
16512,-0.526164
16513,-0.583010
16514,0.262793
16515,0.422891
16516,0.410680
16517,0.278941
16518,-0.059787
16519,0.879928
16520,1.593030
16521,-0.597440
16522,0.654277
16523,-0.727542
16524,-0.048534
16525,-0.881217
16526,-0.954096
16527,2.399057
16528,2.642284
16529,-1.122408
16530,-1.000887
16531,-1.595508
16532,-0.526575
16533,0.078647
16534,-1.457789
16535,-0.300486
16536,0.889124
16537,2.029865
16538,2.398352
16539,-0.724646
16540,0.912240
16541,-0.021856
16542,-0.338728
16543,1.286860
16544,-0.268759
16545,0.177343
16546,-0.001095
16547,1.548369
16548,0.317821
16549,-0.224178
16550,0.322032
16551,0.134596
16552,-1.665367
16553,-0.372562
16554,0.366863
16555,0.898282
16556,0.767367
16557,-0.030755
16558,0.683594
16559,0.896165
16560,-0.421127
16561,-0.950008
16562,-0.318659
16563,-0.849678
16564,1.208428
16565,0.122318
16566,1.372126
16567,-0.722405
16568,-0.636562
16569,0.590348
16570,0.021794
16571,-1.503178
16572,0.538780
16573,1.562450
16574,1.218896
16575,-0.435849
16576,-0.032700
16577,-0.309551
16578,0.450308
16579,-0.183134
16580,1.779447
16581,0.728294
16582,-0.079204
16583,-2.477025
16584,-1.137306
16585,0.261093
16586,0.981886
16587,-0.927318
16588,0.790584
16589,0.457367
16590,1.445580
16591,2.367766
16592,1.402740
16593,-0.057105
16594,-0.620942
16595,-1.066457
16596,-1.154565
16597,-0.965505
16598,-1.489744
16599,0.424432
16600,0.017545
16601,1.075777
16602,1.577508
16603,-1.266394
16604,-0.584437
16605,0.148476
16606,0.225732
16607,0.054128
16608,0.284989
16609,-1.364344
16610,0.701405
16611,0.063197
16612,0.863436
16613,0.016047
16614,0.688732
16615,0.809961
16616,-0.544792
16617,0.617253
16618,1.326270
16619,1.207490
16620,-0.242832
16621,0.125052
16622,0.813445
16623,1.715991
16624,-0.004713
16625,-0.709168
16626,1.437328
16627,2.223974
16628,-2.060284
16629,-0.256508
16630,0.550517
16631,-1.271457
16632,-0.213823
16633,-1.048378
16634,0.397190
16635,0.403159
16636,0.198646
16637,-0.278774
16638,-0.048979
16639,-0.554858
16640,0.687393
16641,-0.963139
16642,-0.080409
16643,0.600316
16644,0.007737
16645,-1.132144
16646,-1.289402
16647,-0.474631
16648,0.232992
16649,0.791459
16650,1.785565
16651,0.914141
16652,-0.458428
16653,2.084718
16654,0.418962
16655,0.879305
16656,-0.579682
16657,-0.218951
16658,0.488623
16659,0.946944
16660,1.934998
16661,0.895612
16662,2.053862
16663,1.717159
16664,-0.797415
16665,0.777600
16666,1.718205
16667,1.344439
16668,-0.282132
16669,2.156962
16670,-0.723967
16671,-0.208715
16672,-0.714220
16673,0.705574
16674,-0.779211
16675,-0.039259
16676,1.266707
16677,0.927791
16678,0.194084
16679,1.518603
16680,1.559017
16681,1.243078
16682,1.497840
16683,0.816861
16684,-0.413445
16685,-0.604875
16686,-1.157986
16687,-0.100315
16688,-0.150835
16689,1.065519
16690,1.142504
16691,1.491307
16692,1.154318
16693,-0.731987
16694,-1.967117
16695,-2.670283
16696,-1.187497
16697,-1.061497
16698,-1.276079
16699,0.298100
16700,-0.327549
16701,-0.520841
16702,0.804109
16703,0.026016
16704,1.189600
16705,1.503758
16706,-0.650026
16707,-0.581465
16708,0.741005
16709,0.129962
16710,-0.368449
16711,-0.944288
16712,-0.325119
16713,-0.254094
16714,1.617164
16715,1.838543
16716,0.811651
16717,-0.879334
16718,-1.991738
16719,-1.799934
16720,1.730723
16721,0.729450
16722,-0.377386
16723,-0.243578
16724,0.311682
16725,-2.322545
16726,-1.373097
16727,-0.613986
16728,-0.752081
16729,-0.180142
16730,-0.292291
16731,-0.942717
16732,1.415775
16733,2.976197
16734,2.253677
16735,1.181163
16736,-0.281261
16737,-0.371141
16738,-1.069821
16739,-0.770783
16740,-1.807400
16741,-2.283240
16742,-1.354048
16743,-1.410469
16744,0.011403
16745,-1.387531
16746,-0.407439
16747,1.246016
16748,2.753402
16749,2.601579
16750,1.009537
16751,-0.624216
16752,0.240766
16753,-0.474346
16754,0.275916
16755,1.078824
16756,2.276738
16757,0.416011
16758,0.160384
16759,0.355490
16760,0.513348
16761,-1.081110
16762,-0.607968
16763,-0.294580
16764,-1.839017
16765,-0.874457
16766,-0.242054
16767,-0.944948
16768,0.907739
16769,-1.950888
16770,-1.145983
16771,-0.662693
16772,-1.040418
16773,0.088800
16774,-0.811637
16775,-0.891102
16776,-0.099346
16777,0.359603
16778,0.382389
16779,0.147512
16780,0.244503
16781,0.839425
16782,2.035637
16783,1.486757
16784,0.423203
16785,0.991339
16786,-0.109012
16787,0.219000
16788,1.549424
16789,-0.262461
16790,-0.767725
16791,1.903934
16792,1.969278
16793,0.746702
16794,1.025866
16795,0.222457
16796,-0.508565
16797,0.275649
16798,0.376177
16799,0.869924
16800,1.314221
16801,-0.644845
16802,-1.118285
16803,0.781840
16804,-2.410803
16805,0.058509
16806,0.096251
16807,0.181646
16808,0.344930
16809,0.913635
16810,0.184561
16811,-0.089877
16812,0.010101
16813,0.637465
16814,-0.527028
16815,-1.074781
16816,-1.634755
16817,-2.390291
16818,-1.354306
16819,-0.254832
16820,0.827415
16821,0.902564
16822,0.515195
16823,-0.283841
16824,-1.980482
16825,-0.587258
16826,-0.830509
16827,0.874614
16828,-0.558305
16829,0.759614
16830,0.405034
16831,0.788629
16832,-0.298660
16833,-1.460350
16834,-2.993053
16835,-1.104880
16836,-0.255014
16837,-0.602043
16838,-1.732655
16839,-1.431234
16840,-1.187906
16841,-0.507546
16842,-0.895523
16843,-0.736525
16844,0.130683
16845,0.002479
16846,0.374200
16847,0.870354
16848,0.591353
16849,-1.148647
16850,-0.356334
16851,-0.532167
16852,-0.630026
16853,2.137244
16854,-0.284710
16855,-0.832850
16856,-0.767431
16857,-1.866958
16858,0.145145
16859,0.546447
16860,1.390235
16861,2.003900
16862,0.342321
16863,-0.948549
16864,-0.781898
16865,-1.695888
16866,-0.202150
16867,0.167898
16868,2.135403
16869,0.248334
16870,-0.642111
16871,0.250576
16872,0.565179
16873,0.479760
16874,-1.734760
16875,-0.946275
16876,-0.412480
16877,0.432274
16878,0.127238
16879,1.072263
16880,0.006614
16881,-1.687238
16882,-0.086705
16883,0.726976
16884,0.627424
16885,0.726665
16886,-0.833241
16887,-0.179747
16888,-0.837972
16889,0.770495
16890,-0.261362
16891,-0.499403
16892,0.106199
16893,1.180231
16894,0.196104
16895,-0.562781
16896,-1.529552
16897,-1.780366
16898,-0.924768
16899,-1.823249
16900,-2.063253
16901,-0.810918
16902,-0.178174
16903,-1.643622
16904,-1.859652
16905,-0.139386
16906,0.555917
16907,1.287548
16908,0.820414
16909,0.605704
16910,-1.243901
16911,0.440517
16912,-0.458616
16913,-0.400597
16914,-0.606233
16915,-0.087818
16916,0.115807
16917,1.568813
16918,-0.711456
16919,-0.262709
16920,0.090443
16921,1.042126
16922,1.192340
16923,1.515097
16924,-0.321637
16925,-0.674964
16926,-1.504512
16927,-0.737075
16928,-0.306230
16929,-2.261009
16930,-0.122760
16931,1.083163
16932,0.438851
16933,0.317613
16934,0.059088
16935,0.139471
16936,1.588963
16937,0.842440
16938,1.420762
16939,-0.062294
16940,-0.332423
16941,-0.720517
16942,-2.250716
16943,-2.121568
16944,0.916385
16945,-0.363359
16946,1.264640
16947,0.723289
16948,-0.046744
16949,0.194762
16950,1.001849
16951,0.920328
16952,0.882677
16953,0.105535
16954,0.491142
16955,0.251353
16956,0.316410
16957,0.171898
16958,-1.476392
16959,1.035744
16960,1.144303
16961,1.402854
16962,-0.121427
16963,-0.341342
16964,0.783546
16965,0.380721
16966,-0.780263
16967,-0.022674
16968,0.607138
16969,-1.160970
16970,-0.029103
16971,-0.322702
16972,1.231037
16973,1.084573
16974,0.126271
16975,0.564551
16976,0.265798
16977,0.338089
16978,-0.242761
16979,-2.156898
16980,-2.616847
16981,-0.973576
16982,-1.462431
16983,0.101396
16984,-1.301355
16985,-0.655054
16986,-0.994833
16987,0.999843
16988,1.986901
16989,1.625000
16990,0.963683
16991,1.851205
16992,-0.102187
16993,1.868032
16994,1.130442
16995,2.171701
16996,1.067988
16997,-0.730115
16998,-2.147893
16999,-1.230229
17000,-0.211780
17001,1.228420
17002,0.220742
17003,-0.716878
17004,0.405417
17005,1.316499
17006,-0.080582
17007,0.617184
17008,-0.980701
17009,0.821891
17010,-0.528737
17011,-1.309237
17012,-0.888817
17013,-0.190629
17014,0.938414
17015,-2.271777
17016,-0.040908
17017,0.107435
17018,0.278668
17019,0.278400
17020,1.913977
17021,1.097061
17022,0.226195
17023,1.004963
17024,0.648949
17025,-1.200936
17026,1.605457
17027,1.150946
17028,0.076944
17029,0.455860
17030,0.222214
17031,-1.541490
17032,-2.483663
17033,-1.090616
17034,0.196782
17035,-1.100786
17036,0.595090
17037,1.236185
17038,-0.604265
17039,1.418236
17040,1.570686
17041,-0.713569
17042,0.122208
17043,-1.102014
17044,0.181385
17045,-0.141862
17046,0.136303
17047,-0.605206
17048,-0.864392
17049,0.859461
17050,-1.594657
17051,0.284894
17052,0.138857
17053,0.824893
17054,0.782783
17055,-1.258514
17056,-0.414156
17057,-2.242730
17058,-0.090695
17059,-0.241083
17060,-1.311361
17061,0.281557
17062,-1.358079
17063,-1.020837
17064,-0.399376
17065,1.278404
17066,1.667429
17067,1.847631
17068,1.186668
17069,-0.370340
17070,0.452066
17071,-0.223174
17072,1.451399
17073,-0.407916
17074,-2.472952
17075,-0.882101
17076,0.205854
17077,0.779962
17078,1.296196
17079,1.815695
17080,1.130662
17081,-0.215783
17082,-0.986570
17083,-0.473136
17084,1.449615
17085,0.077546
17086,0.899827
17087,1.546647
17088,-0.133639
17089,1.827631
17090,-0.587231
17091,-1.762034
17092,-0.589954
17093,-0.099220
17094,0.809438
17095,-0.555271
17096,0.949008
17097,0.334673
17098,-0.113782
17099,-2.173768
17100,-1.773330
17101,0.905363
17102,-0.139666
17103,-0.405093
17104,-1.180337
17105,1.015808
17106,0.323648
17107,1.147960
17108,-1.672867
17109,0.546074
17110,-0.466152
17111,0.884551
17112,-0.303824
17113,0.134280
17114,-0.253138
17115,-1.597145
17116,-0.612806
17117,1.004144
17118,-0.015112
17119,-0.558306
17120,1.974288
17121,1.165059
17122,1.107075
17123,1.435196
17124,1.004056
17125,-1.262835
17126,-0.982544
17127,0.119281
17128,-1.052746
17129,-0.883672
17130,0.805690
17131,-0.794125
17132,0.109007
17133,0.100371
17134,-0.325580
17135,-0.345490
17136,-1.455261
17137,1.321134
17138,0.101861
17139,-0.236629
17140,-0.573845
17141,0.280711
17142,-0.626248
17143,1.108919
17144,-0.127473
17145,-1.506647
17146,-1.107313
17147,-1.022182
17148,0.602237
17149,0.895053
17150,0.603110
17151,-0.933806
17152,1.019027
17153,-1.085355
17154,0.376268
17155,-0.578906
17156,0.128817
17157,-0.127573
17158,0.112402
17159,1.416889
17160,0.805617
17161,-2.032660
17162,0.002007
17163,-1.123384
17164,-0.550199
17165,-0.627123
17166,-0.656133
17167,1.029061
17168,1.612967
17169,0.738083
17170,0.088155
17171,1.543744
17172,-1.076702
17173,-1.129321
17174,-0.471863
17175,0.708144
17176,-1.293313
17177,-1.400552
17178,-0.471669
17179,0.983162
17180,-0.786548
17181,-1.004251
17182,-0.206835
17183,-0.029675
17184,0.207998
17185,0.950377
17186,1.027528
17187,0.876672
17188,1.408631
17189,0.155259
17190,1.285784
17191,-0.460867
17192,-0.029639
17193,1.022306
17194,-0.020149
17195,-0.477102
17196,-0.261695
17197,-0.237218
17198,0.162857
17199,0.374996
17200,0.611161
17201,-1.062856
17202,-0.644788
17203,0.417562
17204,1.817108
17205,0.449319
17206,1.223896
17207,0.030234
17208,-1.119892
17209,-2.606141
17210,-0.666068
17211,0.300036
17212,-1.273846
17213,0.624933
17214,0.047780
17215,0.337021
17216,0.623330
17217,-3.169729
17218,-0.576602
17219,0.654988
17220,1.072502
17221,-0.494673
17222,-0.421222
17223,-0.614922
17224,1.418940
17225,1.751100
17226,-0.220099
17227,-0.427618
17228,-1.146160
17229,-0.600292
17230,-1.507758
17231,-1.683007
17232,-0.829888
17233,0.378223
17234,0.647378
17235,-0.039814
17236,1.334324
17237,0.806294
17238,-0.823862
17239,-0.166341
17240,-0.359310
17241,-0.002371
17242,-0.029814
17243,0.543633
17244,-0.317116
17245,0.531886
17246,-0.620655
17247,0.090017
17248,-0.617914
17249,-0.755589
17250,-1.562912
17251,0.318278
17252,-1.578110
17253,-1.555788
17254,-0.621976
17255,-1.000734
17256,-0.419879
17257,-1.240403
17258,0.289126
17259,-0.678976
17260,-0.943947
17261,1.431483
17262,1.298910
17263,0.743073
17264,0.584809
17265,-0.337443
17266,-0.739092
17267,-1.009770
17268,-1.188939
17269,-2.337453
17270,-0.087279
17271,-0.457245
17272,-1.634774
17273,-0.165249
17274,0.196190
17275,1.213306
17276,1.007743
17277,-0.762732
17278,0.018342
17279,0.827910
17280,0.279966
17281,0.117540
17282,-1.005479
17283,-0.090429
17284,-0.474952
17285,-0.592720
17286,1.061803
17287,-0.602845
17288,-1.196142
17289,-2.219612
17290,-2.062649
17291,-1.127904
17292,0.187731
17293,0.330610
17294,0.533548
17295,1.192896
17296,0.681165
17297,-1.132684
17298,-0.214843
17299,2.686057
17300,0.413871
17301,-0.267155
17302,0.262160
17303,-0.245080
17304,0.878144
17305,0.016720
17306,-1.507959
17307,-0.943276
17308,0.130650
17309,1.468503
17310,1.091777
17311,1.685635
17312,-0.177756
17313,-0.691059
17314,0.597295
17315,0.941849
17316,-0.192753
17317,-0.835920
17318,1.915870
17319,1.457648
17320,-0.020082
17321,0.436432
17322,-0.537630
17323,-2.379409
17324,-1.415565
17325,0.231042
17326,-0.326901
17327,-1.434895
17328,-0.014504
17329,0.453525
17330,0.869352
17331,0.119848
17332,-2.344380
17333,-1.436195
17334,-0.423570
17335,-2.127131
17336,1.234037
17337,-0.828251
17338,-0.136648
17339,-0.571575
17340,-1.075850
17341,0.970558
17342,1.593837
17343,0.277948
17344,-2.353441
17345,-1.538832
17346,-1.719040
17347,-0.217534
17348,-0.840179
17349,-1.157533
17350,0.287510
17351,-1.449594
17352,-2.421962
17353,0.470183
17354,1.465837
17355,1.334331
17356,-0.082435
17357,-1.242577
17358,-1.159973
17359,-1.716651
17360,-1.627164
17361,-0.094144
17362,-1.567243
17363,0.886554
17364,-0.527051
17365,1.074852
17366,2.222637
17367,1.149393
17368,-0.105715
17369,-0.675654
17370,0.782644
17371,0.455848
17372,0.726328
17373,1.079304
17374,-1.684585
17375,0.637376
17376,-0.366819
17377,-0.498411
17378,1.092269
17379,-0.253857
17380,0.965404
17381,-0.876043
17382,0.634883
17383,0.810589
17384,-1.378228
17385,0.925442
17386,1.412109
17387,0.200262
17388,0.458303
17389,1.078502
17390,1.582499
17391,1.401028
17392,-0.503429
17393,-0.734619
17394,-0.020934
17395,-1.873496
17396,-0.220024
17397,-0.626415
17398,-1.510914
17399,-2.049387
17400,0.832133
17401,-1.109196
17402,-3.742980
17403,-0.181644
17404,-0.014446
17405,2.137709
17406,0.129228
17407,-0.850901
17408,-0.149380
17409,0.157321
17410,0.647961
17411,-0.554674
17412,-0.033363
17413,-0.170301
17414,-0.455679
17415,-0.537805
17416,1.080944
17417,1.695489
17418,1.478379
17419,1.199141
17420,-0.986670
17421,-0.592997
17422,-0.738186
17423,-1.501372
17424,-0.173461
17425,-1.663527
17426,-0.495344
17427,0.664863
17428,-0.552771
17429,1.184627
17430,0.788412
17431,-1.304561
17432,-1.397135
17433,0.378608
17434,-1.338632
17435,-0.243341
17436,0.717208
17437,-1.343568
17438,2.117461
17439,0.772491
17440,1.190325
17441,0.786056
17442,0.333881
17443,-0.382606
17444,0.369809
17445,0.022507
17446,1.294729
17447,0.149864
17448,-0.163665
17449,-0.043072
17450,-0.002798
17451,-1.160629
17452,-1.536250
17453,-0.568780
17454,0.494924
17455,0.009151
17456,-0.239418
17457,0.454939
17458,-1.978372
17459,-2.029447
17460,0.362645
17461,-1.738485
17462,-1.076749
17463,1.069906
17464,0.222885
17465,-1.886601
17466,-0.962725
17467,-0.987650
17468,-2.100743
17469,-0.400018
17470,0.685775
17471,-0.418062
17472,-0.302706
17473,-0.700678
17474,-1.627374
17475,0.007728
17476,-0.908977
17477,-0.458807
17478,-0.467305
17479,-2.002961
17480,0.342523
17481,0.561836
17482,1.429801
17483,-0.802737
17484,0.089655
17485,1.108363
17486,1.700865
17487,1.048100
17488,-0.810240
17489,-1.207695
17490,-0.461406
17491,-1.304600
17492,1.001794
17493,-0.318021
17494,0.814146
17495,0.958585
17496,0.152305
17497,1.435007
17498,0.819109
17499,1.701266
17500,2.412212
17501,3.108762
17502,-0.141033
17503,0.469352
17504,-1.129973
17505,-0.446543
17506,-2.481175
17507,-0.893227
17508,-1.232115
17509,0.370560
17510,0.390101
17511,0.458854
17512,0.056555
17513,-2.564986
17514,-0.997900
17515,0.022499
17516,-0.897739
17517,-0.861714
17518,-0.360644
17519,1.328284
17520,0.562448
17521,0.848998
17522,-1.058556
17523,-2.846887
17524,-1.618832
17525,2.418378
17526,-0.281298
17527,-1.595835
17528,-0.008643
17529,-1.269886
17530,1.377744
17531,-0.650575
17532,-0.306399
17533,0.888264
17534,0.738241
17535,1.387261
17536,-1.213652
17537,-1.255234
17538,-1.059642
17539,-2.376737
17540,0.407950
17541,0.414666
17542,0.195407
17543,0.496343
17544,-1.561224
17545,-0.764113
17546,-1.404105
17547,0.637246
17548,-0.440388
17549,1.760135
17550,-0.148544
17551,-0.414654
17552,-1.770785
17553,0.170759
17554,0.145643
17555,0.425585
17556,0.339845
17557,-0.427141
17558,1.161269
17559,-0.497730
17560,0.178007
17561,1.461464
17562,0.826123
17563,0.892186
17564,-1.276159
17565,-1.805255
17566,-0.282259
17567,-0.041878
17568,-1.122869
17569,-0.588724
17570,0.382295
17571,-0.541441
17572,0.672059
17573,0.577540
17574,-0.902013
17575,-1.180964
17576,-2.009089
17577,-1.333332
17578,0.152892
17579,0.258158
17580,0.230145
17581,0.533273
17582,0.842692
17583,0.991441
17584,1.082930
17585,-0.301057
17586,0.247636
17587,0.337696
17588,-0.583466
17589,0.278098
17590,1.358112
17591,0.503626
17592,0.323512
17593,0.325054
17594,1.122574
17595,-1.756052
17596,-1.514964
17597,-1.068317
17598,1.701836
17599,0.352753
17600,-1.212625
17601,1.217804
17602,-1.211164
17603,0.493136
17604,-0.716513
17605,0.687668
17606,-0.830114
17607,-1.206219
17608,-0.344048
17609,-0.665421
17610,0.419100
17611,1.059883
17612,0.540741
17613,-0.376205
17614,-0.659085
17615,-1.541158
17616,-0.059431
17617,0.800792
17618,-0.237561
17619,-0.624278
17620,0.605229
17621,-1.548436
17622,-1.688485
17623,-0.489899
17624,0.283592
17625,1.497564
17626,1.467443
17627,0.246254
17628,-0.843149
17629,0.513306
17630,-0.168413
17631,-0.598833
17632,0.319297
17633,-1.158429
17634,-0.331813
17635,0.313046
17636,-0.576125
17637,-0.602008
17638,-0.924738
17639,0.022462
17640,0.600128
17641,-0.788853
17642,-0.127942
17643,-0.395408
17644,-0.702600
17645,0.497811
17646,0.842722
17647,1.127550
17648,0.008824
17649,-0.289160
17650,0.135626
17651,0.672164
17652,0.688420
17653,-0.166626
17654,-0.035160
17655,-0.472198
17656,0.619805
17657,-0.447428
17658,-0.332367
17659,1.707131
17660,1.109686
17661,-1.392374
17662,-0.010642
17663,-0.407742
17664,-0.491674
17665,-0.442289
17666,0.285658
17667,-0.687305
17668,0.346944
17669,1.344280
17670,-0.418300
17671,-1.951084
17672,-1.246713
17673,0.397310
17674,0.347672
17675,-0.746328
17676,-0.315371
17677,0.337459
17678,-0.551894
17679,-0.429266
17680,0.896104
17681,-0.151221
17682,0.745557
17683,0.303598
17684,0.611113
17685,-0.242050
17686,-0.562188
17687,0.423762
17688,0.686766
17689,0.311891
17690,-1.404048
17691,-1.174178
17692,-2.342963
17693,-0.557643
17694,-0.599979
17695,0.945401
17696,0.695883
17697,-1.288594
17698,-0.494886
17699,-0.246974
17700,-0.958194
17701,-0.803943
17702,1.146538
17703,1.124022
17704,-0.802527
17705,-1.450890
17706,1.396985
17707,-1.545731
17708,0.917670
17709,0.053287
17710,0.806188
17711,1.384733
17712,1.791653
17713,1.350842
17714,1.317161
17715,-0.387513
17716,-2.010362
17717,1.052709
17718,0.018094
17719,-0.231810
17720,0.865140
17721,-0.629405
17722,-0.175539
17723,-1.058281
17724,-1.722445
17725,-1.100506
17726,-1.408635
17727,-0.600722
17728,-1.195284
17729,-0.531660
17730,-0.361190
17731,0.009729
17732,0.336974
17733,2.223236
17734,0.676940
17735,-1.105557
17736,-1.032200
17737,0.397425
17738,-1.052887
17739,-0.238257
17740,0.494606
17741,0.214572
17742,0.190658
17743,0.358403
17744,0.415913
17745,1.678762
17746,1.436169
17747,-0.394477
17748,-2.960489
17749,0.034457
17750,1.598745
17751,1.062520
17752,-0.199090
17753,-0.299002
17754,-0.501003
17755,-0.258996
17756,0.535984
17757,0.285345
17758,1.764893
17759,2.162296
17760,-0.783967
17761,0.305736
17762,-1.003049
17763,1.620637
17764,0.438305
17765,-0.622972
17766,2.036630
17767,2.492749
17768,-0.048971
17769,-0.882016
17770,0.446184
17771,0.391338
17772,0.133543
17773,-1.700603
17774,-0.159090
17775,1.744793
17776,3.324009
17777,1.036729
17778,1.957807
17779,0.157439
17780,0.411491
17781,-0.869112
17782,-0.377608
17783,0.614073
17784,0.373672
17785,-1.732704
17786,-0.693377
17787,-2.364790
17788,-0.630122
17789,0.396631
17790,-0.183711
17791,0.063024
17792,2.835667
17793,0.362306
17794,1.875683
17795,1.375830
17796,-0.112389
17797,0.492209
17798,-0.179250
17799,-1.465580
17800,-1.000115
17801,-0.466491
17802,2.556694
17803,2.164075
17804,1.934454
17805,0.210504
17806,1.530328
17807,1.454922
17808,0.598526
17809,0.330070
17810,0.328538
17811,-1.048011
17812,-1.124407
17813,-0.823617
17814,-1.989342
17815,-0.322129
17816,0.776744
17817,0.058551
17818,-0.403269
17819,-0.273676
17820,-1.992625
17821,-0.572887
17822,-0.030457
17823,1.279663
17824,-0.519982
17825,1.386245
17826,-1.138229
17827,-0.246478
17828,0.279415
17829,1.099859
17830,-0.351396
17831,0.412682
17832,0.299354
17833,0.202401
17834,0.026979
17835,0.117057
17836,0.195267
17837,0.205996
17838,-0.517872
17839,0.642185
17840,-0.941328
17841,-0.150791
17842,-1.999254
17843,-0.513718
17844,-0.258618
17845,0.922117
17846,-0.236705
17847,1.242126
17848,-0.360907
17849,0.299681
17850,-0.145814
17851,0.090060
17852,0.650168
17853,1.559578
17854,1.371868
17855,1.424945
17856,1.139438
17857,2.628846
17858,0.224560
17859,0.082316
17860,-1.210411
17861,0.773442
17862,-0.193328
17863,0.752876
17864,-0.899648
17865,-0.045359
17866,-0.853963
17867,-1.739361
17868,-0.222280
17869,-0.561911
17870,-1.728201
17871,-0.944958
17872,0.728272
17873,0.775583
17874,0.047025
17875,-0.485427
17876,0.066402
17877,-0.344816
17878,0.330128
17879,-2.111584
17880,0.215308
17881,-0.296447
17882,-1.001282
17883,-0.853383
17884,-0.831751
17885,-1.176153
17886,-1.616656
17887,1.924369
17888,-1.079707
17889,0.290767
17890,-0.805496
17891,0.026241
17892,1.134124
17893,2.260645
17894,1.738690
17895,0.195342
17896,1.550628
17897,-0.281965
17898,-0.024351
17899,1.073640
17900,-0.559472
17901,-0.429633
17902,-0.926588
17903,1.018219
17904,-1.869624
17905,-0.248206
17906,1.209752
17907,0.549607
17908,-0.273248
17909,0.156859
17910,0.112605
17911,0.926664
17912,0.010421
17913,0.446150
17914,-0.538373
17915,-1.770422
17916,-0.838333
17917,0.451969
17918,0.780736
17919,2.577119
17920,1.208293
17921,-0.429416
17922,1.282201
17923,-2.154042
17924,-1.622278
17925,-0.385967
17926,-0.561534
17927,-0.546074
17928,-3.053146
17929,-2.036078
17930,-0.225766
17931,1.407903
17932,0.286871
17933,1.564764
17934,2.230878
17935,2.525043
17936,-0.343389
17937,0.062927
17938,-0.846433
17939,-2.556613
17940,0.128746
17941,-0.210690
17942,1.091269
17943,0.008244
17944,0.517198
17945,2.077563
17946,0.028150
17947,-1.233648
17948,-0.750093
17949,0.413658
17950,0.467154
17951,-0.086663
17952,-1.234540
17953,0.014499
17954,0.578248
17955,0.688456
17956,-0.058360
17957,-1.440504
17958,-1.613044
17959,-1.118132
17960,-0.634931
17961,-1.926112
17962,0.059292
17963,0.036572
17964,0.111545
17965,-0.853208
17966,-1.278062
17967,1.632235
17968,1.475952
17969,1.096214
17970,0.051989
17971,-0.126927
17972,-0.737381
17973,1.593783
17974,-0.333061
17975,0.416658
17976,-0.798424
17977,-2.269598
17978,-2.020059
17979,-2.167669
17980,-0.409987
17981,-0.776345
17982,0.131891
17983,-0.972569
17984,-0.266026
17985,-0.347992
17986,-1.622850
17987,-1.140823
17988,1.506049
17989,0.175706
17990,-2.024591
17991,-0.070921
17992,-1.383235
17993,1.019777
17994,-0.320849
17995,-1.086013
17996,0.078667
17997,0.208519
17998,0.023494
17999,-0.261919
18000,-0.791587
18001,-1.365282
18002,-2.804393
18003,-2.075272
18004,1.476678
18005,0.335259
18006,-1.213929
18007,-0.403972
18008,-0.983457
18009,0.117957
18010,-0.483830
18011,0.432751
18012,0.255705
18013,0.851350
18014,0.904470
18015,0.658922
18016,0.737995
18017,1.599754
18018,0.967686
18019,-1.137152
18020,-0.162080
18021,1.120416
18022,0.615601
18023,-0.023444
18024,1.541199
18025,-0.812274
18026,0.577787
18027,-0.058731
18028,-3.105032
18029,-0.616085
18030,-0.221687
18031,0.906955
18032,-0.221914
18033,0.142695
18034,-2.514987
18035,1.007727
18036,0.234678
18037,0.054239
18038,0.144816
18039,0.809944
18040,-0.396875
18041,1.130119
18042,0.678045
18043,-1.340516
18044,-0.061445
18045,1.013342
18046,0.134986
18047,0.873697
18048,0.334415
18049,-0.378591
18050,-1.028752
18051,0.952321
18052,1.039804
18053,0.845873
18054,2.204748
18055,0.865600
18056,0.614379
18057,0.754103
18058,2.411183
18059,-0.130484
18060,0.273911
18061,-1.343344
18062,0.468814
18063,0.030924
18064,0.082200
18065,0.277984
18066,-0.451794
18067,0.072541
18068,-0.732705
18069,-0.973206
18070,-1.059092
18071,-0.047152
18072,0.066379
18073,1.656472
18074,0.160010
18075,0.636709
18076,2.678424
18077,0.264413
18078,-0.909039
18079,-0.349754
18080,0.271160
18081,0.020020
18082,0.347076
18083,1.687209
18084,0.047757
18085,-0.973430
18086,-0.789837
18087,0.151535
18088,0.257598
18089,0.162675
18090,-0.725212
18091,-0.610938
18092,1.198212
18093,0.275826
18094,-0.244038
18095,1.055477
18096,0.128188
18097,-0.466902
18098,0.416628
18099,0.312163
18100,-0.786167
18101,-1.459912
18102,-1.137036
18103,-0.292275
18104,0.754361
18105,-0.673030
18106,-1.779352
18107,-0.448548
18108,0.495391
18109,-1.040625
18110,-1.287437
18111,-0.548124
18112,0.764914
18113,1.212808
18114,0.495269
18115,-1.075907
18116,-1.693751
18117,0.122606
18118,0.401983
18119,-0.187067
18120,0.109329
18121,-0.243180
18122,0.324216
18123,0.024388
18124,-1.854025
18125,-0.769445
18126,-0.101691
18127,-1.622574
18128,-1.247478
18129,-0.526366
18130,-0.074769
18131,0.529636
18132,-1.729448
18133,0.275176
18134,-1.421243
18135,0.747835
18136,-0.106313
18137,0.396312
18138,-0.719926
18139,-1.036336
18140,0.011486
18141,1.641417
18142,1.184304
18143,0.038262
18144,0.996238
18145,1.456241
18146,0.815405
18147,-1.531556
18148,-0.463657
18149,-0.458622
18150,-0.167552
18151,-0.670343
18152,0.872494
18153,-1.002694
18154,-0.799704
18155,-0.136262
18156,-1.150225
18157,-0.086540
18158,1.196122
18159,-1.846695
18160,-0.504772
18161,-1.471034
18162,-1.315125
18163,-0.233922
18164,-1.003165
18165,-0.067219
18166,-2.298532
18167,0.108632
18168,0.787182
18169,0.275708
18170,0.877368
18171,-0.271164
18172,-2.370869
18173,-0.556749
18174,-0.333691
18175,1.085561
18176,1.056898
18177,0.354887
18178,0.825147
18179,-0.082154
18180,-0.448617
18181,-2.693718
18182,-0.336174
18183,1.768775
18184,1.151170
18185,0.317080
18186,0.444606
18187,0.672533
18188,-0.576280
18189,-0.521791
18190,-1.288587
18191,-2.133509
18192,0.697860
18193,0.777372
18194,1.204892
18195,1.281321
18196,-0.090613
18197,-1.299678
18198,-1.202039
18199,-1.818570
18200,-0.540356
18201,0.968695
18202,-0.358945
18203,-0.086770
18204,1.130906
18205,-0.853116
18206,0.167568
18207,1.235166
18208,-1.655145
18209,0.119782
18210,-0.076566
18211,1.149277
18212,0.082451
18213,-0.032649
18214,-0.400638
18215,0.114535
18216,-0.453099
18217,-1.792670
18218,-2.055960
18219,-1.038004
18220,-1.609104
18221,1.194794
18222,-0.598371
18223,-0.106564
18224,0.934443
18225,0.356675
18226,0.906768
18227,1.548599
18228,-1.462934
18229,0.655991
18230,0.208678
18231,-0.644351
18232,-0.340418
18233,0.005164
18234,-0.167714
18235,1.377837
18236,-1.209413
18237,-2.819999
18238,0.468496
18239,-1.481516
18240,0.545151
18241,-0.248594
18242,0.271228
18243,0.186315
18244,1.273005
18245,0.619845
18246,0.808520
18247,0.140197
18248,1.437392
18249,0.919935
18250,1.165241
18251,1.883229
18252,0.133407
18253,-1.409516
18254,-0.022164
18255,0.481484
18256,0.115252
18257,-1.225686
18258,-0.367859
18259,2.381733
18260,-0.443988
18261,0.727153
18262,-1.186374
18263,-0.131569
18264,0.454099
18265,-0.576452
18266,1.273154
18267,-0.000436
18268,-0.738390
18269,0.610413
18270,-0.695148
18271,1.016234
18272,-0.132654
18273,-0.325233
18274,-0.262903
18275,0.092089
18276,-0.600318
18277,-1.425163
18278,-0.468514
18279,-0.786494
18280,-0.297878
18281,2.007068
18282,-0.977909
18283,-0.466375
18284,-0.045565
18285,-0.304951
18286,-1.232125
18287,-0.971977
18288,0.603431
18289,-0.695446
18290,-2.074934
18291,-0.790598
18292,-1.197862
18293,-1.821560
18294,-3.176334
18295,-1.113442
18296,0.966233
18297,-0.058828
18298,1.116787
18299,0.017875
18300,0.766474
18301,-0.103156
18302,-0.221180
18303,-0.415599
18304,-1.227697
18305,1.494893
18306,-0.843736
18307,-0.289013
18308,0.700731
18309,0.064280
18310,0.926859
18311,0.429344
18312,-0.062602
18313,0.001762
18314,-1.501366
18315,0.360552
18316,-1.388219
18317,0.250241
18318,2.559551
18319,-0.502419
18320,-0.788848
18321,-0.275680
18322,-1.081566
18323,1.804362
18324,0.437954
18325,0.786684
18326,-1.931786
18327,-0.034610
18328,0.511157
18329,1.590702
18330,-0.054077
18331,-1.296348
18332,0.519682
18333,-0.016835
18334,-1.597721
18335,-2.659118
18336,-1.590220
18337,0.667025
18338,-2.042815
18339,-1.134008
18340,-0.316384
18341,-0.010799
18342,-0.267093
18343,-0.295330
18344,0.060854
18345,-0.211602
18346,-1.008375
18347,0.711116
18348,-1.801764
18349,-0.251704
18350,0.845650
18351,-0.348758
18352,0.209977
18353,-0.513513
18354,-0.760198
18355,-1.918314
18356,0.156738
18357,1.124312
18358,-0.553667
18359,-1.161487
18360,0.785190
18361,-0.411789
18362,-1.236726
18363,1.358323
18364,1.366340
18365,-0.228563
18366,-1.141439
18367,-1.172438
18368,-0.322881
18369,-0.350285
18370,-0.628236
18371,-1.924044
18372,-0.699755
18373,-1.189188
18374,-0.713056
18375,-0.644343
18376,2.423161
18377,0.293388
18378,1.883171
18379,-0.706021
18380,-1.210791
18381,-0.875483
18382,-0.838418
18383,0.504066
18384,0.248923
18385,0.971098
18386,0.068525
18387,1.026238
18388,0.163880
18389,-1.604997
18390,0.301543
18391,0.502649
18392,-0.169376
18393,-1.299918
18394,0.009696
18395,2.077740
18396,0.088951
18397,1.374096
18398,0.665045
18399,-1.551940
18400,-2.201068
18401,-0.634539
18402,0.726349
18403,-0.394671
18404,-0.443450
18405,0.034846
18406,0.432066
18407,0.648045
18408,0.675199
18409,0.687019
18410,-1.877386
18411,-0.097814
18412,0.588108
18413,0.256976
18414,0.231190
18415,2.032411
18416,1.755500
18417,-0.046480
18418,-3.263870
18419,-1.742338
18420,1.600231
18421,0.046317
18422,-2.816923
18423,-2.796182
18424,-2.853351
18425,-1.357206
18426,2.321581
18427,2.434188
18428,0.831020
18429,-0.353316
18430,-0.897138
18431,-1.079171
18432,0.895942
18433,-0.411579
18434,1.141344
18435,1.186702
18436,0.132997
18437,-1.571606
18438,-0.457839
18439,0.451584
18440,0.490911
18441,0.646097
18442,-1.567491
18443,-1.534276
18444,-0.090563
18445,1.932777
18446,0.736832
18447,-0.214587
18448,0.451051
18449,0.373923
18450,-1.101341
18451,-0.777911
18452,-1.039894
18453,-0.017440
18454,0.022508
18455,0.428982
18456,-0.072433
18457,-1.711034
18458,-2.592648
18459,-1.617292
18460,0.003543
18461,-0.439105
18462,0.771285
18463,0.850498
18464,-0.066638
18465,0.674307
18466,0.257683
18467,0.125445
18468,-1.315381
18469,-1.859070
18470,-1.970657
18471,-0.499242
18472,0.274413
18473,0.081229
18474,0.196994
18475,0.241767
18476,1.883483
18477,-0.116436
18478,-0.234175
18479,0.099460
18480,-1.609461
18481,-0.259904
18482,-0.043140
18483,0.701020
18484,-0.703207
18485,1.915878
18486,-0.053432
18487,-0.006798
18488,-0.674361
18489,-0.414210
18490,-1.419009
18491,-1.939690
18492,0.928042
18493,-1.217277
18494,-2.759887
18495,-1.303103
18496,0.110746
18497,-0.496110
18498,0.278092
18499,0.420018
18500,-0.056478
18501,-1.700136
18502,-0.386526
18503,0.092420
18504,-1.226575
18505,1.033366
18506,0.159612
18507,-0.234641
18508,0.048662
18509,0.289513
18510,0.011887
18511,-0.417088
18512,-0.682800
18513,-0.360703
18514,1.150649
18515,-0.210329
18516,-1.271704
18517,2.053262
18518,1.537766
18519,1.300427
18520,0.190522
18521,0.450555
18522,1.570293
18523,-1.550858
18524,-0.903485
18525,-1.109986
18526,-1.670467
18527,-0.201411
18528,-1.024693
18529,0.144709
18530,-1.493205
18531,-1.369971
18532,0.738394
18533,0.040904
18534,-0.139082
18535,0.143782
18536,0.281797
18537,0.393255
18538,0.912948
18539,1.001695
18540,0.603971
18541,-0.468289
18542,0.210055
18543,-0.515391
18544,-1.609543
18545,-1.141671
18546,0.659917
18547,-1.482403
18548,-0.823469
18549,0.211337
18550,-0.716279
18551,1.433486
18552,-0.461326
18553,-1.615304
18554,-1.705182
18555,-0.082981
18556,-0.388250
18557,-1.939007
18558,-1.031019
18559,-1.182087
18560,-0.564724
18561,0.717742
18562,0.390648
18563,0.195555
18564,0.882216
18565,0.017614
18566,-1.763403
18567,0.415810
18568,1.454481
18569,-0.476307
18570,-0.746113
18571,0.083402
18572,2.400796
18573,0.018141
18574,0.816846
18575,-1.242904
18576,0.920714
18577,-0.567916
18578,-0.643308
18579,-1.642512
18580,-0.795449
18581,-0.564837
18582,-0.056862
18583,1.172289
18584,-1.260715
18585,-1.091872
18586,0.611527
18587,0.015177
18588,2.638027
18589,0.192825
18590,0.741209
18591,0.898230
18592,0.510866
18593,-1.247282
18594,-1.329925
18595,-0.453478
18596,0.477065
18597,0.197121
18598,-0.133710
18599,0.258476
18600,-0.909727
18601,-1.981512
18602,-2.623158
18603,-2.534773
18604,-0.440136
18605,0.182793
18606,0.796025
18607,-0.080688
18608,1.145531
18609,-0.827099
18610,0.219983
18611,0.151651
18612,0.088678
18613,0.896020
18614,0.368571
18615,0.442589
18616,-0.080235
18617,-0.359790
18618,0.123727
18619,-2.790286
18620,-0.874630
18621,-0.745347
18622,0.361445
18623,-0.490562
18624,-0.982514
18625,-1.419881
18626,-0.285513
18627,-0.124196
18628,-0.884196
18629,0.514171
18630,-0.139510
18631,-0.972790
18632,0.191785
18633,0.340994
18634,0.223656
18635,-0.868437
18636,-0.364609
18637,-0.749435
18638,0.083694
18639,-1.360689
18640,0.153733
18641,1.394747
18642,0.909714
18643,0.452308
18644,0.550289
18645,1.204993
18646,-0.329302
18647,0.256480
18648,-0.723068
18649,0.884795
18650,0.344855
18651,0.720496
18652,1.166785
18653,0.097108
18654,0.419776
18655,-0.311199
18656,-0.441076
18657,-2.102717
18658,-0.965800
18659,-0.907040
18660,-2.506785
18661,-0.799471
18662,1.303646
18663,-0.217245
18664,-1.365844
18665,-0.578738
18666,0.963630
18667,0.608473
18668,0.773374
18669,2.067842
18670,0.101799
18671,-0.468925
18672,-0.965799
18673,-0.380523
18674,0.397449
18675,0.817887
18676,0.401431
18677,0.243575
18678,-0.359955
18679,-0.723226
18680,1.155876
18681,1.041001
18682,0.046884
18683,-0.170324
18684,-1.440031
18685,-0.464614
18686,1.664560
18687,0.791473
18688,0.712629
18689,1.265502
18690,-0.210052
18691,-1.226424
18692,-0.661449
18693,-0.116200
18694,-1.964598
18695,-1.823686
18696,0.709273
18697,-0.947803
18698,-1.983826
18699,-1.473797
18700,-0.650130
18701,-0.062522
18702,-1.362863
18703,-0.233208
18704,0.115061
18705,0.699324
18706,-0.268079
18707,-0.079570
18708,0.652644
18709,-0.321660
18710,1.566985
18711,0.549901
18712,-0.857425
18713,1.122948
18714,-0.195180
18715,-1.977816
18716,-0.667729
18717,-0.421242
18718,-0.419288
18719,-0.656259
18720,0.793170
18721,-0.575809
18722,0.021003
18723,0.051237
18724,-0.357769
18725,-0.988345
18726,-0.171195
18727,0.358861
18728,-0.435069
18729,-1.154732
18730,-0.125491
18731,-0.106237
18732,-0.221798
18733,-0.018528
18734,-0.330521
18735,-0.698332
18736,-0.651263
18737,-0.755970
18738,-0.357409
18739,-0.718164
18740,-1.891301
18741,-0.522225
18742,-0.270609
18743,1.241467
18744,-0.422929
18745,-1.225879
18746,0.619276
18747,1.418774
18748,2.112962
18749,0.735138
18750,1.618643
18751,0.123110
18752,-0.722995
18753,0.051414
18754,-0.503917
18755,0.289130
18756,0.294438
18757,1.523434
18758,0.494294
18759,0.420291
18760,-0.788909
18761,1.084228
18762,-0.284848
18763,0.254405
18764,0.509835
18765,0.329250
18766,0.976346
18767,1.095103
18768,0.811385
18769,0.159579
18770,-0.070569
18771,-1.785095
18772,-0.232094
18773,0.772152
18774,-0.976845
18775,-0.411325
18776,-0.445665
18777,-0.753325
18778,-1.277261
18779,0.520685
18780,-0.192783
18781,-0.891097
18782,-0.770415
18783,-1.825444
18784,-0.887054
18785,0.297505
18786,-0.926991
18787,0.161163
18788,-0.388707
18789,-0.646948
18790,-0.932193
18791,0.723734
18792,0.819224
18793,0.352115
18794,1.015721
18795,-0.023201
18796,0.216662
18797,0.667064
18798,0.868977
18799,-0.439029
18800,-1.305437
18801,-0.068566
18802,-1.023507
18803,-1.208351
18804,-1.115813
18805,-0.577313
18806,-0.303962
18807,0.910755
18808,1.438065
18809,-0.414069
18810,-0.734820
18811,0.047882
18812,0.332989
18813,0.365718
18814,0.075546
18815,-1.457506
18816,-0.874888
18817,-1.330120
18818,-0.430606
18819,-0.284866
18820,2.203386
18821,1.677030
18822,-0.584095
18823,0.134896
18824,1.102696
18825,0.369111
18826,0.263375
18827,-1.980506
18828,-0.622959
18829,-0.200111
18830,1.024108
18831,-1.043523
18832,-0.570057
18833,0.088150
18834,0.944992
18835,0.962909
18836,-1.398761
18837,0.161320
18838,-0.447749
18839,0.830981
18840,-0.176841
18841,-0.355282
18842,-1.667269
18843,-1.463928
18844,0.343274
18845,-0.477291
18846,-1.001211
18847,0.258941
18848,-0.777810
18849,-0.534531
18850,-0.627449
18851,0.879865
18852,0.661352
18853,0.992260
18854,0.755590
18855,2.092681
18856,1.251207
18857,0.983696
18858,1.115033
18859,0.607008
18860,1.678235
18861,-0.348008
18862,0.618929
18863,0.429512
18864,-0.435199
18865,0.261310
18866,0.729824
18867,0.473994
18868,-1.208126
18869,-0.720007
18870,-1.158140
18871,-1.443662
18872,0.426522
18873,-1.649048
18874,-0.015502
18875,-0.628313
18876,-1.130620
18877,-0.746044
18878,-1.590154
18879,0.923870
18880,1.415487
18881,0.622735
18882,-1.491406
18883,2.410067
18884,1.862321
18885,-0.557345
18886,-0.871848
18887,1.193828
18888,1.386915
18889,0.085532
18890,-0.885253
18891,-2.020016
18892,0.858819
18893,0.246846
18894,-1.219128
18895,-0.293648
18896,-1.092035
18897,1.100450
18898,-0.575470
18899,1.905056
18900,0.605508
18901,3.168896
18902,0.384198
18903,0.129287
18904,0.216651
18905,2.511714
18906,-0.613337
18907,-1.188754
18908,-0.412696
18909,1.035873
18910,1.375015
18911,0.705871
18912,0.186548
18913,0.985914
18914,2.252658
18915,1.217337
18916,-1.341638
18917,-1.210028
18918,0.424081
18919,-1.853476
18920,-0.900508
18921,0.443085
18922,1.423941
18923,0.969322
18924,-0.192152
18925,-0.645935
18926,-0.982764
18927,0.050933
18928,-0.140527
18929,0.083690
18930,1.398059
18931,-2.765243
18932,0.048408
18933,0.239547
18934,-0.964150
18935,-1.495884
18936,-0.477578
18937,-1.255648
18938,-0.401724
18939,-1.086786
18940,-1.796331
18941,-1.034008
18942,-0.879231
18943,0.088567
18944,0.125992
18945,-0.325324
18946,0.852861
18947,1.126731
18948,0.669480
18949,-1.313291
18950,0.138114
18951,1.204967
18952,-0.985688
18953,1.163991
18954,-0.711255
18955,-0.041389
18956,-0.283966
18957,-0.180668
18958,0.731449
18959,-0.592306
18960,-2.085538
18961,1.481742
18962,0.872808
18963,-0.102158
18964,0.725529
18965,0.797538
18966,0.326484
18967,0.100607
18968,0.103029
18969,1.191680
18970,1.042885
18971,-1.167517
18972,0.326417
18973,0.351375
18974,0.674413
18975,0.619725
18976,0.083151
18977,0.184367
18978,1.364362
18979,-0.004569
18980,-1.588982
18981,-1.676749
18982,1.934469
18983,0.882782
18984,1.568094
18985,1.230830
18986,-0.421672
18987,-2.652022
18988,0.287695
18989,0.000131
18990,-0.544824
18991,-0.446610
18992,-2.063628
18993,-2.182120
18994,-1.173620
18995,-0.009950
18996,-1.292743
18997,-2.510796
18998,0.230606
18999,-1.884276
19000,-1.253272
19001,-1.282127
19002,-2.415958
19003,-0.474157
19004,0.178052
19005,0.539790
19006,2.306254
19007,0.528279
19008,-1.225051
19009,2.025838
19010,0.739302
19011,0.573331
19012,-0.204802
19013,0.882367
19014,1.494699
19015,-0.578027
19016,0.992925
19017,2.254954
19018,1.310080
19019,1.346980
19020,-0.741968
19021,1.046475
19022,1.245701
19023,0.488948
19024,0.748928
19025,-1.128696
19026,-0.637083
19027,0.198386
19028,0.601189
19029,-1.612383
19030,0.899101
19031,-0.621058
19032,-1.538523
19033,1.128990
19034,0.968302
19035,-0.190344
19036,-0.363475
19037,0.658269
19038,-1.026709
19039,-0.353204
19040,1.567687
19041,0.396701
19042,0.377397
19043,1.196294
19044,-0.549512
19045,0.748578
19046,0.271581
19047,1.120753
19048,2.002756
19049,-0.578743
19050,-0.149137
19051,1.695933
19052,-0.391896
19053,0.722046
19054,-0.160165
19055,-2.088394
19056,-2.100004
19057,-2.105732
19058,-2.078111
19059,0.648097
19060,0.347432
19061,0.038718
19062,-0.568756
19063,-2.714065
19064,-0.837767
19065,1.087720
19066,0.655481
19067,1.082145
19068,0.262670
19069,-0.176267
19070,0.841170
19071,0.100867
19072,-0.444314
19073,0.739245
19074,0.889013
19075,0.809687
19076,-0.478474
19077,-0.378663
19078,1.067542
19079,-0.341812
19080,-0.097233
19081,-0.633551
19082,0.720422
19083,1.858385
19084,1.302099
19085,1.062701
19086,-0.677919
19087,1.257078
19088,0.008079
19089,-0.663254
19090,-0.454310
19091,-0.803860
19092,-1.521192
19093,-0.616091
19094,-1.255903
19095,1.082039
19096,-1.887277
19097,0.214996
19098,-0.570076
19099,-0.630620
19100,0.679933
19101,1.733208
19102,0.050898
19103,-0.323096
19104,0.767999
19105,-0.088530
19106,1.255722
19107,-0.758245
19108,0.295324
19109,0.113964
19110,-0.563349
19111,-0.934010
19112,-1.002943
19113,2.648551
19114,-0.721050
19115,-0.680925
19116,1.113988
19117,-0.109029
19118,1.001524
19119,1.090080
19120,0.297515
19121,-1.002102
19122,-2.069860
19123,1.370558
19124,-2.137488
19125,0.131611
19126,-0.956490
19127,-1.161023
19128,0.721654
19129,-1.443425
19130,-0.445580
19131,-0.688601
19132,-0.450760
19133,1.763986
19134,0.933860
19135,-1.458641
19136,-0.971119
19137,-0.584997
19138,0.727446
19139,0.074285
19140,1.425874
19141,-0.031723
19142,2.074221
19143,1.097146
19144,0.482901
19145,-0.681524
19146,-1.668799
19147,-0.243976
19148,-1.476262
19149,-0.460612
19150,0.973432
19151,1.208099
19152,0.518197
19153,1.051900
19154,0.438529
19155,1.094983
19156,1.294437
19157,-0.222586
19158,0.465245
19159,-0.464284
19160,2.059297
19161,0.996540
19162,0.951138
19163,0.073281
19164,-0.566340
19165,1.210940
19166,-0.758089
19167,-1.919458
19168,-1.189991
19169,-0.312701
19170,-0.731109
19171,1.170698
19172,1.569230
19173,0.825341
19174,0.670640
19175,1.019090
19176,1.497514
19177,0.287017
19178,-0.680722
19179,-1.266733
19180,1.558017
19181,0.621418
19182,1.900583
19183,0.749115
19184,-0.189574
19185,1.908435
19186,0.087391
19187,0.672631
19188,0.778445
19189,1.266494
19190,0.772842
19191,0.441951
19192,1.023301
19193,-1.063559
19194,0.034232
19195,-1.800988
19196,-0.574081
19197,2.023336
19198,1.626478
19199,-0.086529
19200,1.813748
19201,-1.113520
19202,-0.579507
19203,-1.910433
19204,-0.090800
19205,-0.944461
19206,-1.896616
19207,-1.111977
19208,1.324180
19209,2.072628
19210,0.611945
19211,0.662141
19212,-0.289943
19213,0.498601
19214,0.940628
19215,0.958628
19216,0.273429
19217,0.680169
19218,-0.503420
19219,0.353641
19220,2.138967
19221,1.476420
19222,1.421833
19223,0.721789
19224,0.118511
19225,-0.364997
19226,-0.298483
19227,0.467664
19228,0.034230
19229,0.333633
19230,0.832307
19231,0.583862
19232,2.231857
19233,-0.238843
19234,-0.260724
19235,0.719768
19236,-1.415645
19237,-0.128044
19238,0.516093
19239,-1.059070
19240,0.762414
19241,0.286171
19242,-0.017533
19243,77.854469
19244,97.678120
19245,98.046106
19246,98.313574
19247,104.261889
19248,103.446002
19249,102.254698
19250,98.581301
19251,100.773267
19252,103.020693
19253,108.222996
19254,102.490757
19255,103.130280
19256,100.510314
19257,98.566225
19258,100.014630
19259,100.128904
19260,99.836995
19261,101.164889
19262,98.592766
19263,96.945393
19264,100.906599
19265,102.965244
19266,101.357530
19267,102.146956
19268,101.271421
19269,104.832666
19270,101.511896
19271,103.036799
19272,100.922212
19273,101.399043
19274,104.016501
19275,105.896038
19276,101.748604
19277,99.019876
19278,100.237279
19279,100.438438
19280,101.204555
19281,102.606429
19282,102.217600
19283,103.935696
19284,103.511030
19285,103.375066
19286,100.518180
19287,104.841813
19288,105.467112
19289,100.348410
19290,101.884694
19291,103.101847
19292,103.571788
19293,102.135322
19294,98.975487
19295,98.591960
19296,98.886562
19297,102.455227
19298,100.985049
19299,104.353299
19300,103.016061
19301,103.928891
19302,101.139459
19303,103.341644
19304,100.598133
19305,98.858227
19306,98.163380
19307,100.444276
19308,103.264643
19309,100.548739
19310,97.364439
19311,100.298877
19312,102.154817
19313,102.342839
19314,100.964425
19315,102.503821
19316,105.178318
19317,103.140483
19318,102.057214
19319,101.165528
19320,100.040205
19321,100.852761
19322,101.242622
19323,99.063379
19324,101.581330
19325,100.002408
19326,99.895995
19327,101.190560
19328,101.583048
19329,104.986034
19330,104.914104
19331,100.092952
19332,102.559655
19333,104.269410
19334,101.941790
19335,102.658882
19336,101.762146
19337,97.065698
19338,102.316702
19339,102.274683
19340,101.173378
19341,102.467532
19342,102.431533
19343,100.917228
19344,103.279805
19345,105.463267
19346,102.664049
19347,98.091988
19348,98.923438
19349,100.850551
19350,102.175521
19351,100.367003
19352,105.094944
19353,103.249613
19354,101.798984
19355,100.015217
19356,98.367182
19357,97.546242
19358,97.351315
19359,100.859317
19360,99.555645
19361,99.148360
19362,103.838921
19363,101.800168
19364,99.426503
19365,101.746540
19366,96.190388
19367,97.648711
19368,99.549736
19369,104.944210
19370,102.596782
19371,103.062377
19372,101.211564
19373,96.566562
19374,99.170173
19375,103.106881
19376,99.829061
19377,103.532287
19378,100.460738
19379,101.104388
19380,103.745383
19381,99.830715
19382,101.984750
19383,103.072360
19384,100.632819
19385,98.793631
19386,101.150654
19387,100.913258
19388,101.069082
19389,102.856208
19390,100.047026
19391,102.888210
19392,103.038426
19393,106.879202
19394,100.881736
19395,96.909623
19396,101.968232
19397,100.856334
19398,99.026913
19399,97.989060
19400,103.437320
19401,104.544284
19402,105.297041
19403,104.073840
19404,104.514045
19405,99.300986
19406,101.998887
19407,102.096879
19408,104.673891
19409,105.028112
19410,101.817673
19411,99.477288
19412,97.027499
19413,98.219343
19414,98.952097
19415,100.338487
19416,99.349020
19417,102.352259
19418,103.421564
19419,102.508744
19420,100.124130
19421,100.597002
19422,102.616375
19423,101.581820
19424,100.028103
19425,97.083307
19426,99.201893
19427,98.022852
19428,102.334595
19429,103.219653
19430,105.424410
19431,103.168922
19432,104.156580
19433,99.627359
19434,102.512050
19435,103.583632
19436,101.747537
19437,101.131378
19438,102.120547
19439,99.797434
19440,100.020197
19441,101.349255
19442,102.203511
19443,96.850159
19444,105.195573
19445,105.433637
19446,101.007026
19447,102.871537
19448,100.466878
19449,102.785481
19450,105.554219
19451,103.337200
19452,104.188580
19453,104.807205
19454,102.536628
19455,103.037605
19456,100.900037
19457,104.126560
19458,101.266873
19459,106.347837
19460,101.351693
19461,105.239968
19462,105.298258
19463,103.561583
19464,105.292599
19465,100.649587
19466,102.882808
19467,99.312404
19468,101.792199
19469,106.074318
19470,103.367239
19471,101.832768
19472,102.159222
19473,104.064819
19474,103.174914
19475,103.158099
19476,104.723271
19477,104.685621
19478,100.668506
19479,105.363548
19480,103.818766
19481,104.671993
19482,100.886871
19483,103.787862
19484,102.366441
19485,102.449387
19486,101.135867
19487,103.194279
19488,102.286974
19489,105.705788
19490,101.431570
19491,101.887119
19492,99.434778
19493,99.239251
19494,103.094536
19495,100.606110
19496,105.003150
19497,103.277623
19498,103.839112
19499,104.432507
19500,103.629501
19501,101.766296
19502,102.082006
19503,99.158782
19504,103.112385
19505,103.003936
19506,97.929730
19507,102.024106
19508,100.709094
19509,107.668265
19510,107.472763
19511,104.781394
19512,101.949459
19513,100.695100
19514,104.799809
19515,103.312171
19516,108.659973
19517,107.552640
19518,102.588487
19519,101.263523
19520,101.998671
19521,103.497175
19522,101.049314
19523,100.898169
19524,101.538089
19525,104.079065
19526,100.726565
19527,104.196769
19528,101.957985
19529,107.168356
19530,105.706600
19531,101.761500
19532,102.272928
19533,101.680163
19534,100.804476
19535,103.987098
19536,106.125212
19537,104.881256
19538,100.997427
19539,102.348969
19540,102.812753
19541,102.138396
19542,99.255979
19543,99.887638
19544,103.512777
19545,99.880894
19546,101.848952
19547,102.636554
19548,104.390599
19549,101.037586
19550,100.221131
19551,101.291778
19552,105.548074
19553,105.050375
19554,102.966641
19555,103.212950
19556,101.065976
19557,107.851497
19558,103.509854
19559,105.686043
19560,101.193664
19561,100.745894
19562,102.640892
19563,98.575707
19564,101.445678
19565,103.270207
19566,101.632987
19567,101.759692
19568,102.604902
19569,104.144420
19570,110.408071
19571,108.774983
19572,102.757610
19573,104.954838
19574,103.298725
19575,103.404723
19576,101.603291
19577,101.095634
19578,100.857669
19579,102.958174
19580,103.284266
19581,101.208067
19582,102.552056
19583,101.516724
19584,104.828313
19585,102.233877
19586,101.460443
19587,104.004469
19588,99.764101
19589,99.975231
19590,103.375617
19591,102.876909
19592,102.096296
19593,103.644816
19594,104.334363
19595,106.230196
19596,101.787409
19597,103.845615
19598,102.730662
19599,102.273697
19600,102.434310
19601,101.410555
19602,100.300822
19603,106.149187
19604,102.119093
19605,100.831243
19606,101.082568
19607,103.308621
19608,105.593416
19609,99.771546
19610,99.180960
19611,103.313785
19612,102.093220
19613,100.175961
19614,102.084336
19615,105.174086
19616,102.075517
19617,101.027174
19618,98.962174
19619,101.513866
19620,99.409317
19621,106.272246
19622,104.717338
19623,102.719315
19624,103.633489
19625,100.488148
19626,101.405157
19627,103.796478
19628,102.392769
19629,102.013687
19630,103.625750
19631,101.709856
19632,102.496827
19633,100.830368
19634,101.400857
19635,101.418892
19636,102.956348
19637,103.211341
19638,103.656076
19639,100.490967
19640,100.077382
19641,100.751554
19642,100.292603
19643,100.731985
19644,101.435877
19645,104.556425
19646,97.974039
19647,104.245318
19648,104.843988
19649,102.952809
19650,102.273879
19651,102.360659
19652,102.264622
19653,104.994484
19654,104.818833
19655,102.126462
19656,98.441108
19657,101.040587
19658,104.513341
19659,102.867896
19660,102.717267
19661,101.713333
19662,105.741739
19663,106.501448
19664,102.430536
19665,103.190562
19666,102.826335
19667,102.398622
19668,104.490613
19669,102.642478
19670,105.190221
19671,106.438461
19672,103.934609
19673,106.449014
19674,103.288141
19675,102.290944
19676,100.322312
19677,101.052012
19678,103.456160
19679,101.829220
19680,102.205990
19681,101.089788
19682,101.643457
19683,99.850848
19684,98.489107
19685,102.630242
19686,103.430285
19687,107.195740
19688,107.344553
19689,105.398736
19690,101.370394
19691,100.585446
19692,103.264028
19693,100.067309
19694,101.053571
19695,103.400863
19696,103.720407
19697,104.541492
19698,101.389884
19699,102.612664
19700,99.754536
19701,102.350632
19702,102.455161
19703,23.628125
19704,7.049376
19705,0.798171
19706,0.380119
19707,-0.310322
19708,-2.649029
19709,-0.667258
19710,-2.986245
19711,-0.390689
19712,-1.624757
19713,-0.681406
19714,-2.223460
19715,-0.579101
19716,0.820277
19717,-0.790170
19718,-1.144139
19719,-0.859358
19720,0.204205
19721,-1.284453
19722,0.242133
19723,-0.171131
19724,1.254837
19725,-0.443852
19726,-1.408939
19727,0.424358
19728,0.389922
19729,1.381876
19730,-1.548763
19731,-3.224846
19732,-1.890436
19733,-1.970156
19734,-0.947849
19735,-1.293800
19736,-1.043797
19737,-1.439029
19738,-1.003027
19739,0.791672
19740,-0.243440
19741,-0.237601
19742,1.262380
19743,0.756049
19744,-0.264770
19745,-1.709380
19746,-0.933428
19747,1.209642
19748,-0.139283
19749,-2.335938
19750,-1.330216
19751,-2.371331
19752,0.546811
19753,-2.066604
19754,0.429745
19755,1.509052
19756,1.198247
19757,1.935922
19758,-1.422903
19759,-1.227798
19760,-1.842367
19761,-1.164123
19762,-1.375578
19763,-1.943472
19764,-2.129545
19765,-1.304291
19766,0.776445
19767,0.665441
19768,0.007968
19769,1.118190
19770,1.814776
19771,-0.164979
19772,0.183661
19773,0.852958
19774,0.481985
19775,0.794526
19776,0.006352
19777,0.103754
19778,1.344014
19779,0.355308
19780,-1.936611
19781,0.148089
19782,1.826365
19783,-0.194292
19784,-0.069333
19785,0.378503
19786,0.089474
19787,1.268410
19788,-0.228047
19789,0.107971
19790,0.741648
19791,0.512782
19792,-0.698454
19793,-1.868415
19794,-1.145213
19795,-1.112366
19796,0.548666
19797,-0.954202
19798,0.359453
19799,-2.090189
19800,-1.205502
19801,-2.322510
19802,-0.358563
19803,0.733374
19804,-0.448479
19805,-0.736993
19806,-1.082480
19807,-0.452270
19808,-1.014573
19809,-0.070740
19810,-0.814468
19811,-0.283964
19812,1.341850
19813,1.017245
19814,0.342320
19815,-0.416737
19816,-0.630787
19817,0.970943
19818,1.024575
19819,0.397830
19820,-0.332226
19821,0.414282
19822,-0.326880
19823,1.274981
19824,0.033486
19825,1.754225
19826,1.121574
19827,0.934479
19828,0.326143
19829,-0.045213
19830,0.885114
19831,0.096331
19832,0.517363
19833,-0.060960
19834,-0.762288
19835,0.447823
19836,-0.253236
19837,-1.461631
19838,-0.925931
19839,-0.205795
19840,-0.691062
19841,0.348627
19842,0.163633
19843,0.763945
19844,1.173943
19845,-0.033148
19846,0.516166
19847,-1.071338
19848,-1.081525
19849,-1.649652
19850,-1.798791
19851,0.830005
19852,0.104663
19853,0.847210
19854,-0.267574
19855,1.187800
19856,-0.568745
19857,-0.200225
19858,0.421692
19859,0.326580
19860,-0.659008
19861,1.037718
19862,-0.166930
19863,0.192524
19864,-0.214268
19865,1.158025
19866,-0.902749
19867,-0.720383
19868,-1.095074
19869,-1.751757
19870,-1.069072
19871,0.459623
19872,0.127087
19873,-0.399411
19874,0.668701
19875,2.179879
19876,1.971763
19877,-2.035188
19878,-0.384279
19879,1.017257
19880,0.107867
19881,-0.100467
19882,-0.616714
19883,0.041597
19884,0.298368
19885,0.067668
19886,-0.316941
19887,0.216692
19888,0.728690
19889,1.682720
19890,-0.784966
19891,1.196582
19892,1.108442
19893,-0.791625
19894,-0.709276
19895,-1.439562
19896,-0.066351
19897,-0.610568
19898,-0.782733
19899,0.674632
19900,0.126306
19901,0.660356
19902,0.396878
19903,-1.908068
19904,-0.336197
19905,0.216289
19906,-0.231117
19907,0.129482
19908,-0.724012
19909,-0.986140
19910,-0.045209
19911,1.593875
19912,-0.563068
19913,-1.726029
19914,-0.993142
19915,0.428187
19916,-0.588003
19917,0.889726
19918,-1.375058
19919,-1.195963
19920,-0.091768
19921,1.419011
19922,-1.078446
19923,1.113434
19924,0.626411
19925,1.525994
19926,0.225887
19927,0.718845
19928,-2.179355
19929,0.176156
19930,0.737755
19931,1.683360
19932,-0.966704
19933,-0.075407
19934,1.739662
19935,0.953423
19936,1.056376
19937,-0.586163
19938,-1.850417
19939,-1.092413
19940,0.215409
19941,1.936261
19942,-0.766132
19943,-0.460567
19944,0.145282
19945,-0.008794
19946,0.885913
19947,0.487098
19948,-0.660329
19949,0.967554
19950,0.286047
19951,1.077902
19952,1.876462
19953,-1.245927
19954,-2.530542
19955,-0.539256
19956,0.923348
19957,-1.331662
19958,-3.450167
19959,0.214418
19960,0.919188
19961,0.643170
19962,0.872163
19963,0.469713
19964,0.260504
19965,-0.348646
19966,-0.866600
19967,-1.401690
19968,0.992160
19969,0.768158
19970,0.307474
19971,-1.280967
19972,0.165062
19973,-0.119173
19974,0.829947
19975,-0.156686
19976,1.548007
19977,1.428251
19978,1.118252
19979,1.510528
19980,1.031067
19981,1.174633
19982,0.224748
19983,0.138708
19984,0.053888
19985,0.486212
19986,0.578882
19987,1.949861
19988,1.628551
19989,-0.647988
19990,0.808198
19991,0.675000
19992,-1.159639
19993,1.061461
19994,0.255649
19995,-0.268653
19996,-0.672455
19997,-0.117521
19998,0.052740
19999,1.755979
20000,1.001290
20001,-0.262697
20002,0.686154
20003,-0.495479
20004,-0.726933
20005,-0.577923
20006,0.173412
20007,-0.310340
20008,0.816591
20009,0.391513
20010,0.545905
20011,0.589499
20012,1.241312
20013,0.450653
20014,-0.729663
20015,0.179900
20016,-0.024260
20017,-1.287725
20018,0.836103
20019,0.090054
20020,0.472114
20021,0.200287
20022,-0.649964
20023,-0.177292
20024,-1.157534
20025,2.138827
20026,0.570123
20027,-1.149200
20028,-1.603480
20029,-0.922120
20030,-0.882397
20031,-1.699508
20032,-0.687374
20033,1.967370
20034,0.040514
20035,0.392019
20036,-0.388956
20037,-0.032162
20038,-2.620586
20039,-1.812595
20040,-1.337870
20041,-1.530094
20042,0.525588
20043,0.403878
20044,-0.987782
20045,-0.974019
20046,-0.963942
20047,-0.112942
20048,-1.539685
20049,0.114039
20050,-0.693441
20051,-1.777877
20052,1.614014
20053,-0.049860
20054,-0.316959
20055,1.245764
20056,-0.997293
20057,-0.974433
20058,-0.975870
20059,-1.443022
20060,1.579862
20061,1.577229
20062,-0.247225
20063,2.287441
20064,1.393267
20065,0.494549
20066,0.243819
20067,1.396152
20068,0.568081
20069,0.965435
20070,2.454827
20071,-1.012139
20072,0.196255
20073,0.523787
20074,1.102912
20075,0.487166
20076,-0.041588
20077,2.739352
20078,0.830746
20079,0.015046
20080,-0.358390
20081,-0.954176
20082,-0.374603
20083,0.574591
20084,0.178375
20085,-0.533643
20086,-0.719605
20087,0.647495
20088,-0.138644
20089,0.167878
20090,1.247921
20091,-0.001971
20092,-0.898552
20093,-1.322020
20094,-0.889230
20095,-1.066872
20096,0.975210
20097,-0.866862
20098,-1.589521
20099,-0.165822
20100,-1.207131
20101,-1.032070
20102,0.197099
20103,0.624507
20104,0.770108
20105,1.470006
20106,1.001204
20107,0.561076
20108,1.533235
20109,1.396289
20110,0.603250
20111,2.100985
20112,-0.926984
20113,0.293640
20114,2.196197
20115,1.512570
20116,-0.344234
20117,0.145565
20118,0.729996
20119,-0.237034
20120,0.700608
20121,1.297036
20122,-0.830893
20123,-0.226864
20124,-0.943477
20125,-0.417621
20126,-0.896522
20127,-0.686873
20128,-1.125665
20129,2.771466
20130,-0.070757
20131,0.472409
20132,-1.491491
20133,-0.836929
20134,1.343017
20135,0.913292
20136,1.625952
20137,-0.742150
20138,-0.381573
20139,-1.086359
20140,0.734579
20141,0.856271
20142,1.658416
20143,0.923725
20144,0.504049
20145,-0.819249
20146,-0.070083
20147,-0.742062
20148,-0.177478
20149,-0.573636
20150,-1.631377
20151,-1.252703
20152,-0.563524
20153,0.591814
20154,-1.116690
20155,-0.400628
20156,-0.261329
20157,0.572489
20158,-0.352745
20159,0.048746
20160,-0.828059
20161,0.258468
20162,0.151375
20163,-0.387951
20164,-0.097520
20165,-1.039553
20166,-0.116116
20167,0.321727
20168,1.581477
20169,-0.503317
20170,1.353834
20171,-0.678536
20172,-1.474012
20173,-0.604103
20174,-0.414921
20175,0.134677
20176,-0.921161
20177,1.301095
20178,-1.213875
20179,-1.324123
20180,-0.633398
20181,-0.824438
20182,1.273170
20183,0.934107
20184,1.115140
20185,0.851816
20186,0.269994
20187,-0.761061
20188,0.371028
20189,0.446113
20190,0.383366
20191,-0.261185
20192,0.758166
20193,-0.420644
20194,-0.155894
20195,0.154200
20196,0.636071
20197,0.239536
20198,-1.391923
20199,0.717269
20200,0.139296
20201,-0.522620
20202,1.166487
20203,1.080788
20204,-0.734401
20205,0.308980
20206,0.178444
20207,0.279477
20208,0.426321
20209,1.337633
20210,1.648971
20211,1.009166
20212,-0.870086
20213,0.181773
20214,-1.822763
20215,-0.785163
20216,-1.145576
20217,1.258799
20218,-0.669020
20219,-0.051788
20220,-2.031607
20221,-1.534249
20222,-0.423960
20223,0.013811
20224,-0.502074
20225,-0.305396
20226,-0.261873
20227,-1.843500
20228,-0.132698
20229,1.201195
20230,-0.060848
20231,-0.500833
20232,0.070299
20233,-2.093902
20234,-1.341358
20235,-0.382976
20236,-0.526936
20237,-0.938174
20238,-0.053155
20239,-0.687072
20240,-1.223052
20241,-0.441091
20242,-0.186350
20243,-0.515709
20244,0.837291
20245,-0.543747
20246,-1.572931
20247,0.808430
20248,0.445994
20249,0.820743
20250,0.406093
20251,0.336186
20252,1.419253
20253,0.879573
20254,-0.932940
20255,-0.788826
20256,0.449157
20257,1.219053
20258,2.891243
20259,-0.982662
20260,-0.089257
20261,0.603520
20262,0.404645
20263,0.847489
20264,1.386123
20265,0.742732
20266,-1.127757
20267,0.326704
20268,1.442963
20269,0.900750
20270,-0.684326
20271,-0.795957
20272,-0.334340
20273,0.096546
20274,-1.148238
20275,0.290711
20276,1.440507
20277,-0.275337
20278,-0.891315
20279,0.403420
20280,-0.996170
20281,0.560499
20282,0.939395
20283,0.845987
20284,-1.207354
20285,0.122303
20286,0.623211
20287,-0.210100
20288,-0.439612
20289,-1.368159
20290,0.632618
20291,1.382449
20292,79.513497
20293,97.904187
20294,103.728343
20295,102.394646
20296,104.398956
20297,108.093188
20298,108.144295
20299,109.176300
20300,108.351427
20301,108.483172
20302,107.219958
20303,108.754684
20304,107.148724
20305,105.965601
20306,105.822212
20307,105.380658
20308,108.564723
20309,109.603310
20310,110.397700
20311,106.054200
20312,106.094278
20313,106.127991
20314,106.943007
20315,108.889115
20316,108.045780
20317,107.815797
20318,107.804454
20319,107.894572
20320,104.226189
20321,106.748306
20322,105.346582
20323,106.840880
20324,105.340279
20325,106.293151
20326,107.879626
20327,103.247624
20328,103.907108
20329,108.593221
20330,107.804660
20331,104.563703
20332,104.890329
20333,108.659092
20334,106.369202
20335,107.767265
20336,102.548433
20337,106.472632
20338,105.611179
20339,104.198075
20340,107.435647
20341,106.706023
20342,107.269862
20343,107.391711
20344,106.360974
20345,105.899329
20346,107.811903
20347,107.322968
20348,104.146092
20349,108.295750
20350,108.003033
20351,107.284269
20352,107.127963
20353,107.758184
20354,109.107665
20355,107.305065
20356,108.369039
20357,106.875238
20358,106.578406
20359,108.718076
20360,105.109904
20361,107.503334
20362,104.106947
20363,101.214719
20364,105.038765
20365,106.380249
20366,107.028749
20367,105.575185
20368,106.131636
20369,103.876225
20370,102.270889
20371,104.877973
20372,104.973559
20373,109.915458
20374,108.254567
20375,105.814503
20376,105.869829
20377,103.308714
20378,102.829958
20379,105.504570
20380,107.626801
20381,106.113111
20382,107.149098
20383,107.073992
20384,105.839940
20385,107.318853
20386,107.088233
20387,105.894162
20388,107.707144
20389,107.568181
20390,106.217693
20391,105.510128
20392,104.609087
20393,105.789575
20394,110.352123
20395,104.299203
20396,105.893861
20397,107.531024
20398,109.199482
20399,102.919263
20400,105.744593
20401,106.080822
20402,108.608974
20403,103.152220
20404,104.695824
20405,105.951301
20406,107.707036
20407,109.078717
20408,107.562300
20409,108.014020
20410,105.099461
20411,106.685679
20412,104.418609
20413,104.806786
20414,105.328757
20415,106.171169
20416,110.525807
20417,106.993820
20418,104.157012
20419,110.339775
20420,103.640299
20421,106.797501
20422,106.530605
20423,105.366800
20424,109.303982
20425,106.354282
20426,107.162098
20427,106.267147
20428,108.115047
20429,104.930313
20430,104.055312
20431,110.120186
20432,107.020944
20433,107.895197
20434,110.058360
20435,107.554744
20436,105.671174
20437,106.591541
20438,105.471654
20439,105.813619
20440,103.839388
20441,104.427257
20442,109.351997
20443,108.837290
20444,105.309921
20445,106.216974
20446,108.121959
20447,106.754247
20448,106.763200
20449,106.148479
20450,103.629257
20451,108.218797
20452,108.585694
20453,106.655746
20454,111.669092
20455,108.759002
20456,105.031628
20457,105.151168
20458,105.453210
20459,107.072567
20460,108.504625
20461,106.411233
20462,102.051463
20463,103.248420
20464,107.821940
20465,108.942954
20466,108.256824
20467,107.673471
20468,106.822954
20469,107.037219
20470,107.632067
20471,108.252045
20472,105.630057
20473,106.262114
20474,108.510738
20475,106.322550
20476,103.722976
20477,104.801697
20478,107.095664
20479,106.946148
20480,106.957801
20481,107.560606
20482,105.966940
20483,109.563637
20484,107.725033
20485,106.472415
20486,108.659697
20487,108.692614
20488,107.140305
20489,103.867601
20490,107.420412
20491,102.853361
20492,108.245625
20493,104.835351
20494,103.223848
20495,104.736287
20496,104.403918
20497,108.194353
20498,110.529161
20499,106.223697
20500,108.755816
20501,108.678277
20502,101.929790
20503,103.612202
20504,106.749294
20505,104.418664
20506,106.439703
20507,105.583779
20508,106.265125
20509,108.739641
20510,109.619047
20511,107.870928
20512,111.604854
20513,107.430656
20514,107.644407
20515,107.031799
20516,110.664656
20517,109.320695
20518,107.952995
20519,103.687995
20520,103.155267
20521,106.323797
20522,108.111454
20523,110.984367
20524,106.656125
20525,106.277454
20526,109.143931
20527,104.842027
20528,104.462234
20529,105.958948
20530,102.929531
20531,104.398592
20532,107.959123
20533,108.252286
20534,106.056992
20535,103.742824
20536,108.826688
20537,105.878848
20538,103.310598
20539,105.149946
20540,107.884295
20541,106.727334
20542,107.023543
20543,105.449715
20544,108.879252
20545,105.490968
20546,107.728935
20547,106.976210
20548,105.548968
20549,108.756518
20550,101.937573
20551,106.339287
20552,104.138614
20553,103.433330
20554,104.786006
20555,104.655258
20556,102.743944
20557,106.093649
20558,107.216609
20559,106.280092
20560,109.059683
20561,106.273175
20562,105.270518
20563,103.604699
20564,106.643372
20565,105.142371
20566,101.421054
20567,105.330875
20568,106.462017
20569,108.638638
20570,107.641996
20571,110.468899
20572,108.211607
20573,106.896741
20574,107.301692
20575,103.257200
20576,103.507399
20577,105.025058
20578,104.471408
20579,105.847728
20580,109.756031
20581,106.797630
20582,102.631180
20583,104.112073
20584,102.867745
20585,103.898075
20586,105.434479
20587,104.508282
20588,107.493438
20589,108.400299
20590,108.300430
20591,105.641542
20592,102.197133
20593,104.502200
20594,105.504066
20595,106.729716
20596,108.159188
20597,105.409832
20598,107.927968
20599,107.141449
20600,107.606972
20601,105.909214
20602,107.620731
20603,110.135152
20604,108.212736
20605,108.317415
20606,28.235933
20607,6.971692
20608,0.791253
20609,-0.835469
20610,0.157379
20611,0.099516
20612,-0.528409
20613,-0.365307
20614,-0.889891
20615,-0.052597
20616,-0.822585
20617,-0.188106
20618,-1.155532
20619,-0.454638
20620,-1.985376
20621,1.520029
20622,0.486287
20623,0.157135
20624,0.809210
20625,0.483691
20626,2.220344
20627,-0.014552
20628,-0.543234
20629,-1.186553
20630,-1.872891
20631,-0.797829
20632,-0.106986
20633,-0.567852
20634,-1.240465
20635,0.771577
20636,-1.950952
20637,-0.542099
20638,-1.188997
20639,0.812215
20640,-1.122791
20641,-1.177385
20642,-1.277339
20643,1.198778
20644,0.183218
20645,1.160294
20646,0.729027
20647,0.499505
20648,0.052187
20649,-1.672999
20650,0.196189
20651,0.874250
20652,1.433071
20653,0.599980
20654,2.490156
20655,1.022461
20656,-0.292787
20657,-1.734974
20658,-0.908307
20659,-0.989099
20660,-1.706095
20661,-1.462906
20662,-1.624804
20663,-0.976175
20664,-0.314373
20665,-1.284583
20666,0.648699
20667,-1.679660
20668,0.283632
20669,-1.365630
20670,1.444865
20671,-2.065838
20672,0.157780
20673,-0.528080
20674,-0.773964
20675,0.086763
20676,1.199025
20677,1.046684
20678,0.235807
20679,0.486387
20680,1.219352
20681,1.110616
20682,-0.417262
20683,-0.498764
20684,-0.192525
20685,1.569596
20686,1.246173
20687,0.911633
20688,0.150900
20689,1.349237
20690,0.207514
20691,-0.568536
20692,-0.376508
20693,-0.527576
20694,-2.250117
20695,-1.571368
20696,0.073667
20697,0.889973
20698,-0.004367
20699,0.114154
20700,0.952390
20701,-0.686597
20702,-0.069719
20703,0.430065
20704,-0.637086
20705,-0.182029
20706,-0.206293
20707,0.224802
20708,-0.876370
20709,-0.795782
20710,-0.851601
20711,0.416845
20712,0.103497
20713,-1.471726
20714,-1.531682
20715,1.296565
20716,0.623043
20717,2.649716
20718,-0.805094
20719,0.661162
20720,1.622004
20721,-1.193836
20722,-1.289121
20723,0.532628
20724,1.515568
20725,-0.035776
20726,-2.163138
20727,-1.293546
20728,0.086515
20729,-0.399292
20730,-1.035501
20731,-3.844031
20732,-1.882241
20733,-0.400583
20734,-0.800044
20735,-2.699787
20736,-0.269502
20737,-1.237985
20738,-1.356321
20739,0.798013
20740,1.431819
20741,-0.486316
20742,0.890618
20743,-1.281500
20744,0.994875
20745,-0.759298
20746,0.331674
20747,1.359001
20748,-1.429865
20749,-1.026411
20750,-1.623983
20751,-0.849771
20752,1.107621
20753,0.943231
20754,0.069932
20755,-1.000270
20756,0.423361
20757,1.191072
20758,0.878435
20759,1.741546
20760,2.004487
20761,2.025644
20762,1.175461
20763,-0.016877
20764,0.745061
20765,0.105267
20766,-0.773944
20767,0.130514
20768,-0.143004
20769,1.599108
20770,-0.770020
20771,-1.017135
20772,-0.480723
20773,-0.678840
20774,1.187308
20775,-1.524400
20776,0.526325
20777,1.434831
20778,0.250110
20779,-1.068811
20780,0.902649
20781,1.080776
20782,0.803854
20783,0.135189
20784,-0.453357
20785,-1.101652
20786,-0.480662
20787,0.315304
20788,-2.474715
20789,-0.496160
20790,-0.407883
20791,0.613548
20792,0.519853
20793,1.551930
20794,1.370814
20795,1.262895
20796,-1.099884
20797,-1.587728
20798,-1.705161
20799,-0.952873
20800,0.643657
20801,0.423194
20802,-1.441126
20803,-0.668295
20804,-2.077695
20805,-0.191715
20806,-0.952744
20807,0.732116
20808,0.352941
20809,1.145547
20810,2.197049
20811,1.098678
20812,0.360893
20813,0.021308
20814,1.446689
20815,0.604362
20816,-0.536431
20817,2.241096
20818,0.412389
20819,-0.649902
20820,-0.493977
20821,0.016090
20822,1.568929
20823,1.926314
20824,0.585564
20825,-0.465393
20826,-1.543595
20827,1.342390
20828,-1.616751
20829,-1.206969
20830,-1.213856
20831,-2.366301
20832,-1.021262
20833,-0.707849
20834,-0.663577
20835,-0.006682
20836,-2.506885
20837,-1.104345
20838,-1.659010
20839,0.066433
20840,-0.845366
20841,-0.480492
20842,-0.490624
20843,-0.427122
20844,0.051151
20845,-0.691212
20846,0.545305
20847,1.266877
20848,-0.832806
20849,-0.049127
20850,1.167184
20851,-0.645165
20852,-0.557654
20853,-0.307866
20854,0.283417
20855,-0.788614
20856,0.381090
20857,-1.390029
20858,1.238756
20859,0.174007
20860,0.875755
20861,-0.162024
20862,1.537826
20863,-1.028332
20864,0.162695
20865,0.198918
20866,-2.401858
20867,-0.359318
20868,-2.206235
20869,0.185470
20870,-0.791052
20871,-1.629681
20872,-0.365811
20873,-1.956383
20874,-1.429286
20875,0.954708
20876,-0.450696
20877,-1.340840
20878,-1.060442
20879,0.424542
20880,-1.070856
20881,1.474891
20882,-1.195006
20883,-1.246598
20884,-0.324819
20885,-0.054192
20886,-0.359996
20887,1.391268
20888,1.316585
20889,0.363821
20890,1.438711
20891,0.331058
20892,0.989062
20893,-0.878199
20894,-1.328655
20895,-0.284071
20896,1.119352
20897,0.467085
20898,0.264701
20899,-0.560976
20900,0.119846
20901,-0.016895
20902,-0.783494
20903,-0.096524
20904,-0.378085
20905,0.432415
20906,0.367263
20907,-1.061324
20908,-0.391008
20909,-1.224445
20910,-1.576778
20911,-0.211965
20912,0.388542
20913,-0.973519
20914,-0.822137
20915,-0.234494
20916,0.424404
20917,-0.546481
20918,0.824064
20919,0.739092
20920,-0.765318
20921,-0.214417
20922,1.260620
20923,-0.446509
20924,0.545306
20925,-0.679771
20926,0.963094
20927,-0.032931
20928,-0.572198
20929,-1.476193
20930,-1.148332
20931,-2.916446
20932,-1.872847
20933,-0.026725
20934,-0.772263
20935,-1.724076
20936,-0.069306
20937,0.230580
20938,0.819694
20939,0.856267
20940,-1.031138
20941,0.436736
20942,0.225335
20943,-0.639275
20944,1.484663
20945,2.150807
20946,-0.218221
20947,-1.215585
20948,-1.443541
20949,-0.433310
20950,0.329958
20951,0.849581
20952,-0.296080
20953,-0.487685
20954,0.612677
20955,0.828691
20956,0.964702
20957,1.287911
20958,0.997626
20959,-0.343328
20960,-1.325288
20961,-1.481873
20962,1.170693
20963,2.916927
20964,0.975268
20965,0.443867
20966,-0.177348
20967,-0.136502
20968,-1.773870
20969,0.213664
20970,-0.533131
20971,-0.191748
20972,-0.140307
20973,-0.724935
20974,-0.001175
20975,-0.649313
20976,-1.797907
20977,1.820026
20978,1.803605
20979,-0.053282
20980,-0.514752
20981,-0.430219
20982,-0.276440
20983,-2.387699
20984,-0.310310
20985,0.508442
20986,0.580100
20987,0.344347
20988,1.097722
20989,0.778603
20990,-0.053017
20991,0.209214
20992,-2.213931
20993,-0.418817
20994,1.004984
20995,1.510294
20996,0.423614
20997,1.605430
20998,0.084652
20999,-0.702123
21000,-1.580944
21001,-1.111463
21002,-1.965165
21003,-0.816071
21004,1.132795
21005,-0.523119
21006,1.105957
21007,0.848975
21008,0.458154
21009,-1.103215
21010,-2.359858
21011,-1.707891
21012,-0.920447
21013,0.726685
21014,1.384427
21015,-0.720168
21016,-1.806208
21017,-1.570329
21018,1.009312
21019,-0.702210
21020,0.477118
21021,-0.144095
21022,-1.040260
21023,-0.718098
21024,-0.288651
21025,0.203982
21026,-1.285699
21027,-0.210824
21028,0.935443
21029,0.208300
21030,0.191057
21031,-1.651521
21032,-1.892292
21033,-0.452909
21034,0.412236
21035,1.183338
21036,-0.787170
21037,0.140685
21038,-1.446024
21039,-1.328671
21040,-0.588720
21041,0.166315
21042,0.254231
21043,-0.038581
21044,0.120762
21045,-1.219138
21046,-0.793592
21047,-1.239327
21048,-2.574702
21049,-2.438180
21050,-0.738815
21051,-0.492735
21052,-0.821007
21053,-0.184816
21054,-1.165113
21055,-1.088865
21056,1.191430
21057,1.006965
21058,0.621705
21059,1.116805
21060,0.313064
21061,-1.372926
21062,-1.537023
21063,-1.776599
21064,-1.301406
21065,-0.879294
21066,-1.273423
21067,-0.738900
21068,-0.424379
21069,-0.456731
21070,1.702217
21071,-0.693654
21072,-1.197988
21073,-1.415664
21074,1.348167
21075,-0.189684
21076,0.656476
21077,1.508845
21078,0.456306
21079,-0.571621
21080,-0.438835
21081,0.158626
21082,0.666721
21083,0.669276
21084,-1.622863
21085,-0.044050
21086,0.505832
21087,-0.912815
21088,1.829648
21089,0.847736
21090,1.292784
21091,0.165516
21092,1.058541
21093,0.991881
21094,0.890123
21095,1.294950
21096,0.744209
21097,-0.881937
21098,-0.593926
21099,0.342463
21100,0.354433
21101,1.363291
21102,0.927332
21103,0.029113
21104,-0.976972
21105,0.925729
21106,-1.015133
21107,0.757761
21108,0.121925
21109,1.556528
21110,0.005658
21111,0.965389
21112,0.227652
21113,0.106661
21114,1.343703
21115,-0.491596
21116,-0.891681
21117,-0.335892
21118,-0.158208
21119,0.546980
21120,0.310693
21121,0.919848
21122,0.170287
21123,0.458823
21124,-0.002626
21125,0.930091
21126,-1.909398
21127,-0.446307
21128,0.112990
21129,0.336818
21130,1.184081
21131,0.192159
21132,2.979323
21133,0.537836
21134,1.559249
21135,-1.341294
21136,-0.112278
21137,-0.338842
21138,-0.199578
21139,1.080021
21140,1.585315
21141,0.925963
21142,-1.646301
21143,1.326730
21144,-1.795120
21145,-0.513777
21146,-0.793783
21147,-0.927185
21148,0.567541
21149,-0.488484
21150,0.866890
21151,1.171822
21152,0.226484
21153,-2.177548
21154,0.250280
21155,2.078567
21156,0.642032
21157,1.029478
21158,1.590815
21159,1.301897
21160,0.181734
21161,-0.215049
21162,-0.377021
21163,-1.991515
21164,-0.419349
21165,0.162083
21166,1.519976
21167,0.013416
21168,-0.310862
21169,1.202549
21170,0.889963
21171,-0.784312
21172,-0.668266
21173,0.823822
21174,1.130267
21175,0.929532
21176,1.195963
21177,0.454097
21178,0.281639
21179,-1.183362
21180,-0.288284
21181,0.393652
21182,-1.796482
21183,-1.088614
21184,0.566125
21185,-0.219366
21186,0.266136
21187,-1.872451
21188,-1.531356
21189,-1.097478
21190,0.113739
21191,1.427435
21192,-0.562263
21193,-0.869263
21194,-0.586098
21195,-0.557583
21196,0.226711
21197,-0.093093
21198,0.264700
21199,0.410789
21200,1.506109
21201,-0.463328
21202,-0.685988
21203,1.571320
21204,0.091884
21205,0.622511
21206,-0.591323
21207,0.143496
21208,1.492716
21209,-0.918542
21210,-2.239426
21211,-1.287950
21212,-0.093551
21213,-0.778827
21214,-1.046131
21215,0.909601
21216,-2.305113
21217,-0.763103
21218,0.062186
21219,0.403356
21220,1.304680
21221,1.207263
21222,-1.894877
21223,-0.233817
21224,0.185936
21225,1.276294
21226,1.947729
21227,0.717999
21228,0.749424
21229,0.399058
21230,0.541065
21231,-0.912876
21232,0.189021
21233,0.885377
21234,-1.107727
21235,-0.166694
21236,-0.797709
21237,-2.906607
21238,-0.703011
21239,-0.664402
21240,1.674104
21241,0.493202
21242,-0.819458
21243,-0.170884
21244,1.253770
21245,-0.669435
21246,0.154434
21247,0.041314
21248,0.550151
21249,0.858340
21250,1.824431
21251,-0.248220
21252,-0.535189
21253,-2.155400
21254,-0.676877
21255,-2.340878
21256,-0.056320
21257,0.598724
21258,-2.056163
21259,-1.018474
21260,-0.187330
21261,2.194338
21262,-0.291136
21263,2.676916
21264,0.436855
21265,0.687638
21266,-0.349269
21267,-0.491351
21268,-0.094537
21269,-0.530684
21270,-1.298210
21271,-0.071145
21272,0.210405
21273,-1.776240
21274,0.407744
21275,-0.072766
21276,1.910763
21277,-0.070187
21278,-4.139618
21279,-0.098811
21280,-0.914704
21281,0.202248
21282,1.441249
21283,0.889125
21284,0.755410
21285,0.977796
21286,1.064994
21287,-0.455663
21288,0.425382
21289,0.499717
21290,0.241788
21291,0.654121
21292,1.244190
21293,-0.239879
21294,-1.438620
21295,-0.105403
21296,1.215128
21297,-0.982551
21298,2.273937
21299,0.348307
21300,0.996387
21301,1.964075
21302,0.534499
21303,1.161037
21304,-0.129803
21305,-0.042695
21306,-0.259561
21307,-0.307298
21308,1.109486
21309,-1.025354
21310,-0.561968
21311,-2.548216
21312,-1.023970
21313,-1.147655
21314,-1.328214
21315,-0.129987
21316,-0.895279
21317,2.417038
21318,0.660424
21319,-1.720305
21320,-0.881810
21321,-1.204375
21322,0.547326
21323,-0.135116
21324,-1.082090
21325,0.019090
21326,-0.156311
21327,1.316555
21328,0.547837
21329,-0.868161
21330,-0.107907
21331,-0.520923
21332,-0.244074
21333,0.587531
21334,0.753842
21335,-0.323283
21336,-1.474363
21337,-1.032049
21338,0.904894
21339,0.680830
21340,-1.490817
21341,1.171672
21342,1.199447
21343,0.610260
21344,-0.860934
21345,-0.404975
21346,-0.423893
21347,-0.509857
21348,0.232405
21349,0.072915
21350,-0.828499
21351,1.987953
21352,-1.217155
21353,-1.409597
21354,-0.446924
21355,-0.215968
21356,1.314723
21357,3.405194
21358,0.916350
21359,1.310335
21360,1.271209
21361,0.151359
21362,0.122210
21363,-0.742807
21364,0.557064
21365,-0.199427
21366,-1.176496
21367,1.641704
21368,-0.258664
21369,-0.787725
21370,-1.452536
21371,-1.306531
21372,0.552876
21373,0.444055
21374,0.738460
21375,-0.193193
21376,1.492348
21377,0.332491
21378,-1.589375
21379,-1.025543
21380,1.689822
21381,0.806272
21382,0.077461
21383,0.738237
21384,-0.137759
21385,1.028636
21386,-0.439044
21387,-1.803347
21388,-0.079446
21389,0.628406
21390,0.624545
21391,1.444804
21392,0.687010
21393,-1.194042
21394,0.511422
21395,0.670846
21396,-0.180389
21397,-0.808722
21398,-0.262576
21399,1.048633
21400,-0.382607
21401,-2.011600
21402,-0.396878
21403,-0.401290
21404,-1.532840
21405,1.323483
21406,0.493421
21407,-0.381821
21408,-0.474422
21409,0.392432
21410,-0.115303
21411,1.041762
21412,-0.236597
21413,0.096117
21414,0.641071
21415,-0.897275
21416,0.040728
21417,-1.293180
21418,-2.344597
21419,1.809950
21420,1.077156
21421,-0.612998
21422,1.187610
21423,-1.111021
21424,-1.935340
21425,0.183118
21426,-1.785734
21427,0.466528
21428,0.202358
21429,0.052249
21430,-0.635116
21431,-0.676833
21432,1.073358
21433,0.228366
21434,0.993971
21435,0.729373
21436,2.089540
21437,1.428127
21438,-0.010150
21439,1.153000
21440,-1.061091
21441,-0.648211
21442,-0.243662
21443,-1.106955
21444,-0.800468
21445,-1.081707
21446,0.676986
21447,-0.952008
21448,-0.274039
21449,0.229429
21450,0.363622
21451,0.966147
21452,0.831374
21453,1.302907
21454,-0.546560
21455,0.436872
21456,0.534791
21457,1.253042
21458,-0.055512
21459,2.717167
21460,1.124142
21461,1.952021
21462,0.718220
21463,-1.086292
21464,-0.771450
21465,-1.787330
21466,0.196757
21467,0.159428
21468,2.332412
21469,1.819172
21470,-0.210102
21471,1.327180
21472,-0.184405
21473,0.353128
21474,-0.279724
21475,0.226653
21476,0.302269
21477,1.048007
21478,1.400708
21479,0.490707
21480,-1.572074
21481,-0.055363
21482,1.698019
21483,0.034618
21484,1.361590
21485,-0.218036
21486,-1.324062
21487,0.601373
21488,0.720663
21489,0.736352
21490,-0.363865
21491,-0.624137
21492,-0.412780
21493,1.918360
21494,1.652736
21495,0.952653
21496,2.564649
21497,2.163186
21498,-0.532837
21499,-0.295677
21500,-0.767333
21501,1.063913
21502,-1.502967
21503,-0.683271
21504,0.167365
21505,-0.220729
21506,2.851637
21507,0.281858
21508,-0.792789
21509,-0.183212
21510,1.587273
21511,-0.499356
21512,-0.892099
21513,-0.114403
21514,-0.700607
21515,-0.433234
21516,-0.236383
21517,-1.250412
21518,-0.167272
21519,0.580208
21520,-1.528333
21521,0.337589
21522,1.049135
21523,-0.364554
21524,0.171717
21525,-0.315640
21526,0.569495
21527,1.521137
21528,-1.941123
21529,-1.415889
21530,0.933339
21531,-0.625406
21532,2.223995
21533,1.059343
21534,1.008086
21535,-1.127405
21536,0.915391
21537,1.148804
21538,-0.609677
21539,0.086967
21540,0.739372
21541,0.167435
21542,-0.157152
21543,-1.630309
21544,-2.440744
21545,-0.616810
21546,-2.230395
21547,-0.534895
21548,0.508785
21549,-0.700603
21550,1.806440
21551,2.437219
21552,0.845672
21553,-0.838890
21554,-0.414663
21555,1.016056
21556,0.193114
21557,-3.029550
21558,-1.527787
21559,0.496626
21560,-0.956451
21561,-1.662404
21562,0.679692
21563,-1.386389
21564,0.696391
21565,0.177032
21566,-0.270526
21567,-0.689791
21568,-0.391551
21569,0.464397
21570,-0.877223
21571,-0.029674
21572,0.542685
21573,0.273280
21574,0.652729
21575,1.345820
21576,0.630293
21577,1.520154
21578,0.147530
21579,-0.323192
21580,0.030165
21581,0.527620
21582,-0.919540
21583,0.134779
21584,-0.381089
21585,-1.012214
21586,-1.693467
21587,-0.225650
21588,0.459006
21589,0.180362
21590,-0.637754
21591,0.244332
21592,-0.128377
21593,0.430018
21594,1.110068
21595,-0.012647
21596,-0.391583
21597,-1.433839
21598,0.398007
21599,1.006723
21600,-0.442103
21601,-1.969254
21602,-1.602072
21603,-0.344538
21604,-0.479381
21605,1.333111
21606,0.789908
21607,1.295416
21608,0.797682
21609,1.307351
21610,-0.064539
21611,0.987193
21612,0.462396
21613,1.727148
21614,0.179825
21615,0.916108
21616,0.833390
21617,-0.942172
21618,-0.455623
21619,2.510413
21620,-0.142331
21621,-0.238538
21622,0.335975
21623,2.602851
21624,0.896864
21625,1.546762
21626,0.196694
21627,0.121659
21628,2.229338
21629,0.616416
21630,-0.127668
21631,-0.709264
21632,0.006024
21633,0.338399
21634,-0.881996
21635,-1.474198
21636,-0.988600
21637,-0.397987
21638,0.092247
21639,-0.009207
21640,-0.796906
21641,0.011610
21642,0.129106
21643,0.115880
21644,0.608966
21645,-0.567133
21646,-1.468254
21647,-1.779617
21648,-1.857037
21649,-0.121171
21650,0.125724
21651,-0.677761
21652,0.222753
21653,-1.187939
21654,0.479808
21655,-0.625962
21656,0.518790
21657,-0.050355
21658,-0.805155
21659,0.324641
21660,0.674412
21661,-0.186982
21662,0.237386
21663,0.161824
21664,0.445749
21665,-1.635032
21666,-0.977212
21667,-0.657135
21668,-1.360515
21669,-0.175143
21670,-0.164856
21671,0.078275
21672,-2.553506
21673,-1.580434
21674,-0.171684
21675,0.011855
21676,-1.304463
21677,0.920825
21678,-0.621441
21679,-0.664952
21680,2.059378
21681,1.615813
21682,1.375377
21683,0.010253
21684,-0.847219
21685,0.009442
21686,-0.001119
21687,0.826283
21688,-0.823355
21689,1.901277
21690,1.445716
21691,0.764873
21692,2.119768
21693,-0.096893
21694,-0.748013
21695,-0.920704
21696,0.583515
21697,0.368034
21698,0.912126
21699,-0.246701
21700,-1.253423
21701,-0.116296
21702,-2.036146
21703,-0.689108
21704,-0.014075
21705,-0.325854
21706,1.246335
21707,1.000455
21708,2.158082
21709,1.070765
21710,-0.258377
21711,-0.262175
21712,0.049329
21713,0.395657
21714,0.307339
21715,-0.147583
21716,-0.819421
21717,-2.094068
21718,0.419298
21719,0.964235
21720,-0.567450
21721,-1.723830
21722,-1.488215
21723,-0.685156
21724,0.042008
21725,-0.683451
21726,-0.885394
21727,0.947068
21728,0.360194
21729,0.068409
21730,-0.693385
21731,0.588344
21732,-0.049701
21733,0.945506
21734,-1.567905
21735,-1.491243
21736,-0.181493
21737,-0.154815
21738,0.162556
21739,-1.193692
21740,-2.066345
21741,-1.325825
21742,-2.003544
21743,-0.954876
21744,-1.922805
21745,-1.263740
21746,-0.040758
21747,0.724862
21748,-0.585157
21749,0.306061
21750,-0.542615
21751,-1.250001
21752,1.081014
21753,-0.596575
21754,0.320963
21755,1.545648
21756,1.561996
21757,-1.345657
21758,-0.073363
21759,0.089699
21760,-0.321570
21761,-0.374308
21762,-0.812672
21763,-1.573178
21764,-0.875346
21765,-0.121018
21766,0.537386
21767,0.643735
21768,-1.802687
21769,1.752068
21770,0.018539
21771,0.248410
21772,0.602857
21773,0.481683
21774,0.073903
21775,0.399994
21776,-1.003819
21777,-0.611002
21778,-1.594629
21779,0.602494
21780,2.737570
21781,-1.034310
21782,-0.735844
21783,-0.118452
21784,-0.907297
21785,0.751175
21786,1.099061
21787,-0.221064
21788,-0.788643
21789,0.331493
21790,-2.308839
21791,-0.009773
21792,-1.142735
21793,-0.056893
21794,-1.356303
21795,-0.130492
21796,0.347218
21797,-0.437920
21798,-0.511084
21799,-0.663080
21800,0.458892
21801,-0.627831
21802,1.505040
21803,1.070478
21804,-0.118873
21805,-0.481462
21806,0.111226
21807,0.810247
21808,0.292234
21809,1.143071
21810,1.319247
21811,-0.117132
21812,1.527489
21813,-0.444403
21814,-0.809674
21815,-0.411784
21816,0.725910
21817,1.245197
21818,0.883869
21819,1.060110
21820,0.312434
21821,-1.107007
21822,0.639828
21823,-0.222322
21824,-0.133559
21825,-0.363000
21826,-0.086091
21827,-0.438848
21828,-0.675382
21829,0.444175
21830,0.572241
21831,-2.101444
21832,-1.492980
21833,0.910158
21834,0.622628
21835,0.809785
21836,0.509473
21837,1.546476
21838,-0.479826
21839,0.693693
21840,-0.228992
21841,-1.110717
21842,-0.420563
21843,-0.052431
21844,-0.139569
21845,-0.123486
21846,-1.264947
21847,-0.625826
21848,0.583831
21849,-1.612988
21850,0.267571
21851,1.355261
21852,-0.928024
21853,0.137625
21854,0.928064
21855,-0.515941
21856,0.701091
21857,0.626356
21858,2.156735
21859,0.841775
21860,0.406290
21861,-0.785041
21862,1.623133
21863,-1.204573
21864,-0.203056
21865,-0.492755
21866,-1.549320
21867,-1.118162
21868,0.697254
21869,0.141772
21870,0.984801
21871,2.472569
21872,1.239644
21873,-0.452054
21874,-1.079049
21875,-0.232337
21876,-1.042057
21877,-1.065782
21878,-0.572579
21879,-0.551849
21880,-0.556728
21881,-0.100501
21882,-1.716745
21883,-0.302542
21884,0.793820
21885,0.534636
21886,1.208125
21887,-0.318039
21888,-0.661010
21889,-1.203326
21890,1.659469
21891,-0.558925
21892,-0.077369
21893,0.798184
21894,-0.009931
21895,-0.084422
21896,0.032560
21897,2.590374
21898,0.172608
21899,-0.092285
21900,-0.064557
21901,-0.721928
21902,-0.209282
21903,1.391712
21904,0.167502
21905,1.141459
21906,2.174663
21907,0.246054
21908,0.372674
21909,0.212393
21910,0.465326
21911,0.469713
21912,-0.266018
21913,0.482744
21914,1.592888
21915,2.369500
21916,2.111835
21917,1.359132
21918,-0.639180
21919,-0.257537
21920,1.990400
21921,-1.028107
21922,0.350900
21923,0.348463
21924,-1.991195
21925,-1.099411
21926,0.377906
21927,1.016269
21928,-2.282467
21929,-0.803003
21930,-0.258663
21931,-1.234322
21932,-0.713240
21933,0.190361
21934,0.974742
21935,-0.317129
21936,1.787131
21937,0.916394
21938,0.428913
21939,-0.864608
21940,-0.508313
21941,-0.281925
21942,0.822934
21943,-1.596687
21944,0.035626
21945,0.394900
21946,-0.592493
21947,1.225554
21948,0.032604
21949,-0.019633
21950,-0.811682
21951,-1.857400
21952,-0.093562
21953,-0.747453
21954,-0.682619
21955,0.328129
21956,-0.245753
21957,0.944087
21958,0.391656
21959,1.498891
21960,0.521068
21961,-0.630023
21962,0.469634
21963,0.663132
21964,0.095813
21965,0.820438
21966,2.014619
21967,0.182109
21968,-0.867378
21969,-0.464693
21970,-1.153539
21971,-0.001139
21972,-0.463186
21973,-0.020960
21974,-0.482760
21975,0.073606
21976,0.132285
21977,0.568730
21978,0.906513
21979,1.061995
21980,0.073405
21981,0.174947
21982,-0.902990
21983,-0.391336
21984,-0.251037
21985,-0.307042
21986,-0.260352
21987,-0.718468
21988,0.441723
21989,0.742742
21990,-1.472371
21991,1.148413
21992,-0.336856
21993,-0.528771
21994,1.388392
21995,0.273943
21996,-0.201204
21997,1.474543
21998,0.723247
21999,1.013339
22000,-1.608051
22001,0.268594
22002,-0.371675
22003,0.891221
22004,-0.015325
22005,-0.479580
22006,0.639102
22007,0.403842
22008,1.436219
22009,1.763224
22010,-0.565929
22011,0.760223
22012,0.910182
22013,-0.209350
22014,-1.762461
22015,0.312870
22016,1.218361
22017,1.045060
22018,2.054197
22019,1.702791
22020,0.490548
22021,1.356022
22022,-0.049841
22023,1.167419
22024,-0.719880
22025,-0.118047
22026,-0.180256
22027,0.431941
22028,1.046572
22029,-0.829084
22030,-1.061830
22031,-1.635890
22032,0.516523
22033,0.215517
22034,0.373978
22035,1.174190
22036,0.162342
22037,-0.118124
22038,-0.472764
22039,0.121423
22040,-1.764989
22041,-1.497716
22042,-1.420280
22043,-0.530744
22044,-0.073473
22045,-1.410194
22046,0.589506
22047,0.232297
22048,-0.648293
22049,1.431235
22050,0.055334
22051,0.265155
22052,1.105935
22053,1.158197
22054,1.217133
22055,1.274294
22056,0.646320
22057,2.209737
22058,1.340487
22059,-0.275850
22060,1.590851
22061,2.696930
22062,1.780563
22063,1.311370
22064,-1.858122
22065,-1.774168
22066,-0.644753
22067,0.810134
22068,-0.337378
22069,1.001860
22070,-0.197968
22071,-1.039656
22072,-1.438936
22073,0.602005
22074,1.220882
22075,0.630211
22076,-1.051951
22077,-0.707725
22078,0.438613
22079,1.741006
22080,-0.319547
22081,0.219181
22082,-0.504595
22083,0.731783
22084,0.516399
22085,-0.150059
22086,-1.479910
22087,0.225384
22088,0.378753
22089,0.249141
22090,1.026738
22091,-0.417959
22092,-1.513751
22093,-0.229351
22094,-1.626006
22095,0.726084
22096,1.503494
22097,2.819477
22098,1.015937
22099,0.830526
22100,1.464705
22101,0.556142
22102,-0.121932
22103,0.283515
22104,1.530807
22105,1.297795
22106,0.267649
22107,0.105522
22108,-0.545916
22109,0.247639
22110,-0.692744
22111,-1.974821
22112,-0.386041
22113,0.391203
22114,-0.156671
22115,0.221127
22116,-1.241183
22117,-1.074035
22118,-0.789240
22119,1.501533
22120,1.623847
22121,1.491269
22122,2.599875
22123,1.445983
22124,0.770440
22125,0.182278
22126,-0.975341
22127,-1.624591
22128,-1.202297
22129,0.099857
22130,1.503256
22131,0.423443
22132,1.716236
22133,1.360876
22134,0.672240
22135,-0.014662
22136,0.793641
22137,0.724479
22138,0.363245
22139,-1.190397
22140,1.050463
22141,0.395766
22142,-0.354156
22143,1.139508
22144,-0.064551
22145,-0.315401
22146,-0.599976
22147,0.214497
22148,-1.558940
22149,-0.130391
22150,1.045873
22151,-1.344515
22152,0.820756
22153,0.263468
22154,0.680789
22155,-1.293517
22156,0.083329
22157,0.375513
22158,-0.795929
22159,0.699588
22160,-0.467652
22161,0.106864
22162,0.908199
22163,1.256186
22164,1.192249
22165,-0.721504
22166,-2.647976
22167,0.159432
22168,-0.572139
22169,0.175160
22170,0.275313
22171,-0.696342
22172,-0.598935
22173,-1.222074
22174,0.574942
22175,1.671799
22176,2.430561
22177,0.929808
22178,1.344128
22179,-1.417843
22180,0.071250
22181,1.370213
22182,0.220534
22183,-0.447300
22184,0.781400
22185,1.546029
22186,2.555182
22187,1.944441
22188,0.213516
22189,0.208863
22190,1.092461
22191,-0.313931
22192,-0.328759
22193,-0.923152
22194,1.611585
22195,0.433911
22196,0.034553
22197,-1.105264
22198,1.447826
22199,-2.340861
22200,1.261058
22201,0.071150
22202,-1.181812
22203,-0.850335
22204,-0.020783
22205,1.080950
22206,-0.684124
22207,0.953139
22208,0.483217
22209,1.081393
22210,-0.410444
22211,1.326978
22212,-0.466122
22213,0.575079
22214,0.911878
22215,0.631587
22216,-0.875200
22217,-0.290161
22218,-0.047210
22219,-0.418641
22220,0.774445
22221,-0.497478
22222,-1.263699
22223,0.192062
22224,1.379888
22225,-0.560555
22226,0.045850
22227,0.053326
22228,0.544226
22229,1.126917
22230,-0.812098
22231,1.853921
22232,0.463872
22233,-2.183681
22234,0.853207
22235,0.106291
22236,-1.419463
22237,-1.701382
22238,0.071415
22239,0.926973
22240,0.225831
22241,0.098240
22242,-0.672309
22243,-0.949361
22244,0.368090
22245,-0.726784
22246,0.482032
22247,-0.036217
22248,1.662471
22249,0.966871
22250,1.595919
22251,-0.140946
22252,0.621887
22253,0.922021
22254,-1.507197
22255,-0.977599
22256,-1.109113
22257,0.587154
22258,-0.544161
22259,-1.261182
22260,0.959464
22261,1.936954
22262,2.107916
22263,0.689357
22264,-1.351718
22265,-0.976328
22266,0.252169
22267,0.777882
22268,-0.655290
22269,0.143190
22270,-0.776293
22271,-1.108913
22272,-0.370290
22273,0.821440
22274,1.087254
22275,1.950254
22276,1.812482
22277,-0.670937
22278,0.106603
22279,0.611833
22280,-0.327532
22281,-0.644369
22282,1.962795
22283,0.893085
22284,-0.627254
22285,-0.037728
22286,-0.601278
22287,-0.344348
22288,-0.704107
22289,-0.649198
22290,-0.966012
22291,0.244738
22292,-1.076097
22293,1.548021
22294,-0.181542
22295,0.790531
22296,-0.865029
22297,-2.582525
22298,1.155640
22299,1.490462
22300,1.618669
22301,-0.389519
22302,-0.116264
22303,-2.522130
22304,-0.725347
22305,0.792307
22306,1.435175
22307,0.584484
22308,-0.661327
22309,0.030156
22310,1.744497
22311,-1.559669
22312,-1.277098
22313,2.545335
22314,-0.911814
22315,0.433210
22316,-1.248728
22317,0.039619
22318,-0.794540
22319,-2.167085
22320,-0.231211
22321,1.166198
22322,-0.548786
22323,0.520743
22324,-1.217396
22325,-1.153367
22326,1.583780
22327,1.371304
22328,0.150213
22329,-1.851549
22330,-0.609819
22331,-0.232562
22332,-1.340356
22333,1.383668
22334,-0.165394
22335,0.991110
22336,0.778479
22337,0.440528
22338,-0.202290
22339,2.269560
22340,0.059179
22341,1.859118
22342,0.940207
22343,-1.182472
22344,-0.973192
22345,0.065596
22346,-1.411713
22347,0.127485
22348,0.096279
22349,-1.112628
22350,0.818782
22351,0.032875
22352,-1.079264
22353,0.368000
22354,-0.340079
22355,-0.224509
22356,-1.201349
22357,1.408352
22358,-0.549224
22359,0.149363
22360,-0.916509
22361,-1.270474
22362,-0.555848
22363,-1.306694
22364,0.154626
22365,-0.383505
22366,0.553769
22367,0.362346
22368,-1.393654
22369,-1.383307
22370,-0.751944
22371,0.159486
22372,-0.106095
22373,-1.871768
22374,0.059870
22375,-0.860621
22376,0.684573
22377,0.193389
22378,-1.315036
22379,0.072121
22380,0.064947
22381,-0.025606
22382,-0.388310
22383,0.551194
22384,0.868938
22385,-0.043648
22386,0.246861
22387,0.140096
22388,-0.291815
22389,0.253436
22390,-1.686728
22391,-1.091056
22392,-0.870282
22393,1.059140
22394,1.838182
22395,-1.170138
22396,0.690105
22397,0.040809
22398,-1.171749
22399,-0.003342
22400,-0.859336
22401,-1.713631
22402,1.084523
22403,0.359317
22404,1.591160
22405,0.215586
22406,1.528379
22407,0.211382
22408,1.266268
22409,-2.160497
22410,0.107721
22411,1.416348
22412,0.094930
22413,-0.891799
22414,0.386416
22415,-1.313199
22416,-1.038647
22417,-1.081471
22418,1.222160
22419,1.424461
22420,-2.568430
22421,-1.152009
22422,-0.772606
22423,-0.005604
22424,-0.054354
22425,0.568323
22426,0.455296
22427,0.930135
22428,0.601446
22429,-0.741506
22430,-0.286658
22431,-1.064856
22432,-0.738310
22433,-0.158218
22434,0.835579
22435,-1.624466
22436,0.116795
22437,0.133969
22438,-0.660641
22439,-1.990743
22440,2.481189
22441,-0.406597
22442,0.740514
22443,0.013121
22444,-2.138558
22445,-0.387686
22446,1.969966
22447,1.044684
22448,-0.146585
22449,1.160035
22450,-1.558655
22451,0.384697
22452,0.551622
22453,-1.306103
22454,-1.196666
22455,-0.537221
22456,-0.286637
22457,0.507061
22458,1.032053
22459,0.124254
22460,-0.013501
22461,0.321855
22462,0.402510
22463,-0.583988
22464,-1.929053
22465,-0.837364
22466,-0.258255
22467,1.111828
22468,0.994250
22469,-0.028910
22470,-1.566931
22471,-0.415134
22472,-2.023871
22473,0.656707
22474,1.262445
22475,-0.867916
22476,0.077732
22477,-0.544633
22478,-0.247034
22479,1.325493
22480,0.235689
22481,0.044944
22482,-0.463037
22483,-0.899898
22484,-1.111663
22485,-2.098970
22486,0.098421
22487,1.076958
22488,-0.696445
22489,0.718714
22490,0.086182
22491,0.581970
22492,2.014133
22493,1.613226
22494,0.020175
22495,0.518707
22496,0.870665
22497,-0.491032
22498,0.153622
22499,-0.033532
22500,1.402388
22501,0.082351
22502,-0.642190
22503,0.045672
22504,-1.104401
22505,-1.661797
22506,-0.558105
22507,-0.399901
22508,-0.001947
22509,0.253350
22510,1.007825
22511,-1.737247
22512,1.541600
22513,0.029997
22514,-1.179987
22515,-1.230666
22516,0.373933
22517,1.395705
22518,1.570581
22519,1.274479
22520,-0.669136
22521,-1.176080
22522,1.211504
22523,1.152219
22524,1.461050
22525,0.698253
22526,0.850666
22527,-0.207567
22528,-0.130244
22529,-0.347164
22530,-1.811215
22531,-0.071888
22532,0.653357
22533,-1.484225
22534,-0.593109
22535,-1.890872
22536,-0.629993
22537,-0.791119
22538,-0.857379
22539,-0.727155
22540,0.117709
22541,-1.140262
22542,-0.521763
22543,-1.429598
22544,0.607665
22545,-0.066536
22546,-0.948773
22547,0.373402
22548,1.657004
22549,1.233094
22550,-0.939398
22551,-0.330546
22552,-0.746407
22553,-0.560907
22554,-0.662229
22555,0.086758
22556,1.797364
22557,1.557704
22558,0.808505
22559,0.380069
22560,-0.557681
22561,-0.162568
22562,1.198693
22563,1.680201
22564,1.601732
22565,-0.391798
22566,1.197671
22567,0.532771
22568,0.151262
22569,0.055602
22570,-0.075787
22571,-0.524651
22572,0.980786
22573,0.779904
22574,-0.738596
22575,0.252994
22576,0.120006
22577,0.590285
22578,-0.777603
22579,0.607256
22580,1.465234
22581,1.260760
22582,1.829643
22583,-0.179774
22584,-0.478709
22585,0.324663
22586,-1.030409
22587,-0.676335
22588,1.481802
22589,-0.371227
22590,-0.679118
22591,0.084577
22592,1.006478
22593,-0.469758
22594,0.050229
22595,-0.003685
22596,-0.118846
22597,0.523516
22598,-0.021935
22599,0.375790
22600,0.052479
22601,0.211582
22602,-0.895984
22603,-0.524553
22604,0.203552
22605,-1.203201
22606,0.927913
22607,-0.314609
22608,-1.536047
22609,0.162606
22610,-0.514688
22611,-0.881139
22612,-0.591710
22613,-1.751651
22614,-0.522125
22615,-2.471573
22616,-1.650512
22617,-0.058049
22618,-0.957027
22619,-0.395620
22620,-1.876119
22621,0.950199
22622,0.400899
22623,1.539382
22624,0.914840
22625,-0.949911
22626,-1.032999
22627,-1.326834
22628,-0.985876
22629,0.077389
22630,-0.239274
22631,-2.273950
22632,0.771659
22633,2.029036
22634,-0.625631
22635,0.299646
22636,-0.995817
22637,1.224647
22638,0.503106
22639,1.405799
22640,0.951712
22641,-0.771658
22642,-0.682325
22643,-0.145410
22644,-0.396324
22645,0.618033
22646,0.681547
22647,2.292864
22648,0.316321
22649,-0.707450
22650,1.818987
22651,-1.473193
22652,-1.970740
22653,0.087687
22654,0.586622
22655,0.008677
22656,0.148555
22657,-1.335846
22658,0.805043
22659,-1.357138
22660,0.044812
22661,-0.670659
22662,-0.128496
22663,0.298055
22664,0.464319
22665,0.211270
22666,-1.653846
22667,1.458080
22668,0.472841
22669,-0.920587
22670,-0.931506
22671,1.084786
22672,-0.486434
22673,-0.460127
22674,0.239623
22675,3.302002
22676,1.302183
22677,0.636562
22678,1.950174
22679,-0.025678
22680,-0.584721
22681,-0.224062
22682,0.162133
22683,0.243374
22684,-0.050540
22685,-1.567894
22686,-0.458673
22687,0.172402
22688,2.460547
22689,-0.764345
22690,0.739622
22691,-1.637789
22692,-2.267561
22693,-0.103221
22694,0.534819
22695,0.144757
22696,-0.369536
22697,-1.449128
22698,-0.737380
22699,-2.122552
22700,0.615990
22701,-1.411676
22702,-0.681925
22703,-0.268080
22704,-0.844691
22705,0.408392
22706,-0.291295
22707,-0.453356
22708,-0.475062
22709,1.414622
22710,1.088426
22711,0.494422
22712,-0.462340
22713,-0.399874
22714,-0.328374
22715,0.507794
22716,-0.727329
22717,-1.329961
22718,-0.387375
22719,-1.055374
22720,2.062323
22721,0.667330
22722,0.368316
22723,-0.735548
22724,-0.342062
22725,-0.479921
22726,-0.390302
22727,2.830953
22728,-0.064472
22729,-0.977918
22730,0.164625
22731,-0.164361
22732,0.363953
22733,-0.367860
22734,0.609700
22735,-0.128417
22736,-0.414074
22737,0.493247
22738,-0.892206
22739,-1.308212
22740,-1.497307
22741,-1.219125
22742,-0.861401
22743,-1.280832
22744,-0.749926
22745,0.537175
22746,0.191328
22747,-1.013749
22748,-1.035926
22749,0.243683
22750,-1.035657
22751,0.784166
22752,-0.186832
22753,-0.804244
22754,0.514880
22755,-0.255449
22756,-0.729610
22757,-1.358360
22758,-1.035195
22759,-0.393370
22760,-0.251115
22761,-0.428423
22762,-0.488067
22763,-1.442608
22764,-0.106188
22765,0.362664
22766,0.948203
22767,0.866964
22768,0.165273
22769,-0.372433
22770,-1.580517
22771,-0.257877
22772,-0.582268
22773,-2.855651
22774,-1.870808
22775,0.156324
22776,0.518786
22777,0.534598
22778,0.484315
22779,-0.948695
22780,-0.011073
22781,-0.665534
22782,0.577623
22783,0.591511
22784,0.603088
22785,-0.390909
22786,0.551905
22787,-1.416331
22788,1.719584
22789,-0.232468
22790,0.458394
22791,-1.725035
22792,0.227661
22793,0.492551
22794,0.289035
22795,-0.343380
22796,0.433533
22797,0.520149
22798,-0.401695
22799,2.468004
22800,1.053187
22801,1.282174
22802,-0.313075
22803,-0.057353
22804,-0.416929
22805,0.564063
22806,-0.747568
22807,0.066056
22808,-0.942943
22809,-0.969111
22810,0.022757
22811,1.881371
22812,0.417594
22813,1.578341
22814,-0.617803
22815,-1.193697
22816,-0.202253
22817,0.441083
22818,-0.537086
22819,1.187869
22820,1.083037
22821,-0.667571
22822,-1.045221
22823,-1.252695
22824,0.324583
22825,-0.288139
22826,-0.897640
22827,-2.491449
22828,-2.421723
22829,0.324557
22830,1.171288
22831,-0.291696
22832,0.094651
22833,1.814058
22834,1.105230
22835,-0.508461
22836,-0.365731
22837,0.555485
22838,-0.239969
22839,-0.777761
22840,0.143278
22841,-1.451726
22842,-1.845057
22843,-0.531440
22844,-0.084990
22845,-1.434683
22846,-0.602895
22847,-0.464960
22848,-1.929060
22849,-0.986777
22850,0.604127
22851,0.864499
22852,0.810582
22853,1.595391
22854,0.786872
22855,-0.675685
22856,0.037378
22857,-2.594781
22858,1.579153
22859,-0.986508
22860,-0.957660
22861,0.423535
22862,0.422415
22863,2.583912
22864,0.151608
22865,1.473532
22866,-0.155870
22867,1.116552
22868,1.172473
22869,1.658988
22870,0.731076
22871,-0.917446
22872,-0.164019
22873,-0.433259
22874,1.014147
22875,0.305601
22876,0.931513
22877,0.425474
22878,1.851142
22879,1.932773
22880,0.915819
22881,1.466550
22882,0.846091
22883,2.082827
22884,0.785657
22885,-0.956032
22886,-0.845379
22887,0.986221
22888,1.209798
22889,1.505937
22890,0.050168
22891,-0.840977
22892,-0.671611
22893,-2.656468
22894,-1.146235
22895,-0.391919
22896,-0.827313
22897,-0.857905
22898,0.408687
22899,0.278891
22900,0.456472
22901,-0.295208
22902,0.321276
22903,1.983938
22904,0.028870
22905,0.616932
22906,-0.746516
22907,-1.135022
22908,-0.181260
22909,-1.102034
22910,-0.419111
22911,0.663996
22912,-0.776416
22913,-1.140826
22914,-1.152073
22915,0.389909
22916,0.359853
22917,0.613986
22918,2.361187
22919,-0.456562
22920,2.848570
22921,1.292991
22922,-0.020485
22923,-0.782321
22924,-2.222152
22925,0.884625
22926,0.247377
22927,-0.753002
22928,-0.938218
22929,0.386473
22930,-0.686717
22931,-0.045720
22932,0.856717
22933,0.143721
22934,-0.531107
22935,-3.009581
22936,-0.239905
22937,-0.479466
22938,0.679858
22939,1.080781
22940,1.022364
22941,1.386330
22942,1.017877
22943,1.868714
22944,1.182829
22945,-0.199462
22946,-0.197177
22947,-0.253877
22948,-0.792896
22949,0.124090
22950,-0.106143
22951,0.554429
22952,-0.384518
22953,1.273731
22954,-1.140738
22955,-0.562308
22956,-1.278476
22957,-0.235331
22958,-0.354311
22959,-0.419574
22960,0.020603
22961,0.102104
22962,0.231923
22963,1.084738
22964,2.760226
22965,0.304784
22966,0.807810
22967,0.045625
22968,2.187442
22969,0.133948
22970,0.919288
22971,-1.487414
22972,-0.063715
22973,1.087431
22974,0.613291
22975,-1.064179
22976,0.935326
22977,1.462178
22978,-1.426587
22979,0.414129
22980,1.585154
22981,1.188428
22982,1.510242
22983,-0.241495
22984,1.400792
22985,-1.002145
22986,0.528475
22987,0.570913
22988,0.729041
22989,0.886144
22990,1.314079
22991,-0.980929
22992,2.676754
22993,2.272766
22994,-1.239334
22995,-0.855696
22996,0.449469
22997,-0.502025
22998,-0.300960
22999,0.312256
23000,0.983167
23001,1.329887
23002,-0.656392
23003,0.847777
23004,0.408222
23005,0.946253
23006,-0.255659
23007,0.277206
23008,-0.094155
23009,0.740275
23010,1.643972
23011,0.662654
23012,-0.492890
23013,-0.662583
23014,0.247801
23015,-0.712888
23016,0.170731
23017,0.636237
23018,-1.409521
23019,-1.022253
23020,-0.043417
23021,-1.343506
23022,-1.329548
23023,0.449045
23024,-1.555929
23025,0.062175
23026,-1.473066
23027,0.507928
23028,1.469772
23029,1.098241
23030,1.908213
23031,-0.115327
23032,0.627889
23033,1.402858
23034,1.877494
23035,1.537610
23036,0.657279
23037,0.729177
23038,-1.291857
23039,-0.746024
23040,-0.425622
23041,-0.399171
23042,-0.526390
23043,0.645007
23044,-1.870598
23045,-0.764291
23046,-0.364114
23047,1.473571
23048,0.107077
23049,-0.465019
23050,-0.496060
23051,-1.003577
23052,1.058616
23053,2.415958
23054,-1.320175
23055,-1.549999
23056,0.529761
23057,1.124136
23058,0.629677
23059,0.761760
23060,1.340732
23061,0.395242
23062,-0.200496
23063,-0.865500
23064,-0.912915
23065,0.327800
23066,0.890100
23067,-0.209697
23068,-1.261045
23069,-1.821158
23070,-1.949572
23071,-0.616685
23072,-1.616321
23073,0.073353
23074,0.994300
23075,0.149907
23076,-0.764505
23077,-1.706254
23078,-0.558998
23079,0.149552
23080,-0.775672
23081,-0.894209
23082,0.038392
23083,1.000042
23084,1.512887
23085,-0.192503
23086,0.909915
23087,-0.366430
23088,-0.173838
23089,0.694190
23090,-1.321267
23091,-2.084303
23092,0.190061
23093,-1.678912
23094,-0.362458
23095,0.237929
23096,1.728589
23097,-0.187641
23098,-0.441713
23099,0.212984
23100,0.730312
23101,-1.766137
23102,0.024522
23103,0.714803
23104,-0.220889
23105,0.537085
23106,0.338600
23107,-0.276000
23108,0.099745
23109,-2.064747
23110,-2.617284
23111,-0.206901
23112,-0.557705
23113,-1.235886
23114,-1.486537
23115,-0.113877
23116,-0.661729
23117,0.026535
23118,-1.469491
23119,-0.788339
23120,-2.851080
23121,0.044577
23122,-0.238120
23123,0.791494
23124,-0.963803
23125,-0.147592
23126,0.311922
23127,-0.119327
23128,0.389352
23129,-0.473994
23130,0.101337
23131,-2.516711
23132,-0.952781
23133,0.213432
23134,-1.241730
23135,-0.152114
23136,-1.157163
23137,-0.279831
23138,0.619681
23139,1.663140
23140,1.402238
23141,-0.497512
23142,-1.326684
23143,0.510766
23144,-0.545257
23145,-0.170380
23146,-0.232805
23147,0.242284
23148,-0.315650
23149,-1.227412
23150,1.328517
23151,1.736360
23152,1.655476
23153,-1.165658
23154,0.140000
23155,0.237271
23156,-0.251397
23157,-2.345305
23158,-1.225995
23159,0.805121
23160,0.019138
23161,0.513196
23162,0.359875
23163,-0.133487
23164,1.617607
23165,0.672080
23166,-1.209239
23167,0.139850
23168,-0.463611
23169,-0.660937
23170,1.801746
23171,-0.144964
23172,-0.956531
23173,1.143795
23174,0.155466
23175,-1.733396
23176,0.545682
23177,0.427382
23178,0.519247
23179,0.432908
23180,-0.704434
23181,0.006120
23182,-1.071177
23183,-1.086010
23184,0.613344
23185,-1.061430
23186,0.462657
23187,-0.314939
23188,-0.977711
23189,-0.412355
23190,1.205409
23191,0.294244
23192,-0.213468
23193,0.030158
23194,0.240289
23195,0.296030
23196,1.027488
23197,1.278816
23198,0.127685
23199,-0.432893
23200,0.328691
23201,0.096519
23202,1.338232
23203,0.596386
23204,0.862105
23205,-2.664680
23206,0.775937
23207,0.663075
23208,-0.160452
23209,0.405421
23210,1.674033
23211,-0.102816
23212,0.733901
23213,-0.406111
23214,0.156289
23215,-0.727048
23216,-1.249193
23217,0.168542
23218,-0.632210
23219,0.207607
23220,1.670133
23221,0.704903
23222,-0.394655
23223,0.281009
23224,0.176837
23225,-0.554175
23226,0.474525
23227,-0.269064
23228,-0.783552
23229,1.984013
23230,0.928767
23231,-0.275926
23232,2.381733
23233,0.866054
23234,-0.724938
23235,0.812302
23236,0.817276
23237,-0.021254
23238,0.549471
23239,-0.552221
23240,-0.080706
23241,0.814120
23242,1.784284
23243,0.675192
23244,0.693763
23245,0.855182
23246,0.644332
23247,0.484931
23248,0.833969
23249,-0.718116
23250,-0.490398
23251,0.741928
23252,0.429006
23253,1.953140
23254,1.149615
23255,1.015454
23256,0.015288
23257,-1.758175
23258,0.585262
23259,-0.249640
23260,-1.124892
23261,-0.686630
23262,0.933876
23263,-0.526840
23264,-0.193760
23265,-0.292041
23266,0.865480
23267,-0.866517
23268,-2.562167
23269,-0.675728
23270,0.563235
23271,-1.226034
23272,-0.841982
23273,-0.608598
23274,0.496752
23275,1.237675
23276,-0.118062
23277,0.189547
23278,1.118640
23279,0.779736
23280,-0.490170
23281,-2.321430
23282,-1.950123
23283,0.782624
23284,-0.298066
23285,0.313661
23286,0.218952
23287,-0.105441
23288,1.599605
23289,1.595908
23290,-0.734354
23291,0.993274
23292,0.517241
23293,-0.570047
23294,0.129653
23295,-0.379722
23296,0.657384
23297,0.948676
23298,0.162693
23299,1.731005
23300,0.510177
23301,1.003164
23302,-1.383338
23303,-0.028534
23304,0.618076
23305,-0.132639
23306,0.408032
23307,-1.012055
23308,-1.620190
23309,0.434426
23310,1.214716
23311,0.794698
23312,-0.744310
23313,0.127641
23314,1.059958
23315,2.109523
23316,1.751605
23317,0.169791
23318,-1.632908
23319,-0.078862
23320,-0.410502
23321,-0.625062
23322,0.626657
23323,1.757094
23324,0.909527
23325,0.672763
23326,1.052704
23327,1.617367
23328,1.556915
23329,2.346130
23330,1.874791
23331,-0.087903
23332,-1.327498
23333,-0.143318
23334,-0.980267
23335,0.647940
23336,1.432385
23337,-1.363638
23338,-0.403984
23339,-0.205279
23340,0.445671
23341,-0.752950
23342,0.598238
23343,0.156751
23344,-0.582560
23345,-0.514358
23346,0.859224
23347,0.221854
23348,-0.876266
23349,-0.314841
23350,-0.543783
23351,-0.725352
23352,1.054267
23353,0.714612
23354,2.028499
23355,0.799864
23356,-0.795291
23357,0.738627
23358,0.487683
23359,-0.463903
23360,-0.393748
23361,-1.570182
23362,-0.508625
23363,0.992559
23364,-1.884664
23365,0.225352
23366,0.528119
23367,-1.352741
23368,-0.831821
23369,0.065414
23370,0.592803
23371,0.179817
23372,1.003995
23373,0.918027
23374,0.867047
23375,-0.004985
23376,0.138430
23377,-0.740921
23378,-1.745449
23379,-0.363769
23380,-1.083296
23381,-1.006052
23382,-1.075134
23383,-0.888722
23384,-0.474037
23385,-0.199391
23386,0.313275
23387,0.850180
23388,-0.941494
23389,0.223963
23390,1.477933
23391,0.548042
23392,0.408634
23393,-0.799827
23394,0.092402
23395,-0.194646
23396,-1.324647
23397,0.568979
23398,0.864992
23399,1.637084
23400,0.687299
23401,-0.257989
23402,0.069600
23403,0.391375
23404,-1.208466
23405,-1.143984
23406,2.383231
23407,1.310396
23408,0.130111
23409,0.476778
23410,-1.961596
23411,0.775430
23412,1.283554
23413,-1.731796
23414,-0.533077
23415,0.641012
23416,0.644062
23417,-0.849482
23418,-0.564407
23419,-1.357813
23420,0.387904
23421,-0.945637
23422,-1.852167
23423,-0.198975
23424,-0.124255
23425,0.016927
23426,-1.001966
23427,-2.567620
23428,0.849374
23429,0.370056
23430,-1.046702
23431,-0.627375
23432,-1.448750
23433,-0.435622
23434,0.488112
23435,0.955933
23436,-0.184000
23437,0.176823
23438,-2.700874
23439,-0.591672
23440,-0.616484
23441,-1.236150
23442,1.222912
23443,0.161291
23444,0.576422
23445,0.614025
23446,-0.267354
23447,0.548717
23448,-0.211146
23449,-0.813491
23450,-0.936905
23451,-0.225500
23452,0.121225
23453,0.265110
23454,1.958502
23455,-0.360025
23456,-0.905674
23457,-0.457310
23458,1.248195
23459,0.366749
23460,-0.436644
23461,-0.220391
23462,1.918143
23463,-0.553108
23464,-1.884303
23465,-0.082102
23466,-1.391013
23467,-0.282673
23468,0.531277
23469,-1.334662
23470,-0.609805
23471,-0.364106
23472,-0.889088
23473,0.531025
23474,0.177768
23475,-1.801885
23476,-0.065172
23477,-0.661979
23478,0.093545
23479,-0.556107
23480,-0.484734
23481,0.220761
23482,0.763626
23483,-0.760816
23484,-0.180706
23485,-0.738097
23486,2.074135
23487,-0.388047
23488,0.312742
23489,-0.882856
23490,-1.066953
23491,0.169327
23492,0.137350
23493,-0.095842
23494,1.091905
23495,0.094842
23496,0.791466
23497,-0.527385
23498,-0.264950
23499,-1.586786
23500,-1.574096
23501,-1.357918
23502,-1.710525
23503,0.104498
23504,0.274560
23505,0.297989
23506,-0.991515
23507,-0.698913
23508,-1.228408
23509,-0.494505
23510,0.849331
23511,1.909636
23512,1.701467
23513,1.102961
23514,-1.095959
23515,-0.050874
23516,0.555733
23517,0.276298
23518,0.671568
23519,-0.313989
23520,1.778036
23521,0.517813
23522,-0.276380
23523,-0.463681
23524,0.105096
23525,-0.996498
23526,0.617669
23527,1.385108
23528,0.842515
23529,-0.642376
23530,-0.956362
23531,-0.315739
23532,-1.659431
23533,-1.052346
23534,-0.910635
23535,1.359863
23536,-1.740229
23537,0.042388
23538,0.586826
23539,1.122755
23540,1.443786
23541,1.273718
23542,-0.615032
23543,-0.883603
23544,-1.203743
23545,-0.803156
23546,-0.862211
23547,-0.275335
23548,-0.050841
23549,1.554203
23550,2.328053
23551,0.978015
23552,1.226628
23553,0.908463
23554,0.359104
23555,1.975111
23556,1.042706
23557,0.166939
23558,-1.544782
23559,1.790340
23560,-0.306052
23561,-1.661698
23562,-1.128148
23563,1.296395
23564,0.649072
23565,2.351716
23566,0.924987
23567,1.065050
23568,1.313755
23569,1.961401
23570,1.120677
23571,-1.000739
23572,-0.455788
23573,0.429044
23574,0.824181
23575,-0.240585
23576,-1.721850
23577,-0.010820
23578,0.321338
23579,0.939425
23580,0.896098
23581,2.562367
23582,1.817525
23583,-0.054849
23584,0.190410
23585,1.222003
23586,1.132144
23587,-1.711222
23588,0.366249
23589,-0.146359
23590,0.025506
23591,-0.744783
23592,-1.039976
23593,1.082837
23594,-0.179853
23595,-0.913478
23596,0.455457
23597,-0.808696
23598,1.495493
23599,-0.897681
23600,-0.566682
23601,-1.263977
23602,0.379535
23603,-0.214528
23604,2.285782
23605,1.322174
23606,0.704479
23607,0.690481
23608,0.716789
23609,0.082668
23610,-1.021144
23611,0.953674
23612,0.276022
23613,-0.237447
23614,-2.818127
23615,-2.210916
23616,-0.032644
23617,1.227077
23618,1.352474
23619,-0.423760
23620,0.538417
23621,-1.658327
23622,0.357061
23623,1.409424
23624,-0.131227
23625,-0.720889
23626,-2.477325
23627,-0.088535
23628,-1.946770
23629,0.293450
23630,-0.475833
23631,0.760032
23632,1.089265
23633,0.344945
23634,-0.338309
23635,-0.024730
23636,0.757311
23637,0.665191
23638,0.594731
23639,-1.697931
23640,-1.752148
23641,1.442913
23642,-0.319708
23643,0.486877
23644,-1.092423
23645,-1.166336
23646,-1.705815
23647,-1.074403
23648,0.711337
23649,-1.031132
23650,-0.578099
23651,-0.232440
23652,-0.683590
23653,0.202907
23654,-0.879053
23655,-0.111586
23656,-1.247663
23657,1.072862
23658,-1.065725
23659,0.188212
23660,0.376975
23661,-0.020151
23662,-0.954152
23663,0.469702
23664,-0.775221
23665,-0.986940
23666,-1.356870
23667,-0.271808
23668,0.296403
23669,1.838434
23670,2.648133
23671,1.420272
23672,0.422835
23673,0.342582
23674,-0.621924
23675,-1.254737
23676,1.495942
23677,-0.363196
23678,0.875224
23679,0.104246
23680,0.227522
23681,2.313730
23682,1.064482
23683,0.937899
23684,-0.273179
23685,0.172683
23686,0.458815
23687,-0.229366
23688,1.900829
23689,0.802806
23690,-0.087057
23691,-0.113314
23692,0.692973
23693,-1.338987
23694,-0.022563
23695,0.761551
23696,0.838202
23697,1.062196
23698,-0.872111
23699,-0.401769
23700,-1.719714
23701,-0.587619
23702,-0.334505
23703,-0.201693
23704,-0.347899
23705,0.644883
23706,-0.712932
23707,-1.238965
23708,0.080153
23709,0.527746
23710,0.710521
23711,-1.196966
23712,0.237270
23713,1.427581
23714,1.370242
23715,0.513373
23716,-0.375382
23717,-0.014279
23718,-0.776830
23719,-2.683645
23720,-1.897470
23721,0.185231
23722,0.216394
23723,0.746552
23724,-0.059479
23725,-2.270344
23726,-1.916455
23727,-2.718664
23728,-0.393213
23729,-0.286410
23730,0.028185
23731,1.432279
23732,-0.561043
23733,0.925470
23734,1.381171
23735,1.217850
23736,1.222830
23737,0.555887
23738,1.202291
23739,0.330742
23740,0.398699
23741,-1.479057
23742,0.407319
23743,-0.304370
23744,-0.280942
23745,0.032978
23746,0.568425
23747,1.001574
23748,1.780450
23749,0.066791
23750,-1.566261
23751,-1.332754
23752,-0.285283
23753,1.128519
23754,-0.207317
23755,0.733628
23756,0.380863
23757,-0.381246
23758,-0.085222
23759,-0.286047
23760,1.967232
23761,0.055781
23762,1.081572
23763,0.427395
23764,-1.030733
23765,-1.377413
23766,-0.683394
23767,-1.212303
23768,-1.659647
23769,0.004687
23770,-0.209711
23771,-0.639228
23772,-0.985999
23773,0.596697
23774,-0.077113
23775,0.140403
23776,-0.659324
23777,0.483503
23778,0.519941
23779,1.060369
23780,-1.593289
23781,0.131549
23782,-0.974165
23783,-0.114331
23784,0.183758
23785,-0.800779
23786,0.755193
23787,0.589070
23788,0.762873
23789,0.602982
23790,1.020267
23791,0.955050
23792,0.102747
23793,-0.268916
23794,0.631356
23795,-0.477309
23796,0.931300
23797,-0.923706
23798,1.050076
23799,2.500300
23800,1.179089
23801,0.631191
23802,0.793134
23803,2.007427
23804,1.034125
23805,2.286251
23806,0.947883
23807,0.060678
23808,0.736881
23809,1.841695
23810,-0.827649
23811,-0.737467
23812,-2.458838
23813,-1.602276
23814,-1.265618
23815,-0.607686
23816,0.501673
23817,1.409747
23818,2.178441
23819,0.631051
23820,-1.262347
23821,-1.565405
23822,0.169462
23823,-2.513269
23824,-1.335662
23825,-0.483968
23826,-0.042376
23827,-0.836326
23828,-1.051761
23829,1.273939
23830,-0.283173
23831,-1.083394
23832,0.634911
23833,-1.074884
23834,-1.824462
23835,0.416289
23836,-0.320451
23837,0.742270
23838,-0.400391
23839,0.398764
23840,-0.980390
23841,0.484440
23842,-0.124519
23843,-2.092144
23844,-0.319429
23845,-0.856797
23846,-2.321871
23847,1.074700
23848,0.092530
23849,-0.745929
23850,-1.657778
23851,-1.889722
23852,-1.425869
23853,0.041498
23854,-0.748171
23855,1.010592
23856,-0.390353
23857,0.050830
23858,-0.273783
23859,-1.105369
23860,0.693916
23861,-2.246407
23862,-1.270546
23863,-1.416937
23864,0.632926
23865,1.444557
23866,1.467441
23867,-0.429738
23868,-1.700968
23869,1.958143
23870,1.974558
23871,0.371393
23872,0.715407
23873,1.279731
23874,-1.353325
23875,-1.283647
23876,0.110978
23877,0.995000
23878,0.634938
23879,-0.346408
23880,-1.740337
23881,-0.403520
23882,-1.662023
23883,-1.357354
23884,0.538562
23885,-1.159706
23886,-1.898731
23887,-0.557650
23888,0.168930
23889,-1.327521
23890,0.324410
23891,1.537545
23892,0.387237
23893,2.908087
23894,0.064876
23895,-0.454984
23896,1.749082
23897,0.735013
23898,0.614183
23899,1.652846
23900,-0.557414
23901,-0.615190
23902,-0.237404
23903,0.058067
23904,0.122251
23905,1.613671
23906,1.796631
23907,0.233240
23908,-0.487429
23909,-0.349406
23910,-0.516398
23911,-0.070495
23912,0.068003
23913,-0.841342
23914,0.355842
23915,-0.323069
23916,0.284512
23917,-0.683584
23918,1.178709
23919,1.763602
23920,0.772963
23921,-0.710754
23922,-1.347785
23923,-0.267914
23924,-0.217343
23925,-0.141758
23926,-0.509254
23927,-0.597963
23928,-0.439689
23929,-0.636971
23930,1.826628
23931,1.666412
23932,2.582636
23933,0.434634
23934,-0.891536
23935,-0.805559
23936,1.544356
23937,0.185143
23938,0.911147
23939,0.542992
23940,-1.180669
23941,-1.239243
23942,-0.535938
23943,-0.702978
23944,0.291110
23945,-0.277842
23946,0.012576
23947,-0.960699
23948,-1.030868
23949,-1.023790
23950,0.400624
23951,-0.741133
23952,-0.989625
23953,0.604964
23954,1.228365
23955,-0.198120
23956,1.220827
23957,-1.584802
23958,0.233084
23959,0.037963
23960,-0.447003
23961,1.372187
23962,0.160175
23963,-1.807714
23964,-1.824511
23965,-0.879175
23966,0.669662
23967,0.542106
23968,0.349032
23969,-1.946516
23970,-1.525523
23971,-0.572359
23972,-1.433416
23973,-0.775577
23974,-0.275489
23975,0.138478
23976,0.381984
23977,2.217060
23978,0.483580
23979,-0.285017
23980,-0.974462
23981,0.051160
23982,0.329858
23983,-0.648825
23984,-0.382715
23985,-0.227348
23986,-1.094575
23987,0.065423
23988,-0.489547
23989,1.140023
23990,1.135225
23991,0.169022
23992,-0.087238
23993,-0.953742
23994,0.501311
23995,1.911356
23996,0.750399
23997,1.382853
23998,-0.628996
23999,-0.426382
24000,0.842999
24001,-1.706255
24002,0.200783
24003,0.236995
24004,-0.969574
24005,1.247184
24006,1.122850
24007,-0.563833
24008,1.400273
24009,-0.434287
24010,0.046558
24011,-0.430244
24012,0.092815
24013,0.626558
24014,0.473373
24015,-0.361612
24016,0.672553
24017,-0.066749
24018,0.522826
24019,2.284456
24020,-0.348606
24021,-1.885666
24022,-1.519967
24023,-0.305461
24024,2.530679
24025,0.102639
24026,0.784475
24027,0.252910
24028,2.336784
24029,0.464448
24030,0.284887
24031,1.817846
24032,0.285533
24033,-0.409710
24034,-1.213577
24035,-1.700409
24036,1.537400
24037,0.500802
24038,0.173238
24039,-1.388285
24040,0.578398
24041,1.637562
24042,1.353185
24043,0.486888
24044,-0.927132
24045,-0.656228
24046,-0.162165
24047,-0.131355
24048,-0.173905
24049,-0.208188
24050,-1.513583
24051,-0.267300
24052,1.319404
24053,0.093417
24054,-0.601730
24055,0.050004
24056,-0.106353
24057,1.857080
24058,0.337202
24059,-0.488575
24060,1.604752
24061,0.115970
24062,0.611193
24063,0.017206
24064,-0.139650
24065,0.569012
24066,-1.108027
24067,1.290137
24068,-0.792642
24069,0.300451
24070,-1.717254
24071,1.508226
24072,-0.781361
24073,-1.348614
24074,0.651877
24075,-0.454642
24076,0.752955
24077,3.145350
24078,0.825859
24079,0.932170
24080,-0.304093
24081,0.834845
24082,-0.066061
24083,1.884969
24084,-0.157105
24085,-0.093304
24086,0.941923
24087,1.163506
24088,-0.515740
24089,0.856826
24090,1.957303
24091,2.525309
24092,-0.039043
24093,-0.771367
24094,-1.201447
24095,-1.796119
24096,1.486922
24097,0.419536
24098,-0.393846
24099,-1.750730
24100,-0.006768
24101,-0.204295
24102,1.413854
24103,1.354084
24104,1.158742
24105,1.259039
24106,-1.044392
24107,-0.778483
24108,-0.838700
24109,0.750467
24110,0.947672
24111,1.619236
24112,1.952441
24113,-0.984272
24114,-1.278809
24115,-0.834749
24116,-0.021941
24117,0.345248
24118,0.865195
24119,-1.455500
24120,-0.610136
24121,-0.434912
24122,1.088856
24123,-2.250906
24124,-1.122933
24125,0.889107
24126,-0.298090
24127,0.267855
24128,-1.191883
24129,-0.408737
24130,-0.107920
24131,-2.033790
24132,1.552913
24133,1.276894
24134,-1.853516
24135,-0.661105
24136,-0.153009
24137,0.872041
24138,0.913065
24139,-0.678329
24140,0.558894
24141,-1.462698
24142,0.112840
24143,-0.381268
24144,-1.203845
24145,-1.779421
24146,-1.615069
24147,0.867568
24148,0.237950
24149,0.344256
24150,-1.759204
24151,0.478852
24152,-0.058492
24153,0.412118
24154,2.873409
24155,1.345797
24156,0.261978
24157,0.365380
24158,1.240901
24159,-0.647561
24160,2.873379
24161,0.879019
24162,1.146662
24163,-1.852286
24164,-0.082394
24165,-0.500300
24166,-0.400988
24167,-0.575894
24168,1.104044
24169,-0.146157
24170,-0.733562
24171,-1.344179
24172,-0.514225
24173,-0.542753
24174,0.461750
24175,1.850764
24176,2.464121
24177,0.703810
24178,0.042441
24179,0.243186
24180,-0.074015
24181,0.879154
24182,-0.512435
24183,0.008990
24184,-0.940517
24185,-0.835206
24186,0.156453
24187,0.495179
24188,-0.279931
24189,0.449653
24190,0.910078
24191,-0.007315
24192,-0.460882
24193,1.397772
24194,0.236349
24195,1.814242
24196,0.875374
24197,1.507378
24198,-1.104994
24199,-0.375309
24200,-0.120000
24201,-1.210121
24202,0.414231
24203,1.814350
24204,0.758461
24205,0.472945
24206,-0.106913
24207,0.882720
24208,0.663778
24209,0.705833
24210,0.074988
24211,1.996930
24212,1.325916
24213,1.149253
24214,-0.224632
24215,-1.734859
24216,-0.441709
24217,-0.144305
24218,0.797757
24219,1.289010
24220,0.323365
24221,2.155442
24222,-0.732352
24223,0.144504
24224,0.241783
24225,-0.230926
24226,1.189930
24227,-0.481217
24228,-0.622077
24229,-1.622272
24230,-0.247561
24231,0.769313
24232,1.864690
24233,0.992834
24234,-1.326748
24235,-1.406116
24236,-2.239829
24237,0.251244
24238,-0.186368
24239,1.579267
24240,0.624334
24241,0.310628
24242,-0.351286
24243,1.330090
24244,0.725525
24245,0.865947
24246,0.653878
24247,1.855706
24248,-0.456488
24249,0.360336
24250,0.722472
24251,0.724003
24252,0.798729
24253,-0.686626
24254,-0.599480
24255,0.025354
24256,0.245258
24257,-0.219316
24258,-0.145971
24259,-0.768298
24260,-1.491797
24261,-0.573905
24262,1.302109
24263,0.412073
24264,0.383028
24265,-1.125568
24266,1.002711
24267,-1.739816
24268,-0.612446
24269,1.761272
24270,1.945360
24271,1.538979
24272,1.252227
24273,-0.170176
24274,0.328986
24275,-0.014414
24276,0.824386
24277,1.088511
24278,0.698172
24279,-1.607048
24280,-1.018741
24281,-2.273258
24282,-0.853611
24283,-0.884434
24284,-1.239163
24285,-0.797375
24286,-2.136543
24287,-0.318907
24288,-1.436164
24289,-0.737325
24290,-0.696545
24291,-0.674437
24292,1.414555
24293,0.522632
24294,0.380093
24295,-0.491913
24296,1.171504
24297,0.214469
24298,-0.254145
24299,-1.224345
24300,0.549770
24301,-0.518907
24302,0.375475
24303,0.836844
24304,1.258173
24305,1.184191
24306,1.173583
24307,-0.548018
24308,0.564837
24309,-0.097467
24310,1.145363
24311,-0.319752
24312,-1.052955
24313,-1.597728
24314,-0.608384
24315,1.246668
24316,0.142780
24317,0.222756
24318,0.703397
24319,0.037578
24320,-0.121708
24321,2.118857
24322,3.329388
24323,1.384028
24324,0.225945
24325,1.543837
24326,-0.797411
24327,2.256889
24328,-0.533165
24329,-0.156982
24330,-1.146621
24331,1.290620
24332,-0.212012
24333,-1.626472
24334,-0.554802
24335,0.414370
24336,-1.812191
24337,-0.653660
24338,-1.026252
24339,-2.297267
24340,-0.517720
24341,0.281230
24342,0.356472
24343,-0.479431
24344,0.749605
24345,-2.127510
24346,-0.954983
24347,0.573094
24348,0.724824
24349,0.252503
24350,1.499127
24351,0.241273
24352,-1.045140
24353,0.721020
24354,-0.674477
24355,0.618301
24356,-1.750333
24357,0.908466
24358,0.301184
24359,-0.047068
24360,0.488475
24361,0.476014
24362,0.400854
24363,-0.726561
24364,-1.405122
24365,-1.762321
24366,-0.835359
24367,-0.371075
24368,-2.310200
24369,0.845498
24370,1.348664
24371,1.303394
24372,0.373703
24373,-1.568776
24374,-1.237986
24375,0.666823
24376,-2.175167
24377,-1.015935
24378,-1.142273
24379,-1.609697
24380,0.483603
24381,-1.135131
24382,-0.854228
24383,-0.743998
24384,-0.556853
24385,-0.097884
24386,-0.203727
24387,-0.128695
24388,-1.871872
24389,-0.305304
24390,-0.114177
24391,1.453802
24392,0.649900
24393,-0.284391
24394,-0.434804
24395,-0.292752
24396,-0.117809
24397,-0.249978
24398,2.196127
24399,0.932117
24400,0.703066
24401,0.826627
24402,0.658776
24403,-1.193030
24404,-1.215708
24405,0.795452
24406,-0.648559
24407,-1.161092
24408,0.696951
24409,0.507234
24410,-0.650884
24411,-0.615285
24412,-0.070482
24413,1.228471
24414,-0.189473
24415,0.971643
24416,0.245205
24417,0.284763
24418,-1.230193
24419,-0.970239
24420,-1.866483
24421,-1.051718
24422,0.295672
24423,-2.131442
24424,0.626858
24425,-0.275280
24426,-0.315507
24427,-0.481467
24428,-1.231297
24429,0.834666
24430,-0.389388
24431,0.230560
24432,-0.309379
24433,-1.263552
24434,0.829236
24435,0.528002
24436,-0.138862
24437,0.538259
24438,-0.039434
24439,1.114159
24440,-0.090597
24441,1.631018
24442,-0.067672
24443,1.856851
24444,-1.232889
24445,0.284765
24446,0.925770
24447,1.442863
24448,0.008260
24449,-0.971932
24450,1.674415
24451,-0.259230
24452,-0.868916
24453,-0.435982
24454,-0.113005
24455,1.190297
24456,0.532188
24457,-1.004719
24458,-0.614371
24459,-1.684079
24460,-1.126407
24461,1.855006
24462,0.329786
24463,1.233642
24464,-0.759932
24465,1.015174
24466,0.724742
24467,-0.789870
24468,1.182945
24469,-0.178345
24470,-1.212264
24471,1.658712
24472,1.702576
24473,-1.420574
24474,-0.088293
24475,1.028375
24476,0.388885
24477,0.479667
24478,0.602959
24479,-0.304438
24480,0.674938
24481,1.459733
24482,-0.277302
24483,0.166714
24484,-1.737198
24485,-0.206753
24486,-0.322225
24487,-0.035132
24488,0.764809
24489,-0.019371
24490,0.427748
24491,1.652107
24492,0.522626
24493,0.310496
24494,-0.315585
24495,1.661465
24496,2.163135
24497,0.305651
24498,-1.688171
24499,-0.261473
24500,2.028555
24501,0.741957
24502,-0.193734
24503,-1.424196
24504,-0.655249
24505,0.032069
24506,-0.266745
24507,1.204127
24508,-1.404589
24509,0.112285
24510,0.874873
24511,-1.316509
24512,0.030044
24513,-1.773670
24514,-0.461376
24515,-0.956179
24516,-1.800447
24517,-1.073979
24518,-2.300052
24519,-0.431445
24520,-0.841006
24521,-0.523681
24522,-0.341218
24523,1.078972
24524,-0.579101
24525,-0.660696
24526,0.291821
24527,-1.152432
24528,0.318133
24529,-1.672706
24530,1.187089
24531,0.575366
24532,-1.139356
24533,0.623292
24534,0.330738
24535,1.061237
24536,-0.864629
24537,-1.479491
24538,-0.664949
24539,0.152762
24540,0.887263
24541,1.359060
24542,0.090947
24543,0.538443
24544,0.138254
24545,-2.016444
24546,-0.823253
24547,-0.102158
24548,-0.166229
24549,0.757971
24550,0.673252
24551,1.043268
24552,0.355230
24553,-0.127031
24554,1.120407
24555,-2.100040
24556,-1.113284
24557,-0.313100
24558,0.926056
24559,-0.699951
24560,-0.761826
24561,0.417889
24562,1.108619
24563,-0.741230
24564,-1.803628
24565,1.677589
24566,-1.536819
24567,-0.498778
24568,-0.441966
24569,0.133479
24570,0.547340
24571,1.310979
24572,-0.622803
24573,0.936966
24574,0.458273
24575,-0.495792
24576,-0.131635
24577,1.017879
24578,1.390963
24579,1.977199
24580,0.195293
24581,0.180963
24582,-0.078311
24583,-0.502645
24584,0.567591
24585,-0.037840
24586,1.749826
24587,0.667351
24588,-1.234425
24589,-0.431112
24590,0.487257
24591,-1.725942
24592,-0.005678
24593,-0.845477
24594,-0.034306
24595,0.403736
24596,0.788342
24597,0.568935
24598,-0.104293
24599,-2.005106
24600,-2.236425
24601,1.401671
24602,-0.008702
24603,0.963885
24604,0.686218
24605,0.701367
24606,1.100336
24607,2.092043
24608,0.395153
24609,-1.646180
24610,0.491118
24611,1.709369
24612,0.234059
24613,0.190135
24614,-1.108847
24615,0.795056
24616,0.574392
24617,2.912998
24618,0.965432
24619,0.068069
24620,0.137049
24621,0.681807
24622,0.101685
24623,0.277864
24624,-0.513781
24625,0.802496
24626,-1.349994
24627,-0.752471
24628,1.052755
24629,1.148543
24630,-1.411906
24631,-1.774717
24632,0.039124
24633,1.642809
24634,1.069886
24635,-0.335545
24636,-1.710334
24637,0.019996
24638,-0.795821
24639,0.459082
24640,0.671520
24641,-0.007734
24642,-1.470709
24643,-0.154939
24644,-0.755009
24645,-1.730745
24646,0.559552
24647,1.873802
24648,0.010451
24649,1.166550
24650,0.468830
24651,1.517629
24652,0.227422
24653,-1.433999
24654,1.048204
24655,-0.231731
24656,-0.966959
24657,-1.711900
24658,-0.758606
24659,1.490409
24660,2.868868
24661,2.141319
24662,0.632864
24663,0.806454
24664,0.066753
24665,0.491601
24666,0.215580
24667,0.517235
24668,1.558353
24669,0.594028
24670,0.106427
24671,-0.296252
24672,-0.512531
24673,0.147126
24674,-1.509908
24675,-1.468623
24676,0.737083
24677,-0.076983
24678,0.022681
24679,-0.629396
24680,2.563615
24681,1.587257
24682,0.206471
24683,-1.020260
24684,0.655250
24685,1.727961
24686,0.397367
24687,-1.250053
24688,0.173556
24689,-0.543670
24690,-1.269702
24691,-1.546226
24692,-0.884266
24693,0.553127
24694,0.553856
24695,2.324704
24696,-0.931664
24697,1.221375
24698,0.034020
24699,0.685575
24700,0.892172
24701,0.501401
24702,-1.774889
24703,1.030061
24704,0.938952
24705,0.188663
24706,1.887018
24707,0.067378
24708,1.772662
24709,-0.943218
24710,-2.164002
24711,-2.760163
24712,-1.421950
24713,-0.064611
24714,-1.245410
24715,-1.000615
24716,-0.032258
24717,0.431701
24718,-0.659297
24719,1.081331
24720,0.406945
24721,1.257762
24722,0.843990
24723,1.530747
24724,0.796665
24725,-0.498169
24726,-0.200209
24727,2.368810
24728,1.323705
24729,-0.314049
24730,-1.005537
24731,-0.335253
24732,1.139996
24733,-2.099049
24734,-0.468651
24735,-2.029529
24736,-1.059915
24737,-1.984992
24738,-1.023217
24739,-1.508560
24740,0.050087
24741,-0.239238
24742,-0.061842
24743,-0.418785
24744,-0.443829
24745,-1.875680
24746,0.508237
24747,1.104425
24748,0.558423
24749,-0.056796
24750,-0.134486
24751,-0.573689
24752,1.294103
24753,-0.846197
24754,-0.392594
24755,0.323261
24756,0.425726
24757,3.221513
24758,-0.775459
24759,0.094612
24760,0.643529
24761,-0.207629
24762,-0.906232
24763,0.553882
24764,0.626526
24765,0.174545
24766,-0.622641
24767,-1.827225
24768,-0.316661
24769,-0.795483
24770,-0.415184
24771,0.266419
24772,-0.058214
24773,-1.617579
24774,-0.164659
24775,-1.285546
24776,1.312796
24777,1.312423
24778,0.884203
24779,0.837522
24780,0.469469
24781,-0.044479
24782,0.523600
24783,-1.318251
24784,0.940114
24785,1.653399
24786,1.757951
24787,0.756580
24788,-0.894943
24789,1.710252
24790,-0.506188
24791,-0.330232
24792,-0.158574
24793,1.778453
24794,0.643236
24795,-0.876815
24796,0.308098
24797,1.235403
24798,1.383697
24799,2.085558
24800,1.357362
24801,0.276323
24802,-1.407919
24803,-0.221653
24804,-0.418932
24805,-1.132907
24806,-0.368689
24807,-0.982368
24808,-0.481043
24809,1.246933
24810,-1.212017
24811,-0.785854
24812,-1.303755
24813,-0.010714
24814,0.137783
24815,-1.028740
24816,-2.305040
24817,0.782934
24818,-0.736645
24819,-0.757515
24820,-1.074728
24821,1.654997
24822,2.332796
24823,-0.018225
24824,-0.537322
24825,-0.478963
24826,0.260816
24827,-0.760987
24828,1.683594
24829,-0.731559
24830,0.553893
24831,0.953086
24832,-0.537125
24833,1.035082
24834,-0.036433
24835,0.933326
24836,-0.209691
24837,0.392731
24838,0.362141
24839,-0.879377
24840,-2.191233
24841,-0.127220
24842,-0.341872
24843,-1.006698
24844,-0.408973
24845,0.231364
24846,-2.980599
24847,-1.661909
24848,-2.021553
24849,-1.233010
24850,-0.510112
24851,-1.393518
24852,-0.357654
24853,0.860610
24854,1.002408
24855,-1.230277
24856,0.077102
24857,-0.022098
24858,0.732115
24859,-0.423368
24860,0.102716
24861,0.681563
24862,-0.553122
24863,-2.044494
24864,0.502752
24865,0.832174
24866,0.414231
24867,-0.012466
24868,0.025641
24869,0.331761
24870,-1.078170
24871,-0.298499
24872,-1.900972
24873,-1.143563
24874,0.003936
24875,-0.475714
24876,0.960300
24877,0.263867
24878,-0.758884
24879,-0.382841
24880,-1.460205
24881,-0.326319
24882,0.310383
24883,0.901157
24884,-0.232698
24885,0.379769
24886,1.066785
24887,-0.206038
24888,0.312305
24889,-0.240104
24890,0.950614
24891,0.135313
24892,0.921682
24893,-0.075161
24894,1.022890
24895,0.971599
24896,-0.144457
24897,-0.216898
24898,1.388402
24899,-0.003470
24900,-0.305416
24901,0.193711
24902,2.088744
24903,-1.723531
24904,0.287045
24905,-0.505252
24906,0.200142
24907,2.095117
24908,1.612218
24909,-0.966663
24910,-0.711632
24911,-0.814839
24912,-0.532058
24913,-0.864245
24914,-1.115812
24915,-1.254767
24916,-0.346249
24917,-0.163607
24918,-0.191864
24919,-1.633855
24920,-0.296813
24921,0.659615
24922,0.507082
24923,1.487103
24924,1.969885
24925,1.410460
24926,0.461735
24927,-0.286707
24928,-1.434755
24929,-0.212973
24930,0.742457
24931,0.842435
24932,1.129029
24933,0.558559
24934,-0.574262
24935,-1.802132
24936,-1.934588
24937,-0.335596
24938,-1.477997
24939,-1.132371
24940,-0.795413
24941,-0.351702
24942,-0.311484
24943,0.462039
24944,1.842117
24945,0.304903
24946,0.915482
24947,1.645865
24948,-1.804817
24949,-0.031473
24950,-1.142514
24951,-1.519168
24952,-1.000480
24953,0.130605
24954,0.094783
24955,-2.033131
24956,-1.169361
24957,1.937866
24958,-0.224656
24959,2.196357
24960,-1.353817
24961,-2.333681
24962,-0.419433
24963,0.088293
24964,0.381963
24965,0.578038
24966,0.460441
24967,1.120415
24968,-0.649207
24969,-0.712925
24970,-1.510884
24971,0.532971
24972,0.191143
24973,-0.208227
24974,-0.206847
24975,-0.357895
24976,-0.175732
24977,1.544255
24978,-0.354254
24979,1.473624
24980,0.725077
24981,0.145139
24982,0.052548
24983,1.141934
24984,0.511488
24985,1.209246
24986,-0.098211
24987,1.265158
24988,0.477766
24989,-1.479958
24990,-0.301210
24991,-0.113854
24992,-1.236627
24993,-0.649845
24994,-0.053422
24995,-1.568073
24996,-0.841994
24997,0.194796
24998,0.057587
24999,0.392230
25000,-0.029663
25001,-0.807955
25002,0.235636
25003,-1.038690
25004,-0.014784
25005,-0.124666
25006,1.259933
25007,0.227368
25008,-0.279918
25009,0.670659
25010,1.555015
25011,0.023497
25012,0.452595
25013,0.368577
25014,0.563805
25015,0.093984
25016,0.816107
25017,-0.130598
25018,-0.064593
25019,1.224883
25020,0.961945
25021,-1.078160
25022,-0.619793
25023,-0.410336
25024,0.135364
25025,0.616497
25026,-0.491087
25027,0.638775
25028,0.148987
25029,-0.432149
25030,0.321234
25031,-2.066479
25032,-1.232697
25033,1.023871
25034,1.367992
25035,1.190262
25036,0.485650
25037,-0.452655
25038,0.200168
25039,0.002734
25040,-2.095106
25041,0.113167
25042,-1.800947
25043,-0.491333
25044,-0.560418
25045,-0.756361
25046,1.118676
25047,2.553432
25048,1.302767
25049,1.187917
25050,0.117931
25051,-0.875823
25052,-0.106022
25053,-0.737345
25054,0.143049
25055,-0.006741
25056,-1.124638
25057,-0.997214
25058,-1.888877
25059,-0.271975
25060,-0.533304
25061,-1.433054
25062,-1.333239
25063,-1.826871
25064,-1.785016
25065,0.233992
25066,1.955599
25067,1.107735
25068,0.700814
25069,2.032573
25070,-0.826650
25071,-0.767413
25072,-0.065153
25073,1.847556
25074,0.052576
25075,-0.102236
25076,-0.574037
25077,-0.087269
25078,-0.453076
25079,-0.246244
25080,-0.938922
25081,-0.151605
25082,-0.704970
25083,-0.108096
25084,-0.799521
25085,1.101786
25086,1.701840
25087,0.447827
25088,1.794189
25089,0.030154
25090,0.307046
25091,-1.177012
25092,-0.198346
25093,-0.122702
25094,-0.771815
25095,0.343120
25096,0.358113
25097,-0.263480
25098,-0.138572
25099,1.208599
25100,-0.655545
25101,-1.735048
25102,-0.138374
25103,-1.059666
25104,0.112257
25105,-0.186286
25106,1.535748
25107,-0.671733
25108,0.851289
25109,0.598295
25110,2.925675
25111,1.367447
25112,1.405546
25113,0.577396
25114,1.184259
25115,-0.947521
25116,-2.226944
25117,-1.989254
25118,-0.580453
25119,-1.277873
25120,0.184015
25121,-0.515208
25122,-0.484526
25123,-1.333043
25124,1.265104
25125,0.518810
25126,-0.569504
25127,-0.808878
25128,-0.239769
25129,-1.054401
25130,1.196457
25131,0.127123
25132,-0.262208
25133,3.480910
25134,2.611140
25135,0.649251
25136,0.896592
25137,0.080101
25138,-1.097850
25139,-0.042575
25140,0.042910
25141,-0.133559
25142,-1.103795
25143,0.421655
25144,-0.639201
25145,2.210696
25146,-0.318882
25147,-0.635125
25148,-0.556353
25149,-0.948730
25150,-0.763053
25151,0.120869
25152,2.447179
25153,1.946611
25154,2.154647
25155,-1.097457
25156,-1.216823
25157,-0.361076
25158,-1.343522
25159,0.555622
25160,-0.317033
25161,-0.717360
25162,0.858403
25163,1.680573
25164,-0.219835
25165,-0.543396
25166,-0.585456
25167,0.041460
25168,0.672550
25169,2.676526
25170,-0.842918
25171,-0.234839
25172,-1.053568
25173,-0.879260
25174,-1.143601
25175,-0.997261
25176,-0.577696
25177,-1.180219
25178,1.110163
25179,0.929418
25180,-0.145833
25181,0.327437
25182,-1.368306
25183,-0.784272
25184,-0.720603
25185,-0.568073
25186,-0.729584
25187,0.917407
25188,1.336697
25189,1.825567
25190,0.509394
25191,1.194042
25192,0.048470
25193,1.096977
25194,1.991577
25195,0.546072
25196,0.506762
25197,0.554308
25198,0.875282
25199,0.546979
25200,0.565181
25201,98.680691
25202,126.810771
25203,129.934038
25204,130.672025
25205,130.637027
25206,130.307613
25207,127.695709
25208,133.812032
25209,132.557282
25210,131.828763
25211,130.127890
25212,133.194515
25213,131.621604
25214,132.484372
25215,137.456438
25216,128.591557
25217,128.730918
25218,132.716387
25219,131.877081
25220,132.061820
25221,130.152078
25222,133.023016
25223,130.806692
25224,129.280128
25225,128.509636
25226,132.815842
25227,131.128779
25228,132.969732
25229,134.881644
25230,132.757889
25231,133.205937
25232,131.309792
25233,130.918768
25234,133.344209
25235,132.924432
25236,130.136325
25237,130.647154
25238,131.295696
25239,133.636492
25240,132.820299
25241,132.185995
25242,133.059784
25243,130.559180
25244,132.092093
25245,132.534402
25246,130.362153
25247,130.859489
25248,128.832156
25249,135.040363
25250,135.619289
25251,134.550579
25252,130.213281
25253,128.521529
25254,131.560534
25255,133.743047
25256,130.412618
25257,129.860319
25258,132.420542
25259,134.231940
25260,133.707427
25261,133.637925
25262,131.663721
25263,133.740119
25264,131.308989
25265,131.940121
25266,130.600852
25267,131.138420
25268,133.605393
25269,132.208755
25270,131.417775
25271,130.956863
25272,128.249654
25273,129.883780
25274,132.131248
25275,130.897300
25276,131.638499
25277,131.096234
25278,132.826600
25279,132.121088
25280,134.575281
25281,133.436891
25282,135.126849
25283,135.064563
25284,132.769847
25285,134.458647
25286,130.711154
25287,129.342219
25288,131.942566
25289,136.564838
25290,132.653317
25291,131.902418
25292,132.609639
25293,135.813092
25294,132.414962
25295,134.243271
25296,131.737763
25297,131.868268
25298,128.918970
25299,132.454309
25300,135.143217
25301,130.559492
25302,129.466685
25303,133.236423
25304,130.414390
25305,134.327773
25306,132.525995
25307,133.567640
25308,129.681364
25309,128.492199
25310,131.704814
25311,134.636717
25312,132.327258
25313,135.810303
25314,133.586763
25315,131.675303
25316,128.904436
25317,131.345213
25318,133.629908
25319,129.926406
25320,132.956769
25321,132.444321
25322,133.283409
25323,133.900485
25324,131.245084
25325,133.211725
25326,133.513540
25327,131.274693
25328,131.002108
25329,129.141308
25330,130.485273
25331,129.460814
25332,130.303904
25333,131.588275
25334,132.773815
25335,132.247289
25336,136.098288
25337,132.618722
25338,131.185713
25339,126.564739
25340,130.140361
25341,131.310346
25342,130.265836
25343,131.948378
25344,130.907435
25345,129.308855
25346,128.645624
25347,132.511941
25348,132.850817
25349,131.726278
25350,129.256130
25351,127.656464
25352,129.245244
25353,127.645485
25354,131.198550
25355,128.976811
25356,130.095152
25357,129.434573
25358,130.338630
25359,130.811543
25360,132.452922
25361,132.594794
25362,131.217212
25363,129.102685
25364,127.303186
25365,129.322549
25366,131.058047
25367,131.184087
25368,133.516004
25369,133.043966
25370,133.955109
25371,140.923913
25372,133.245295
25373,134.969629
25374,131.533835
25375,133.177058
25376,134.407595
25377,133.869580
25378,132.571854
25379,133.951083
25380,133.453627
25381,130.473639
25382,128.910754
25383,130.542821
25384,134.637504
25385,134.845740
25386,132.756699
25387,130.978459
25388,129.244075
25389,130.685216
25390,128.244590
25391,129.691280
25392,132.377272
25393,134.007798
25394,128.837381
25395,130.122314
25396,133.153791
25397,131.747038
25398,133.831099
25399,130.888470
25400,131.419922
25401,132.211285
25402,129.376602
25403,130.030202
25404,132.704777
25405,131.836002
25406,129.932498
25407,135.410752
25408,133.183331
25409,131.415799
25410,133.240226
25411,130.543585
25412,133.847802
25413,130.498863
25414,133.404300
25415,132.906117
25416,131.901444
25417,130.259866
25418,134.514690
25419,132.799001
25420,128.085092
25421,130.458439
25422,132.332120
25423,133.463003
25424,132.214396
25425,129.046914
25426,127.634849
25427,130.909226
25428,132.816575
25429,130.712853
25430,132.851293
25431,134.387033
25432,131.764883
25433,131.454626
25434,130.321971
25435,132.754024
25436,131.518941
25437,131.828568
25438,132.386452
25439,135.263341
25440,131.844542
25441,134.396418
25442,132.933668
25443,133.023198
25444,134.395237
25445,133.829683
25446,134.958964
25447,131.943193
25448,133.650995
25449,139.390467
25450,133.532025
25451,133.907181
25452,134.430721
25453,135.364556
25454,132.609068
25455,132.206459
25456,131.789332
25457,129.561002
25458,131.396564
25459,128.856253
25460,128.510271
25461,131.145949
25462,130.556825
25463,130.590907
25464,133.415372
25465,129.385100
25466,130.237923
25467,130.904582
25468,135.140702
25469,132.919199
25470,129.861890
25471,130.645966
25472,133.107433
25473,130.824309
25474,135.593075
25475,137.588032
25476,129.353566
25477,126.338435
25478,132.921235
25479,130.352122
25480,130.564279
25481,133.857851
25482,129.589601
25483,133.324074
25484,134.979356
25485,133.840769
25486,131.185102
25487,131.282673
25488,130.839525
25489,134.093388
25490,134.393437
25491,127.232927
25492,126.400677
25493,131.296882
25494,132.956401
25495,132.667474
25496,130.465989
25497,129.515830
25498,131.448987
25499,131.269005
25500,133.262942
25501,130.542975
25502,132.283869
25503,132.099286
25504,132.375938
25505,130.020469
25506,133.450396
25507,134.334202
25508,136.198923
25509,134.900238
25510,132.923129
25511,128.335349
25512,135.108530
25513,132.701245
25514,131.633296
25515,132.692777
25516,132.526022
25517,135.097343
25518,131.369270
25519,132.067725
25520,129.378812
25521,132.715513
25522,131.027378
25523,133.390935
25524,136.328475
25525,130.579303
25526,133.831382
25527,134.882528
25528,132.992124
25529,135.120501
25530,134.761535
25531,132.346360
25532,131.299935
25533,128.672277
25534,129.482358
25535,131.406661
25536,134.451879
25537,132.764891
25538,134.515155
25539,133.544486
25540,132.528444
25541,131.192543
25542,129.337717
25543,130.452279
25544,131.930171
25545,129.094823
25546,128.452609
25547,131.452405
25548,132.438790
25549,131.392048
25550,129.036633
25551,133.263930
25552,134.911073
25553,132.362913
25554,132.571272
25555,133.209037
25556,132.174011
25557,130.093275
25558,129.375473
25559,131.214042
25560,132.972707
25561,130.391980
25562,131.480923
25563,131.113516
25564,130.771194
25565,132.074533
25566,132.710672
25567,134.747303
25568,133.465770
25569,135.975467
25570,136.761990
25571,133.859787
25572,131.687561
25573,132.826483
25574,130.832227
25575,133.991885
25576,131.462295
25577,130.151090
25578,128.435913
25579,128.194009
25580,132.197442
25581,132.888448
25582,133.957176
25583,133.966221
25584,131.908533
25585,134.021831
25586,134.885448
25587,132.789023
25588,34.439482
25589,9.113015
25590,2.089893
25591,0.667866
25592,0.093390
25593,0.719612
25594,-0.440606
25595,-1.958615
25596,-0.136226
25597,-0.381858
25598,-2.551784
25599,-1.482029
25600,-2.623842
25601,-0.870960
25602,0.076026
25603,-1.045853
25604,-0.243996
25605,-0.492175
25606,-0.987905
25607,1.275240
25608,0.836954
25609,0.347616
25610,0.228308
25611,-0.020570
25612,1.198619
25613,0.855738
25614,1.336428
25615,1.187561
25616,1.535659
25617,0.349804
25618,0.365734
25619,-0.524786
25620,0.128956
25621,-2.715722
25622,-0.298582
25623,0.719125
25624,-1.022439
25625,-1.004702
25626,2.217869
25627,1.192744
25628,0.410421
25629,-1.922343
25630,-1.395002
25631,-0.053754
25632,0.951247
25633,-1.426454
25634,0.727339
25635,-1.170926
25636,-1.837151
25637,0.580630
25638,-1.540494
25639,0.089275
25640,0.043991
25641,0.289120
25642,0.045892
25643,0.290314
25644,0.084743
25645,0.471569
25646,1.007174
25647,-0.333334
25648,-0.296913
25649,0.221375
25650,1.011120
25651,0.685015
25652,1.567649
25653,0.055119
25654,-0.698304
25655,-0.678210
25656,0.094342
25657,-0.204867
25658,0.307435
25659,0.841111
25660,-1.608303
25661,0.689932
25662,-0.180263
25663,0.189037
25664,1.096061
25665,1.263919
25666,1.606936
25667,0.007728
25668,-0.664704
25669,-2.420054
25670,-1.769970
25671,-2.510784
25672,0.163539
25673,1.490722
25674,1.743113
25675,1.313416
25676,-0.196122
25677,-1.715847
25678,0.942195
25679,-0.298917
25680,0.049761
25681,-0.262735
25682,-0.023031
25683,0.204653
25684,0.690072
25685,0.467770
25686,0.086528
25687,0.890731
25688,-1.614392
25689,-1.382643
25690,-0.379448
25691,-0.600199
25692,1.088302
25693,-0.454905
25694,-0.892403
25695,0.293311
25696,0.142030
25697,-0.189805
25698,0.704138
25699,0.442379
25700,-1.729776
25701,0.672925
25702,-0.348652
25703,-0.014757
25704,-0.447831
25705,-1.062867
25706,-1.503826
25707,0.019524
25708,0.959435
25709,-0.406600
25710,1.199820
25711,1.315651
25712,-1.574307
25713,0.128979
25714,1.166041
25715,1.698230
25716,-2.686037
25717,-2.628579
25718,-0.215617
25719,-1.095507
25720,-0.034141
25721,-0.024456
25722,-2.809985
25723,-0.948629
25724,0.524840
25725,2.144354
25726,1.516491
25727,0.137393
25728,0.923254
25729,-0.519317
25730,-0.259570
25731,0.637355
25732,-1.073349
25733,-0.243862
25734,-0.640900
25735,1.146844
25736,0.197080
25737,0.648267
25738,-0.342545
25739,-0.463661
25740,-0.285735
25741,0.248580
25742,-0.932889
25743,-1.820078
25744,0.492639
25745,1.259021
25746,-0.173575
25747,1.240060
25748,1.071576
25749,1.113170
25750,-0.303867
25751,0.641425
25752,-1.212761
25753,-0.928030
25754,-0.742323
25755,0.145301
25756,0.349507
25757,0.025640
25758,0.529868
25759,0.173796
25760,0.674481
25761,1.118289
25762,0.372028
25763,0.884505
25764,1.357720
25765,0.998997
25766,-1.544436
25767,-0.801753
25768,-1.676320
25769,-1.984680
25770,-0.520277
25771,-1.472523
25772,-1.255939
25773,0.939370
25774,0.513429
25775,1.371416
25776,-0.885111
25777,1.583216
25778,-0.763754
25779,-1.663161
25780,-1.754428
25781,-1.691357
25782,-0.606973
25783,-0.043222
25784,-0.121481
25785,0.245586
25786,1.047837
25787,-0.769247
25788,0.423720
25789,1.174172
25790,0.659322
25791,0.696930
25792,-0.811381
25793,-0.159885
25794,1.288421
25795,0.491272
25796,-1.344418
25797,-0.582206
25798,1.818947
25799,0.027710
25800,-2.155463
25801,-0.230489
25802,-0.794241
25803,0.267800
25804,0.813702
25805,-0.566571
25806,1.013087
25807,0.075174
25808,-1.238227
25809,-0.561558
25810,0.732563
25811,-1.301417
25812,-0.809839
25813,-0.344415
25814,-0.368358
25815,0.589530
25816,-0.994300
25817,0.179234
25818,-1.660934
25819,-1.036512
25820,-0.882944
25821,0.093759
25822,-1.091315
25823,-0.657930
25824,0.697936
25825,1.172380
25826,1.400546
25827,-0.420810
25828,0.492579
25829,-1.095218
25830,-0.585458
25831,-1.069354
25832,-0.021549
25833,-1.007504
25834,0.293868
25835,1.208167
25836,0.710059
25837,0.091395
25838,0.539563
25839,-1.304153
25840,-2.302946
25841,-0.780064
25842,-1.160388
25843,0.395558
25844,1.518188
25845,-0.429933
25846,-0.872943
25847,-1.368991
25848,-0.723647
25849,1.205059
25850,1.246989
25851,-1.177029
25852,2.397899
25853,-1.802726
25854,-0.526710
25855,0.256208
25856,-0.080739
25857,0.697212
25858,-0.651231
25859,0.229386
25860,0.842029
25861,2.967016
25862,-0.211059
25863,0.316241
25864,2.650480
25865,2.337981
25866,1.109781
25867,-0.078878
25868,0.950484
25869,0.837511
25870,0.277434
25871,0.725861
25872,-0.404916
25873,0.099109
25874,0.538194
25875,-0.716336
25876,1.215095
25877,-0.441601
25878,1.442589
25879,-0.457187
25880,0.230541
25881,1.523168
25882,0.307311
25883,-0.059992
25884,-0.380320
25885,-0.584120
25886,0.145234
25887,0.923980
25888,-0.852939
25889,1.057626
25890,-0.204826
25891,-1.247702
25892,1.518168
25893,0.796539
25894,0.680417
25895,-1.300056
25896,-1.916399
25897,0.291002
25898,-0.378565
25899,-1.247887
25900,-0.339864
25901,-0.646993
25902,-0.528693
25903,-0.561078
25904,0.370949
25905,0.096688
25906,-1.008993
25907,-0.854495
25908,-0.074730
25909,0.942221
25910,1.347184
25911,1.281965
25912,1.508377
25913,-0.158607
25914,1.659946
25915,0.564502
25916,0.555263
25917,0.703236
25918,-0.676963
25919,-0.400671
25920,-0.641299
25921,-2.285674
25922,1.041536
25923,-0.143281
25924,0.821513
25925,0.466694
25926,-0.260314
25927,-0.121509
25928,-0.936272
25929,-0.172227
25930,-0.367948
25931,-1.322064
25932,0.792210
25933,-0.769494
25934,-0.314791
25935,-0.206676
25936,0.513037
25937,-2.175360
25938,-1.766663
25939,-1.222887
25940,-0.791463
25941,0.469142
25942,-0.088124
25943,-1.227913
25944,0.801812
25945,-2.029605
25946,-0.677809
25947,0.453106
25948,0.314942
25949,-0.883156
25950,-0.482909
25951,-2.064530
25952,0.336118
25953,0.505636
25954,1.723877
25955,-0.619004
25956,-1.182958
25957,0.028161
25958,-0.207089
25959,-1.356744
25960,0.117864
25961,-1.140337
25962,-0.040046
25963,-1.722761
25964,-0.611041
25965,0.473797
25966,-0.835843
25967,-0.736057
25968,2.016984
25969,0.412454
25970,0.933743
25971,-0.498339
25972,1.183770
25973,0.223745
25974,1.067145
25975,-0.007913
25976,0.194090
25977,1.257207
25978,0.945468
25979,0.995635
25980,0.821411
25981,-1.228805
25982,0.417179
25983,0.732796
25984,-0.558661
25985,0.285148
25986,-0.379465
25987,-0.898050
25988,-0.478290
25989,0.947296
25990,0.555857
25991,-0.541973
25992,-1.349086
25993,-0.056255
25994,0.351243
25995,0.655988
25996,-1.608362
25997,-0.453460
25998,1.400610
25999,0.570066
26000,1.737510
26001,0.916005
26002,-1.260256
26003,-1.401376
26004,0.173807
26005,-0.052589
26006,0.492741
26007,-0.176811
26008,-0.375201
26009,-1.078696
26010,-1.611090
26011,0.099844
26012,-0.118346
26013,-0.635498
26014,-1.909945
26015,-1.298024
26016,-0.879856
26017,0.297671
26018,-0.447028
26019,-0.736886
26020,1.193137
26021,0.773039
26022,0.061787
26023,-0.040003
26024,0.480184
26025,1.308273
26026,1.840330
26027,1.162886
26028,-0.156467
26029,-0.216081
26030,-1.531400
26031,1.055013
26032,0.774666
26033,0.200738
26034,0.616200
26035,-2.412652
26036,-1.324241
26037,-0.487578
26038,-1.324285
26039,-0.357344
26040,1.054518
26041,-0.213091
26042,-0.181476
26043,-1.441095
26044,0.382033
26045,0.755390
26046,0.917417
26047,1.041199
26048,-0.655720
26049,-1.729024
26050,0.626155
26051,1.164776
26052,3.234691
26053,-0.329115
26054,0.243428
26055,0.054210
26056,-1.532361
26057,0.452042
26058,-1.272817
26059,-0.231024
26060,-1.251543
26061,-0.003398
26062,0.427629
26063,1.547852
26064,-0.309950
26065,-0.959604
26066,-0.227533
26067,0.707264
26068,0.356887
26069,0.388961
26070,-1.685946
26071,-1.660920
26072,0.401633
26073,-1.314755
26074,-0.980688
26075,-0.266180
26076,0.060075
26077,0.602611
26078,-0.907486
26079,-0.935484
26080,1.370529
26081,2.597687
26082,1.726643
26083,0.211446
26084,-0.377252
26085,-0.961710
26086,1.991695
26087,1.436528
26088,-0.098860
26089,-0.251713
26090,0.292603
26091,1.171787
26092,0.397384
26093,-2.071891
26094,-0.384703
26095,1.114190
26096,-1.081764
26097,-0.496720
26098,1.007008
26099,-1.301863
26100,0.798689
26101,0.486073
26102,-2.312895
26103,-0.742176
26104,0.518547
26105,-1.172406
26106,-0.728349
26107,0.859454
26108,-0.145078
26109,1.484826
26110,1.538579
26111,2.391014
26112,-0.322808
26113,-0.818988
26114,-2.154757
26115,0.194464
26116,-0.796140
26117,-0.115397
26118,-0.614375
26119,1.362019
26120,0.994939
26121,0.069245
26122,-0.362047
26123,0.720453
26124,0.309536
26125,-0.427767
26126,-0.705421
26127,0.241584
26128,-0.572457
26129,-1.795630
26130,-1.162089
26131,0.351032
26132,-0.503886
26133,0.004879
26134,-0.571525
26135,-0.926637
26136,-0.889737
26137,1.482889
26138,-0.645134
26139,0.195070
26140,-1.144846
26141,-0.224342
26142,1.024822
26143,-0.752150
26144,-1.966060
26145,0.156152
26146,0.454402
26147,-0.124397
26148,-1.255159
26149,1.286418
26150,0.115061
26151,0.941942
26152,-0.171927
26153,-0.684119
26154,-0.168338
26155,0.497173
26156,2.050017
26157,2.965677
26158,1.125033
26159,-0.980727
26160,-2.648209
26161,-1.103210
26162,0.192958
26163,0.057661
26164,0.187820
26165,0.995400
26166,0.978945
26167,-0.695009
26168,-0.345213
26169,0.847289
26170,1.681840
26171,1.953094
26172,0.590637
26173,-0.607407
26174,-0.539958
26175,-0.163778
26176,0.782935
26177,-1.193330
26178,-1.011152
26179,1.463343
26180,0.502338
26181,0.446550
26182,0.174035
26183,0.147006
26184,-0.235801
26185,-0.452867
26186,-0.264309
26187,-1.868670
26188,-1.561305
26189,2.213992
26190,-0.705526
26191,-0.230247
26192,1.211167
26193,0.189539
26194,-0.534574
26195,-1.476806
26196,1.206516
26197,-0.678513
26198,-0.085921
26199,0.488567
26200,0.305657
26201,-0.378009
26202,0.407692
26203,1.024359
26204,-0.559179
26205,0.345497
26206,-0.855293
26207,-0.566736
26208,-1.830407
26209,-0.860304
26210,0.521068
26211,-0.204499
26212,0.386271
26213,0.870413
26214,-1.920546
26215,1.378479
26216,0.347058
26217,0.642783
26218,0.798120
26219,0.141321
26220,0.320049
26221,-0.840437
26222,0.050461
26223,0.975793
26224,0.664982
26225,0.139604
26226,1.034490
26227,-0.128651
26228,0.642845
26229,-1.310161
26230,-1.333677
26231,-0.782150
26232,0.590661
26233,0.001406
26234,1.141306
26235,-0.046526
26236,0.422643
26237,-1.171474
26238,-1.763141
26239,-1.105585
26240,0.701099
26241,-0.044289
26242,0.036321
26243,0.678910
26244,-0.357023
26245,0.514199
26246,-0.637490
26247,-0.959764
26248,-0.903211
26249,2.201011
26250,1.496308
26251,0.707081
26252,0.686314
26253,0.471109
26254,0.747626
26255,0.982528
26256,0.181740
26257,-0.155508
26258,-0.191344
26259,1.424574
26260,-0.809245
26261,0.499473
26262,-0.746977
26263,-0.350136
26264,0.212942
26265,0.059319
26266,-1.082458
26267,1.086408
26268,0.607718
26269,-0.131977
26270,-0.362064
26271,-0.554833
26272,0.578586
26273,1.295631
26274,0.507347
26275,-1.633047
26276,1.684173
26277,1.039573
26278,0.198205
26279,-0.954762
26280,-2.232109
26281,0.319146
26282,-1.597756
26283,0.683542
26284,0.134139
26285,0.224327
26286,0.750886
26287,1.420738
26288,-0.758255
26289,-0.893209
26290,1.079260
26291,-1.390522
26292,-0.474142
26293,-0.601964
26294,-2.163631
26295,1.030873
26296,0.833997
26297,-0.072674
26298,0.764740
26299,-0.060799
26300,0.552175
26301,-0.639938
26302,-1.362565
26303,-1.993788
26304,-1.247202
26305,-0.546743
26306,0.016253
26307,-0.462303
26308,-1.318467
26309,0.046504
26310,-0.719098
26311,-0.761309
26312,-0.864348
26313,-0.443958
26314,-1.526973
26315,0.692684
26316,-0.669007
26317,-0.023966
26318,-3.047291
26319,-2.290154
26320,-0.905459
26321,1.377079
26322,0.633198
26323,0.308559
26324,0.133943
26325,0.755739
26326,2.215192
26327,-0.077258
26328,-0.310817
26329,-1.146096
26330,-0.967883
26331,-2.123296
26332,-0.329975
26333,-1.051852
26334,-0.950904
26335,-0.625779
26336,-0.564807
26337,0.429668
26338,-0.223779
26339,-0.914919
26340,-3.222427
26341,-2.385405
26342,-1.585219
26343,0.014126
26344,-1.694064
26345,-1.719513
26346,0.859243
26347,1.244317
26348,0.008472
26349,-0.085154
26350,1.041077
26351,0.520211
26352,1.925351
26353,1.395474
26354,0.660729
26355,-0.189209
26356,-0.047787
26357,0.754066
26358,0.213719
26359,-0.422579
26360,-0.313748
26361,-0.208551
26362,-1.004903
26363,-1.400780
26364,-0.116251
26365,-1.616272
26366,-0.620422
26367,0.856852
26368,-0.240200
26369,1.126057
26370,0.689924
26371,0.745591
26372,0.701288
26373,0.949635
26374,1.157864
26375,1.791239
26376,1.349903
26377,-0.407545
26378,1.572196
26379,-1.177350
26380,-0.114410
26381,-2.575059
26382,-1.510006
26383,-0.134743
26384,0.006974
26385,0.588046
26386,-1.498796
26387,-0.970084
26388,-0.906892
26389,-0.489069
26390,0.330585
26391,-1.506981
26392,0.356789
26393,-0.056806
26394,-0.424184
26395,0.063945
26396,-0.071140
26397,1.583524
26398,-0.812293
26399,-1.313897
26400,-0.744050
26401,-2.679212
26402,-0.622856
26403,0.238253
26404,-0.855086
26405,0.600509
26406,0.093537
26407,-1.440913
26408,-1.259797
26409,-0.766260
26410,-0.430973
26411,-0.793919
26412,0.466966
26413,-1.432597
26414,0.432083
26415,0.635074
26416,1.536877
26417,-0.323238
26418,-1.368387
26419,-0.221590
26420,0.116183
26421,-0.221841
26422,-0.906927
26423,-0.037561
26424,0.668525
26425,0.848312
26426,-0.445916
26427,-1.519683
26428,-1.339103
26429,-1.462890
26430,0.481464
26431,0.516956
26432,0.654405
26433,0.347832
26434,0.514403
26435,-0.233692
26436,-0.368446
26437,-0.904422
26438,-0.716333
26439,-2.794629
26440,-0.665169
26441,0.844837
26442,1.067893
26443,0.271447
26444,1.020897
26445,1.131091
26446,0.811786
26447,0.815101
26448,0.299056
26449,0.262151
26450,-0.606232
26451,-1.903218
26452,-0.025656
26453,0.060695
26454,-0.949732
26455,-0.348989
26456,0.264735
26457,0.353618
26458,-1.347189
26459,-0.741847
26460,-0.768433
26461,0.385153
26462,-0.766898
26463,1.225015
26464,0.529488
26465,0.730113
26466,-0.184990
26467,0.169603
26468,-0.828413
26469,-0.764624
26470,1.963249
26471,0.964215
26472,-1.278155
26473,1.136554
26474,0.269212
26475,0.803067
26476,1.888497
26477,-0.524736
26478,0.189069
26479,0.857714
26480,0.787676
26481,0.761947
26482,0.422768
26483,1.745917
26484,0.993420
26485,1.183967
26486,-2.219038
26487,-0.676765
26488,0.100819
26489,-0.549847
26490,-1.376062
26491,-0.822014
26492,-1.650234
26493,-2.383042
26494,-1.114307
26495,0.502391
26496,-0.638488
26497,0.057087
26498,0.906817
26499,0.455179
26500,0.140622
26501,-1.066508
26502,-0.309792
26503,-0.914796
26504,-0.694174
26505,0.526472
26506,0.848534
26507,-1.223520
26508,0.736809
26509,-0.067362
26510,-0.027667
26511,0.597615
26512,-0.020001
26513,1.414809
26514,1.003565
26515,-0.048575
26516,-0.412534
26517,-0.249622
26518,1.134256
26519,0.198938
26520,-1.365560
26521,-0.350510
26522,1.237288
26523,1.567672
26524,0.006265
26525,2.169671
26526,-0.298697
26527,0.988490
26528,0.053361
26529,0.525426
26530,-1.219779
26531,0.931021
26532,-1.513711
26533,-0.892214
26534,-0.554418
26535,1.224081
26536,0.056096
26537,0.464622
26538,-0.706819
26539,-0.303087
26540,0.232796
26541,0.988075
26542,-1.012269
26543,-1.031526
26544,0.718424
26545,-1.965963
26546,0.481140
26547,1.173290
26548,0.752650
26549,-0.119703
26550,-0.056598
26551,1.140767
26552,1.187109
26553,0.128539
26554,1.204156
26555,1.209950
26556,-1.187680
26557,0.048541
26558,1.017315
26559,1.031983
26560,-0.339425
26561,-0.277330
26562,-0.283877
26563,-0.693277
26564,-0.001774
26565,0.903741
26566,1.818929
26567,0.746539
26568,0.930968
26569,-1.435058
26570,-0.336955
26571,-1.098029
26572,0.969367
26573,-1.318193
26574,-1.237900
26575,-0.188789
26576,0.606598
26577,0.790844
26578,-0.169116
26579,1.890738
26580,-0.613085
26581,0.841035
26582,0.190182
26583,0.319289
26584,0.731062
26585,2.011251
26586,1.286571
26587,1.199050
26588,0.033714
26589,0.447706
26590,0.748651
26591,0.639369
26592,-0.731572
26593,-0.224147
26594,0.402151
26595,0.037079
26596,0.906754
26597,0.070349
26598,-0.238278
26599,-0.474084
26600,0.928506
26601,0.137496
26602,0.338641
26603,-1.973093
26604,-2.035520
26605,-1.293682
26606,-0.344844
26607,-0.048386
26608,0.766172
26609,0.859760
26610,2.871522
26611,1.823111
26612,0.020500
26613,-0.068695
26614,0.374412
26615,-1.191871
26616,-0.016874
26617,-1.109418
26618,-1.086094
26619,0.613172
26620,-1.099724
26621,-1.650683
26622,0.066828
26623,0.961142
26624,-1.278349
26625,-2.171462
26626,-2.329623
26627,-1.779689
26628,0.166635
26629,1.711695
26630,1.452414
26631,-0.054687
26632,0.354826
26633,0.076255
26634,-0.267265
26635,0.501479
26636,2.525245
26637,-0.033022
26638,0.037005
26639,1.167211
26640,2.292019
26641,2.639700
26642,-1.197432
26643,-0.992627
26644,-0.409816
26645,0.137560
26646,-1.476186
26647,-0.539906
26648,-0.909213
26649,0.508162
26650,1.548560
26651,0.651395
26652,0.278454
26653,-1.427859
26654,-0.311813
26655,1.794394
26656,0.972114
26657,-0.288251
26658,0.322479
26659,-0.079654
26660,1.606720
26661,-0.707318
26662,-0.604566
26663,0.394264
26664,0.410679
26665,-0.093533
26666,-0.025266
26667,1.132656
26668,-1.109889
26669,-0.177057
26670,0.903010
26671,0.357980
26672,-0.010314
26673,0.389547
26674,-1.391284
26675,-1.252781
26676,-0.343988
26677,1.077328
26678,-0.097211
26679,-0.179207
26680,0.258450
26681,-1.530776
26682,-1.454094
26683,-0.990067
26684,-0.553674
26685,1.461559
26686,0.632801
26687,1.242599
26688,-0.770520
26689,-0.378370
26690,-0.134823
26691,-0.926487
26692,-0.504036
26693,-0.608639
26694,-0.197491
26695,-1.857365
26696,-1.440947
26697,-1.897295
26698,-1.509183
26699,1.011358
26700,0.779952
26701,0.328595
26702,-0.179921
26703,0.744781
26704,0.812890
26705,-0.501339
26706,-0.124750
26707,-0.770386
26708,-1.091260
26709,-0.364211
26710,-1.475221
26711,-2.077826
26712,-1.581939
26713,-0.168353
26714,-0.181351
26715,-1.427274
26716,0.347212
26717,-0.501572
26718,0.957787
26719,0.683156
26720,1.167882
26721,0.687747
26722,-0.160810
26723,0.332503
26724,-0.435338
26725,-0.757829
26726,-0.113921
26727,0.661993
26728,0.543131
26729,-0.875276
26730,-0.512157
26731,0.069735
26732,-0.252027
26733,-1.538831
26734,-0.382066
26735,0.329548
26736,-0.290931
26737,0.400731
26738,-1.124601
26739,-1.550767
26740,0.086054
26741,-0.818323
26742,1.166265
26743,0.125839
26744,0.301490
26745,0.146907
26746,0.481341
26747,0.384005
26748,-0.981378
26749,0.812187
26750,0.000110
26751,-0.725379
26752,0.134031
26753,-1.005775
26754,-1.715523
26755,-1.164140
26756,0.471066
26757,-1.047131
26758,-1.163083
26759,-0.909431
26760,0.516252
26761,1.621159
26762,0.189074
26763,0.590041
26764,-0.426314
26765,-0.738100
26766,-0.110590
26767,-3.013498
26768,-1.196595
26769,0.980325
26770,0.010031
26771,-0.555404
26772,-1.774379
26773,-0.026765
26774,1.370200
26775,1.496435
26776,0.339811
26777,0.618441
26778,-0.253005
26779,-0.503978
26780,-1.811647
26781,1.261167
26782,-1.206723
26783,1.477970
26784,-1.175160
26785,0.732962
26786,1.004814
26787,-1.966519
26788,0.286564
26789,2.589975
26790,1.023825
26791,-0.016511
26792,0.655683
26793,-1.093603
26794,-1.330887
26795,0.762677
26796,-0.321899
26797,1.866996
26798,-0.318601
26799,0.928545
26800,0.745845
26801,0.795291
26802,0.258903
26803,-1.785520
26804,-2.395055
26805,-0.966114
26806,-0.577748
26807,-0.672028
26808,0.384159
26809,-0.355471
26810,-1.334535
26811,-2.216591
26812,0.541730
26813,-0.863514
26814,0.273828
26815,-1.630241
26816,-2.003622
26817,-2.255160
26818,-0.487814
26819,0.979277
26820,-0.678615
26821,-0.675136
26822,0.008635
26823,1.211667
26824,1.048032
26825,0.359998
26826,3.201222
26827,-1.129438
26828,0.396860
26829,-0.778327
26830,-1.071334
26831,-0.161737
26832,0.417772
26833,-0.960049
26834,-1.051214
26835,-1.147066
26836,0.907572
26837,-1.828744
26838,0.705809
26839,-0.178312
26840,0.915314
26841,0.079731
26842,0.014189
26843,0.300638
26844,-0.816045
26845,0.250973
26846,-0.683066
26847,-0.313701
26848,0.397582
26849,-0.430389
26850,-1.666575
26851,-0.879489
26852,-0.818967
26853,-0.677071
26854,0.178487
26855,1.003305
26856,0.260117
26857,-0.553111
26858,-0.504740
26859,0.922565
26860,1.573280
26861,-2.122629
26862,-1.591755
26863,0.386250
26864,0.029960
26865,-0.581667
26866,0.107717
26867,0.173839
26868,-0.437355
26869,0.966358
26870,1.223845
26871,0.547318
26872,-0.337418
26873,-0.589246
26874,-0.468244
26875,0.464819
26876,1.202943
26877,-0.918430
26878,-0.441067
26879,-0.254654
26880,-1.867325
26881,-0.855222
26882,-0.976732
26883,-0.184969
26884,2.129137
26885,0.990317
26886,-0.345403
26887,0.147718
26888,-0.525275
26889,-1.044339
26890,2.293076
26891,1.742135
26892,0.634838
26893,-0.888750
26894,-0.550453
26895,0.065982
26896,1.774256
26897,-0.109085
26898,0.152711
26899,-0.513957
26900,-0.173199
26901,-0.402460
26902,-0.838118
26903,-0.190669
26904,-0.770471
26905,0.116284
26906,-0.820434
26907,-0.937034
26908,1.358107
26909,0.050261
26910,0.226388
26911,-0.122430
26912,0.065181
26913,-0.460510
26914,-1.184796
26915,-1.732672
26916,-1.876014
26917,-1.789215
26918,0.095880
26919,2.140966
26920,0.868869
26921,-1.095799
26922,-0.912558
26923,-1.627051
26924,0.091148
26925,0.214529
26926,-1.375103
26927,-0.650813
26928,-1.112009
26929,-0.258348
26930,0.876903
26931,0.490759
26932,-1.326334
26933,-0.954422
26934,-0.484635
26935,-2.342996
26936,0.609410
26937,0.230797
26938,-1.231366
26939,0.377233
26940,0.775209
26941,0.638427
26942,0.519368
26943,1.049065
26944,0.642834
26945,1.204998
26946,1.225380
26947,0.277631
26948,0.370169
26949,1.362422
26950,0.538371
26951,-0.577892
26952,-1.327245
26953,-1.877310
26954,-2.287144
26955,-0.261793
26956,-0.838982
26957,-0.411930
26958,-1.359127
26959,-1.086291
26960,-0.810137
26961,-1.447731
26962,0.141867
26963,-0.558305
26964,-0.493787
26965,-1.545157
26966,-0.982069
26967,0.211192
26968,0.904995
26969,-0.949804
26970,-2.146370
26971,-1.116180
26972,-2.037123
26973,0.407190
26974,-1.256667
26975,0.735304
26976,0.083410
26977,-0.975129
26978,-0.525013
26979,0.547290
26980,-0.106934
26981,0.412369
26982,2.483563
26983,1.326594
26984,-0.836176
26985,1.938632
26986,-1.306044
26987,0.703746
26988,0.922469
26989,0.995825
26990,0.182172
26991,0.292432
26992,1.443687
26993,0.257707
26994,1.096691
26995,-1.130636
26996,0.545671
26997,-1.118515
26998,1.121256
26999,0.142419
27000,0.032436
27001,0.228349
27002,-0.398556
27003,-1.162811
27004,-1.208977
27005,0.348703
27006,-0.681944
27007,1.316749
27008,0.652156
27009,-0.350169
27010,-1.069034
27011,-0.358920
27012,0.430780
27013,-0.647532
27014,-0.128041
27015,0.199681
27016,0.291559
27017,-0.344899
27018,0.404842
27019,-0.091346
27020,-1.423776
27021,-1.258633
27022,1.184337
27023,0.503836
27024,-0.164917
27025,0.303526
27026,-0.203699
27027,-0.971738
27028,-0.671809
27029,-0.639661
27030,0.698015
27031,-1.796320
27032,-1.308680
27033,-2.052013
27034,-1.059014
27035,1.779172
27036,2.239864
27037,0.389948
27038,-0.702203
27039,-0.811945
27040,1.667995
27041,0.062627
27042,1.302588
27043,2.087177
27044,1.056940
27045,1.071481
27046,0.443329
27047,-0.539524
27048,0.717819
27049,-0.640342
27050,-1.415807
27051,-0.141000
27052,-0.183678
27053,0.460773
27054,-0.140697
27055,-1.349791
27056,-1.409786
27057,0.989189
27058,0.802423
27059,0.793125
27060,0.252883
27061,-0.213207
27062,0.096446
27063,-1.838748
27064,-0.490720
27065,-0.363977
27066,-0.270791
27067,0.928290
27068,1.969435
27069,-0.035905
27070,-2.140910
27071,-0.173728
27072,0.516491
27073,-1.159149
27074,-0.886950
27075,-0.122128
27076,-0.850597
27077,-0.475396
27078,-0.604482
27079,0.825924
27080,-0.431289
27081,-1.217882
27082,-0.244103
27083,-1.608788
27084,-1.993220
27085,-1.796546
27086,-0.066953
27087,-1.316858
27088,1.101277
27089,-0.267368
27090,1.086836
27091,0.264566
27092,0.371817
27093,1.026898
27094,-1.075881
27095,-0.927736
27096,-0.343368
27097,-0.292474
27098,1.172025
27099,1.746966
27100,0.094747
27101,0.076043
27102,0.282716
27103,0.077969
27104,-0.511902
27105,1.522049
27106,-0.287312
27107,0.377843
27108,-0.440704
27109,-0.256802
27110,0.988419
27111,-0.260951
27112,-0.763968
27113,-0.451638
27114,-0.621320
27115,0.951391
27116,-0.103780
27117,0.164270
27118,-0.655293
27119,-1.902448
27120,0.101818
27121,-0.354164
27122,0.492046
27123,-1.604311
27124,-0.819421
27125,-0.533111
27126,0.024209
27127,-0.665253
27128,-0.774288
27129,-0.840753
27130,-0.357905
27131,0.458457
27132,-0.631532
27133,-0.966995
27134,-0.223386
27135,-0.443984
27136,-0.589351
27137,-0.900994
27138,0.347403
27139,-1.209943
27140,-1.128562
27141,-2.296109
27142,-0.401927
27143,0.978857
27144,0.745791
27145,2.972911
27146,-0.012121
27147,-0.745279
27148,-1.174032
27149,-1.644806
27150,1.172629
27151,-0.296173
27152,1.204302
27153,0.432347
27154,0.009534
27155,1.384485
27156,2.379172
27157,0.624761
27158,0.954711
27159,0.341743
27160,-0.854000
27161,0.415728
27162,-0.646758
27163,0.126152
27164,-1.324509
27165,-1.583729
27166,0.268642
27167,-0.742998
27168,0.312940
27169,0.142845
27170,-0.809634
27171,-0.342356
27172,-0.434562
27173,-0.178530
27174,-0.600241
27175,-0.520468
27176,-1.763853
27177,0.608855
27178,0.102991
27179,-0.130868
27180,0.705657
27181,1.906391
27182,0.917112
27183,1.444365
27184,-0.308677
27185,1.259728
27186,0.762111
27187,1.850208
27188,0.450561
27189,-1.881402
27190,0.022289
27191,-0.277201
27192,-0.421854
27193,-0.134437
27194,-0.864254
27195,0.452997
27196,-0.364171
27197,1.249322
27198,0.532569
27199,-1.533762
27200,-0.265593
27201,-0.452378
27202,-0.797424
27203,-1.185878
27204,1.170433
27205,0.552914
27206,-1.588707
27207,0.094385
27208,-0.498051
27209,-0.946691
27210,-2.117012
27211,-1.091650
27212,0.790070
27213,1.842363
27214,1.014030
27215,0.537893
27216,0.365409
27217,0.360212
27218,-0.654662
27219,0.023972
27220,-1.064761
27221,-0.429753
27222,-0.612208
27223,-0.504605
27224,-0.334768
27225,-0.431704
27226,-1.850800
27227,-2.097770
27228,0.424528
27229,-0.925080
27230,-0.519394
27231,0.827811
27232,1.203260
27233,-0.660820
27234,0.010117
27235,1.621187
27236,0.134673
27237,-0.699844
27238,0.836835
27239,-1.044021
27240,0.579897
27241,0.877979
27242,0.544061
27243,-1.515291
27244,-1.077766
27245,0.272161
27246,0.668086
27247,0.932806
27248,0.686552
27249,-1.495749
27250,1.172963
27251,-0.461879
27252,0.793161
27253,-0.582324
27254,0.646668
27255,-0.141773
27256,-0.302490
27257,1.361563
27258,0.461974
27259,-0.137436
27260,1.272986
27261,1.437315
27262,1.655499
27263,2.139045
27264,-0.963734
27265,-0.356869
27266,0.319915
27267,0.575687
27268,-0.855545
27269,-1.412795
27270,-1.090440
27271,-0.549264
27272,0.205496
27273,-0.086952
27274,0.645670
27275,-0.886393
27276,-0.791964
27277,-0.657163
27278,-0.716922
27279,0.341938
27280,0.226291
27281,-0.664508
27282,1.154866
27283,-0.373382
27284,-1.389295
27285,1.046631
27286,1.101523
27287,-0.261836
27288,1.730846
27289,1.041876
27290,0.010454
27291,0.149461
27292,-0.075329
27293,-0.507551
27294,-0.389768
27295,-0.313220
27296,0.130584
27297,-0.431171
27298,-0.710690
27299,0.736872
27300,0.412224
27301,-0.580570
27302,-1.769360
27303,0.224667
27304,0.555797
27305,-0.385086
27306,-0.029671
27307,0.199921
27308,1.377447
27309,0.860120
27310,1.415934
27311,0.076028
27312,2.429063
27313,1.821704
27314,0.435512
27315,0.928217
27316,-1.936403
27317,-0.011168
27318,1.416350
27319,2.605783
27320,1.822040
27321,1.434776
27322,-0.752461
27323,-1.147319
27324,0.047266
27325,0.145072
27326,-0.003913
27327,-0.804609
27328,-1.580487
27329,-1.692510
27330,0.501884
27331,1.035737
27332,1.222182
27333,1.502905
27334,1.070471
27335,0.608788
27336,-0.832786
27337,-0.872745
27338,2.094888
27339,0.141551
27340,-1.054066
27341,1.163878
27342,1.645915
27343,0.937122
27344,1.023795
27345,0.422317
27346,-0.191095
27347,0.137376
27348,-1.742712
27349,-0.517499
27350,2.128682
27351,0.072060
27352,-0.284886
27353,0.472583
27354,1.107991
27355,1.083579
27356,-0.223516
27357,1.851305
27358,2.547770
27359,-1.914551
27360,0.498622
27361,0.412880
27362,-1.086274
27363,-1.478797
27364,-2.959050
27365,-1.671099
27366,-0.430050
27367,-1.131609
27368,-0.612457
27369,0.902186
27370,0.960669
27371,0.382818
27372,-0.105220
27373,1.185901
27374,0.967460
27375,0.054845
27376,0.182460
27377,0.926728
27378,0.666298
27379,1.203708
27380,-0.944784
27381,0.097022
27382,-0.264554
27383,-0.157191
27384,-0.334653
27385,0.518547
27386,-1.489322
27387,0.440532
27388,-0.411731
27389,-0.323717
27390,0.030159
27391,0.196174
27392,0.786248
27393,0.780905
27394,0.481360
27395,0.247299
27396,-0.368414
27397,-0.918060
27398,-0.241531
27399,0.071876
27400,-0.997294
27401,0.458008
27402,0.755380
27403,-0.810236
27404,-0.254306
27405,-1.356859
27406,-1.126786
