# fname = f009187.csv
#  num_bckg events = 24
#  num_sig events = 2
# 0: class: 0, dur: 220 start: 1, stop = 220
# 1: class: 0, dur: 376 start: 221, stop = 596
# 2: class: 0, dur: 230 start: 597, stop = 826
# 3: class: 0, dur: 373 start: 827, stop = 1199
# 4: class: 0, dur: 221 start: 1200, stop = 1420
# 5: class: 0, dur: 380 start: 1421, stop = 1800
# 6: class: 0, dur: 363 start: 1801, stop = 2163
# 7: class: 0, dur: 440 start: 2164, stop = 2603
# 8: class: 0, dur: 277 start: 2604, stop = 2880
# 9: class: 0, dur: 270 start: 2881, stop = 3150
# 10: class: 0, dur: 369 start: 3151, stop = 3519
# 11: class: 0, dur: 186 start: 3520, stop = 3705
# 12: class: 0, dur: 426 start: 3706, stop = 4131
# 13: class: 2, dur: 223 start: 4132, stop = 4354
# 14: class: 1, dur: 429 start: 4355, stop = 4783
# 15: class: 0, dur: 30 start: 4784, stop = 4813
# 16: class: 0, dur: 234 start: 4814, stop = 5047
# 17: class: 0, dur: 91 start: 5048, stop = 5138
# 18: class: 0, dur: 391 start: 5139, stop = 5529
# 19: class: 0, dur: 365 start: 5530, stop = 5894
# 20: class: 0, dur: 413 start: 5895, stop = 6307
# 21: class: 0, dur: 383 start: 6308, stop = 6690
# 22: class: 0, dur: 211 start: 6691, stop = 6901
# 23: class: 0, dur: 272 start: 6902, stop = 7173
# 24: class: 0, dur: 274 start: 7174, stop = 7447
# 25: class: 0, dur: 95 start: 7448, stop = 7542
#------------
1,-0.234996
2,0.403050
3,-0.187776
4,-0.512317
5,-0.139379
6,-0.474437
7,0.293062
8,0.082950
9,1.114929
10,0.311079
11,-0.441709
12,1.187496
13,0.603250
14,0.287925
15,-1.039753
16,-0.220633
17,-0.724250
18,0.889611
19,-0.707531
20,1.110218
21,0.263850
22,0.479856
23,0.607222
24,-0.396420
25,-0.370321
26,0.254704
27,-0.626173
28,-1.639504
29,-1.022637
30,-0.179815
31,-1.326116
32,0.018488
33,0.499696
34,-0.343199
35,-2.572275
36,-2.543274
37,-0.090116
38,-0.311984
39,-0.159267
40,0.343026
41,-0.087736
42,-0.422327
43,-0.755390
44,1.380759
45,-0.687275
46,0.067227
47,0.913978
48,-0.122622
49,0.753504
50,0.594674
51,-1.729637
52,-0.524248
53,-0.098495
54,0.504650
55,0.921943
56,-1.160182
57,-1.163388
58,0.078806
59,-0.286341
60,-0.075631
61,0.847051
62,0.902315
63,-0.475790
64,2.413903
65,1.779854
66,-0.007372
67,2.533420
68,-0.249455
69,0.430283
70,-2.220925
71,-1.388229
72,-1.749273
73,-1.602545
74,-1.347406
75,-1.927736
76,-0.026188
77,0.479998
78,0.136621
79,-0.570431
80,-0.711501
81,1.104484
82,1.744380
83,1.771887
84,-0.467078
85,-1.091707
86,0.336986
87,-1.209616
88,0.079543
89,1.481432
90,0.469810
91,1.720203
92,-0.479815
93,-1.128630
94,-0.301965
95,-1.221574
96,-1.894951
97,-0.689611
98,1.068342
99,-0.240452
100,0.008111
101,0.050620
102,0.507218
103,-1.341803
104,-0.377970
105,0.788879
106,-0.398868
107,2.298678
108,1.978394
109,1.520503
110,0.571926
111,-1.436824
112,0.575035
113,-0.378785
114,-0.740154
115,-1.216375
116,-0.061498
117,1.127292
118,2.099584
119,-0.057365
120,0.014380
121,0.556280
122,-0.591035
123,-0.000133
124,-0.697002
125,-1.815032
126,-0.221754
127,1.322796
128,-0.128945
129,0.655766
130,0.465408
131,0.417622
132,-0.141069
133,0.361735
134,-0.913972
135,-0.309866
136,0.569557
137,-1.596280
138,-1.320653
139,1.008607
140,-0.397073
141,-0.466141
142,-1.280912
143,-0.723051
144,-0.597597
145,-1.120500
146,-0.790901
147,-0.552694
148,-0.109471
149,-0.433789
150,-0.005573
151,-0.565658
152,-0.547640
153,-0.874600
154,-1.384863
155,-1.292270
156,-1.166708
157,-1.235234
158,-1.734111
159,-0.883551
160,0.458632
161,-0.389777
162,0.028194
163,-0.482818
164,-1.807793
165,0.791250
166,1.209726
167,2.008093
168,-0.205261
169,1.681976
170,-1.544816
171,-1.178563
172,-0.937638
173,-0.239870
174,-0.447351
175,0.474198
176,0.670669
177,0.364361
178,1.176841
179,-0.415485
180,-0.220656
181,-0.275385
182,0.299251
183,0.719670
184,0.656547
185,0.589249
186,-0.241201
187,-0.482895
188,1.185347
189,1.073149
190,0.831749
191,1.660034
192,0.518015
193,-0.747814
194,0.438574
195,1.567934
196,-0.214128
197,-1.087161
198,0.189752
199,1.046516
200,1.482881
201,2.107157
202,1.948019
203,0.179613
204,1.001009
205,1.834021
206,1.080271
207,0.323381
208,-0.067076
209,-0.751026
210,-2.111884
211,-1.151428
212,0.616225
213,-0.106641
214,0.721233
215,-1.059908
216,0.160596
217,1.378310
218,1.914255
219,0.112956
220,0.679317
221,0.138891
222,-0.184883
223,-0.746689
224,-2.176234
225,-0.184883
226,0.246751
227,-0.178411
228,-0.752720
229,2.344397
230,1.258042
231,-0.252175
232,0.376274
233,1.237560
234,-1.193989
235,-2.520150
236,-1.830296
237,0.998427
238,0.098445
239,-0.034091
240,-0.385660
241,0.387136
242,-1.512966
243,0.551359
244,-1.085339
245,-0.328661
246,1.477960
247,0.709389
248,-0.049657
249,0.747744
250,-0.932923
251,-0.904780
252,-0.044006
253,-1.392315
254,-1.776641
255,-0.086023
256,-0.282749
257,0.077587
258,0.786850
259,-0.871146
260,-0.298019
261,0.804951
262,-0.470372
263,-0.253452
264,-1.526600
265,-0.580671
266,-0.496278
267,-0.212032
268,0.688386
269,0.469776
270,-0.072798
271,-0.278721
272,0.580069
273,-1.484214
274,0.981923
275,0.625047
276,-0.229887
277,0.276174
278,-0.451779
279,-0.243964
280,0.153429
281,-1.435012
282,-1.091965
283,-1.380001
284,-0.995662
285,0.662712
286,-0.068600
287,-0.684824
288,-0.586456
289,0.630662
290,-0.863602
291,-2.415171
292,-1.877250
293,0.261454
294,-1.155411
295,-0.565570
296,-1.569705
297,-0.075043
298,0.491142
299,1.060157
300,-0.186079
301,0.724471
302,-2.890835
303,-2.105769
304,0.740481
305,0.509174
306,0.001091
307,-0.275902
308,-0.251684
309,1.847103
310,-1.429727
311,-0.085514
312,-0.937809
313,1.561258
314,0.921316
315,-0.973198
316,-0.753280
317,-1.457519
318,0.226807
319,-0.557554
320,-1.249378
321,0.712804
322,-0.901351
323,1.250200
324,0.982141
325,0.147996
326,0.228407
327,1.178737
328,-0.706468
329,0.328553
330,1.809740
331,0.316112
332,-0.237665
333,-0.612522
334,-0.023612
335,-2.554487
336,-1.013564
337,-0.967211
338,-1.040486
339,-2.344148
340,1.157135
341,1.140422
342,0.168367
343,0.332820
344,0.163226
345,0.756786
346,-0.662125
347,1.915068
348,-1.174345
349,-0.300217
350,0.660520
351,-0.249767
352,0.396361
353,1.067940
354,0.115340
355,1.067469
356,1.121108
357,1.405513
358,1.193251
359,-1.178132
360,-2.013502
361,-0.149267
362,1.244438
363,1.502841
364,0.067556
365,0.643863
366,-0.751688
367,-0.024523
368,1.623209
369,1.167803
370,-0.710584
371,-2.062827
372,2.181343
373,0.728795
374,-0.352773
375,0.581662
376,1.603372
377,0.466345
378,1.017461
379,-1.161848
380,-0.604400
381,-0.963733
382,-0.254230
383,0.688101
384,1.284784
385,-0.429239
386,0.035287
387,1.911948
388,-1.094336
389,-1.102632
390,1.302225
391,-0.523647
392,-0.847014
393,-0.588235
394,-0.467171
395,-0.445045
396,1.402514
397,1.029464
398,0.292750
399,-0.159431
400,-1.818880
401,-0.883835
402,-0.346405
403,0.151423
404,-0.346681
405,1.004084
406,-1.120428
407,0.768540
408,0.817417
409,-1.890004
410,0.133087
411,-0.895449
412,0.564748
413,1.388349
414,0.233441
415,-0.996761
416,0.778858
417,0.049760
418,-1.403114
419,-1.437804
420,-0.675317
421,-0.227470
422,-2.109936
423,0.284526
424,0.418529
425,-1.579424
426,-0.409620
427,-0.932404
428,-0.018085
429,0.368868
430,-0.710442
431,-0.222990
432,1.973933
433,0.232073
434,-0.330769
435,-0.503441
436,1.406811
437,-0.895275
438,-1.577209
439,-0.566559
440,-1.424209
441,-3.003091
442,-0.785456
443,-1.293077
444,-1.450409
445,-0.636822
446,-0.602109
447,0.729443
448,0.840520
449,-0.601062
450,0.147582
451,0.309483
452,-0.724238
453,0.127874
454,0.136095
455,-0.397912
456,0.758792
457,1.679354
458,0.127661
459,0.256443
460,0.358543
461,0.302975
462,0.574576
463,1.611526
464,-1.041506
465,-0.746236
466,-0.817790
467,-0.531133
468,0.827620
469,-0.381901
470,0.490193
471,-0.336806
472,1.618191
473,0.625213
474,-0.837191
475,-2.747259
476,-0.573781
477,-1.928698
478,1.401902
479,1.868577
480,0.818168
481,0.138729
482,-0.133449
483,0.532889
484,-0.514336
485,-0.639855
486,0.900777
487,0.017692
488,-0.704821
489,-0.223485
490,1.068782
491,-1.319954
492,-0.814061
493,-0.225387
494,-0.006596
495,0.041857
496,1.913708
497,2.067479
498,0.718489
499,0.150139
500,-0.022434
501,-0.705039
502,-1.682684
503,-2.106542
504,-0.492647
505,0.054410
506,1.245503
507,-0.265666
508,-0.759710
509,0.469143
510,0.714678
511,1.731162
512,-0.213340
513,-1.619828
514,-1.040745
515,0.788992
516,-1.163416
517,-0.090806
518,0.165170
519,-1.491402
520,0.171556
521,0.028785
522,1.429323
523,-0.778315
524,0.234486
525,-0.787077
526,2.136838
527,0.232874
528,-0.797946
529,-0.202446
530,0.171540
531,0.620233
532,1.022950
533,-1.399045
534,-0.629330
535,0.198178
536,0.615214
537,0.339267
538,-0.417914
539,-0.988344
540,0.858990
541,-0.131562
542,-0.422615
543,0.602034
544,-0.438339
545,0.921543
546,0.963097
547,-0.303182
548,0.894532
549,-0.929843
550,-1.957072
551,-1.243680
552,0.048343
553,-0.819158
554,0.297694
555,2.080036
556,1.544301
557,2.574968
558,2.407110
559,1.621840
560,-0.246495
561,-0.747193
562,1.000573
563,1.909514
564,-0.450031
565,-0.210231
566,-0.722033
567,-1.165208
568,0.480010
569,0.182996
570,0.912135
571,-0.720055
572,-1.184001
573,0.243492
574,-1.188052
575,-0.561522
576,-1.876229
577,0.700145
578,-0.962110
579,-0.821962
580,0.732354
581,1.297538
582,-0.838525
583,1.010541
584,1.076271
585,1.456273
586,0.411990
587,0.903517
588,-1.054677
589,0.542351
590,-1.492152
591,-0.308990
592,1.580359
593,1.714087
594,-0.945554
595,0.210269
596,1.209007
597,0.738514
598,-1.453589
599,0.670802
600,1.612530
601,-0.696404
602,-0.177252
603,-1.006896
604,-0.836666
605,0.451441
606,-0.943227
607,0.487155
608,-0.424783
609,-0.666578
610,-1.069278
611,-0.678455
612,0.531241
613,-0.314037
614,1.614273
615,1.159109
616,-0.704845
617,0.032306
618,-0.715947
619,0.701598
620,-0.575490
621,-0.623950
622,-0.838418
623,-0.466773
624,-1.014614
625,0.773689
626,1.186813
627,-1.345179
628,0.275094
629,-0.603334
630,-0.099144
631,-1.083045
632,-0.681858
633,0.110582
634,-0.196223
635,0.887025
636,-1.741606
637,-0.301978
638,-2.057301
639,-1.106679
640,0.216259
641,-0.275343
642,0.367426
643,-0.294241
644,0.500413
645,-0.103705
646,0.840845
647,-0.429127
648,0.363101
649,-2.132145
650,0.931369
651,1.437079
652,1.542576
653,-0.411757
654,-1.378427
655,-1.886945
656,-0.681592
657,-1.548205
658,-1.944419
659,-0.258570
660,0.613076
661,-1.392091
662,-0.470834
663,-1.724431
664,-2.233192
665,-1.005761
666,-0.614471
667,1.063223
668,-0.874566
669,-1.264902
670,-1.041095
671,-0.352078
672,0.330959
673,-0.350230
674,0.195588
675,-0.908573
676,-0.674089
677,-0.397470
678,-0.134878
679,1.165260
680,0.776261
681,-1.115175
682,0.494056
683,2.737114
684,0.934892
685,-2.943273
686,0.311036
687,-0.295449
688,-2.142240
689,-2.455064
690,-3.051454
691,-1.189224
692,0.593631
693,-0.573837
694,0.162702
695,-2.156774
696,0.738366
697,-0.036257
698,-0.483826
699,-0.150685
700,-1.078663
701,-0.754595
702,-0.353072
703,1.213746
704,-0.933842
705,-0.479082
706,-0.929769
707,0.486178
708,0.116105
709,0.741316
710,0.926648
711,-0.498716
712,1.701568
713,1.674540
714,1.212326
715,0.162995
716,0.038174
717,0.601793
718,-0.639306
719,-0.070052
720,-0.591830
721,-0.753694
722,0.180721
723,0.282088
724,-0.056242
725,-0.500350
726,-0.598723
727,0.081745
728,-0.145122
729,1.008814
730,0.971882
731,-1.256735
732,0.080335
733,-0.225727
734,0.436878
735,0.259031
736,0.418850
737,0.993399
738,1.175910
739,1.654960
740,-2.410111
741,0.031779
742,1.138636
743,0.705508
744,-0.963612
745,-0.699872
746,-0.102495
747,0.553388
748,1.105817
749,-1.107857
750,1.578717
751,-0.043962
752,-0.523093
753,-0.924758
754,-1.320564
755,-1.511614
756,-0.495924
757,0.198875
758,-0.673100
759,-0.989135
760,1.043034
761,-0.197962
762,-0.730332
763,0.079171
764,0.128469
765,2.245095
766,1.483467
767,-0.442170
768,-1.490328
769,-1.644107
770,-1.429418
771,0.361298
772,1.161325
773,1.240426
774,0.005504
775,0.441039
776,0.200863
777,2.054514
778,-0.929465
779,-1.414420
780,-0.500415
781,0.548937
782,0.948365
783,0.846744
784,-1.037773
785,-1.043365
786,-0.162087
787,-1.794213
788,-1.188297
789,-0.597135
790,0.533611
791,0.671869
792,-0.323644
793,0.895849
794,-1.383737
795,0.605180
796,-2.073434
797,0.545024
798,-0.840210
799,0.106115
800,-1.627394
801,-1.610529
802,-1.225247
803,-1.461752
804,-0.232385
805,0.505420
806,0.841164
807,1.008716
808,-0.467201
809,-0.490305
810,-0.665584
811,-1.878222
812,-0.096158
813,-1.633574
814,0.349203
815,-0.324323
816,0.082771
817,1.902334
818,0.459317
819,1.145231
820,-0.501905
821,0.631640
822,0.093159
823,0.436812
824,-1.574859
825,-0.439600
826,2.093550
827,0.882422
828,1.426358
829,0.688806
830,1.044545
831,-0.904696
832,-1.407168
833,0.604391
834,0.687215
835,-0.612634
836,0.738368
837,1.139721
838,-2.689888
839,-0.642662
840,-0.398416
841,2.433908
842,2.514443
843,0.448561
844,-0.058016
845,1.391952
846,-0.473520
847,0.128090
848,1.556855
849,0.369695
850,0.303313
851,-1.100020
852,-0.893277
853,-0.986654
854,-0.161732
855,-0.974078
856,0.341147
857,0.417865
858,-0.745053
859,-2.388831
860,-0.372776
861,-0.445937
862,-1.255899
863,-0.482030
864,-1.329764
865,-2.087650
866,1.587186
867,0.574487
868,0.829090
869,0.188220
870,-1.163549
871,0.206720
872,1.554417
873,0.357576
874,-0.661438
875,0.503974
876,0.690814
877,0.601283
878,0.846229
879,0.781541
880,-0.610746
881,0.423148
882,0.657468
883,-0.145841
884,0.051495
885,0.163830
886,0.114777
887,0.208103
888,-0.111785
889,-0.317556
890,0.741544
891,0.004544
892,1.209597
893,-0.357049
894,0.094823
895,0.230389
896,-0.750042
897,0.095355
898,-1.932189
899,0.338072
900,1.485810
901,-0.137811
902,0.118172
903,-1.430108
904,-0.224590
905,-1.567310
906,-1.344389
907,-0.643621
908,-0.827674
909,-0.654359
910,0.123661
911,0.626555
912,-0.540931
913,-0.610400
914,-0.838441
915,0.558157
916,-0.712534
917,-1.554750
918,1.079407
919,0.029767
920,0.843568
921,2.346275
922,0.270036
923,-0.386562
924,0.176805
925,0.018760
926,-1.346162
927,-1.327869
928,-1.202731
929,-0.455406
930,0.193764
931,0.159165
932,-1.553156
933,0.184786
934,0.497320
935,-0.148129
936,-1.121398
937,-0.131229
938,1.417072
939,-0.538471
940,-0.220513
941,-0.765904
942,0.972512
943,1.585153
944,0.202436
945,-0.153189
946,0.422722
947,-0.846807
948,0.339573
949,1.667419
950,-1.154433
951,-0.647248
952,-0.336212
953,0.109003
954,-1.284848
955,0.169568
956,3.017747
957,0.810038
958,1.852135
959,2.329010
960,-1.003666
961,-1.217996
962,0.287102
963,-0.246849
964,0.655774
965,-0.847905
966,1.021536
967,1.709209
968,2.822553
969,0.359148
970,1.824573
971,1.026215
972,-2.018139
973,-1.958891
974,0.647320
975,1.208084
976,0.532360
977,-1.349056
978,-0.669438
979,1.516166
980,0.751653
981,-0.465411
982,-0.854087
983,0.408056
984,0.684637
985,-1.997659
986,0.829272
987,-0.387152
988,0.014346
989,1.301146
990,0.856827
991,1.015025
992,0.631100
993,0.305719
994,0.785888
995,0.678929
996,-1.015600
997,-2.449878
998,-1.166151
999,-0.054579
1000,1.074625
1001,-1.357214
1002,1.201140
1003,0.054136
1004,1.841949
1005,0.710833
1006,0.711161
1007,0.371494
1008,-1.230183
1009,-0.940350
1010,-0.849646
1011,-1.582493
1012,-1.321432
1013,1.156811
1014,-1.260814
1015,-0.437815
1016,-1.124403
1017,0.451904
1018,0.872696
1019,-0.511152
1020,-0.538983
1021,0.041158
1022,-2.712020
1023,0.309617
1024,-0.693539
1025,-1.283038
1026,-1.047260
1027,-1.830480
1028,0.359123
1029,-1.535445
1030,0.570242
1031,0.969517
1032,-0.430381
1033,0.186403
1034,0.845510
1035,-2.426661
1036,-1.281990
1037,-1.448184
1038,-1.486178
1039,-0.005167
1040,0.446606
1041,0.717345
1042,0.509879
1043,-0.819006
1044,0.089396
1045,-0.563556
1046,2.431245
1047,0.834067
1048,-1.100974
1049,0.036936
1050,-0.110540
1051,0.551102
1052,1.242060
1053,-0.944343
1054,-0.470154
1055,-0.594770
1056,0.232895
1057,-1.315273
1058,-1.117666
1059,-1.433043
1060,-0.938984
1061,-1.493315
1062,-2.835987
1063,0.590990
1064,1.039008
1065,1.606848
1066,2.361205
1067,-0.351158
1068,0.847452
1069,0.573463
1070,0.549867
1071,0.222069
1072,0.651713
1073,-1.647073
1074,-2.736213
1075,-0.978805
1076,-0.025751
1077,-0.385939
1078,0.432341
1079,-0.572834
1080,-0.404941
1081,1.418220
1082,-1.307574
1083,-0.852712
1084,-0.829493
1085,-0.087660
1086,-1.028711
1087,-2.239723
1088,1.366090
1089,1.218332
1090,1.658943
1091,-0.600000
1092,-1.602712
1093,-0.449936
1094,0.554948
1095,-1.129265
1096,-0.915425
1097,-1.487950
1098,1.511009
1099,-0.308937
1100,-0.737897
1101,-0.121077
1102,0.445157
1103,-0.001877
1104,-1.376677
1105,-0.256471
1106,0.048775
1107,1.502663
1108,-0.738150
1109,-0.378779
1110,-0.988108
1111,0.747013
1112,-0.521261
1113,-0.726090
1114,1.717923
1115,0.490066
1116,-0.124259
1117,-0.269345
1118,-1.646194
1119,-1.174294
1120,-2.096173
1121,-1.816744
1122,-2.047467
1123,-0.358909
1124,0.269376
1125,-0.414348
1126,1.508870
1127,-0.116226
1128,-1.214259
1129,-0.993370
1130,0.383326
1131,-0.287564
1132,-0.655067
1133,-0.780148
1134,0.112872
1135,-0.057621
1136,0.285138
1137,1.299494
1138,0.002023
1139,0.513757
1140,0.634653
1141,-1.900583
1142,-0.371092
1143,-0.157661
1144,1.735907
1145,0.678003
1146,1.071745
1147,-0.347199
1148,-0.610337
1149,-0.679991
1150,0.834557
1151,-1.018831
1152,-0.559195
1153,0.565421
1154,0.029332
1155,-0.396483
1156,0.291517
1157,0.245401
1158,-0.688286
1159,0.239467
1160,0.777865
1161,2.103538
1162,-1.523101
1163,2.073058
1164,-0.484005
1165,-1.173538
1166,-0.453744
1167,-0.353414
1168,0.079098
1169,0.055907
1170,-0.169432
1171,-0.793859
1172,1.305325
1173,-1.001584
1174,0.498545
1175,0.637207
1176,-0.365719
1177,1.128024
1178,-1.183947
1179,-0.522477
1180,0.869633
1181,0.491184
1182,1.746995
1183,-1.388575
1184,-1.400064
1185,-0.878622
1186,-0.303890
1187,-1.652275
1188,-0.710181
1189,0.068845
1190,0.912274
1191,0.375361
1192,-1.861858
1193,0.776626
1194,-0.592475
1195,-0.571144
1196,-0.050611
1197,-0.091683
1198,0.132763
1199,1.399801
1200,-1.118939
1201,-0.403918
1202,1.008014
1203,-0.788034
1204,-1.698654
1205,0.487506
1206,1.442292
1207,-0.646101
1208,-1.337541
1209,0.368075
1210,0.046703
1211,1.687033
1212,-0.511013
1213,-0.621433
1214,1.767026
1215,0.521242
1216,-0.507196
1217,0.717533
1218,0.418274
1219,-0.008808
1220,1.078164
1221,1.447199
1222,-1.409084
1223,-0.445016
1224,-0.129914
1225,-0.074979
1226,0.522301
1227,0.707251
1228,-0.401135
1229,-0.793564
1230,-0.520681
1231,-1.095107
1232,0.038781
1233,1.451173
1234,1.097436
1235,-0.092593
1236,-0.007898
1237,0.046077
1238,-0.949896
1239,-1.994595
1240,-0.268320
1241,-0.274338
1242,-0.111576
1243,0.340721
1244,-0.675323
1245,0.528138
1246,0.205171
1247,0.372987
1248,1.017835
1249,-0.394877
1250,-0.142958
1251,0.735217
1252,2.099428
1253,0.143867
1254,-0.325807
1255,-0.923582
1256,0.835035
1257,1.801345
1258,1.426564
1259,0.000489
1260,-0.362026
1261,0.182104
1262,-0.191586
1263,0.519694
1264,-0.353162
1265,-0.639148
1266,-1.871898
1267,0.208337
1268,1.792946
1269,1.058426
1270,-0.103730
1271,-0.096718
1272,0.288516
1273,0.109909
1274,0.513715
1275,0.591377
1276,-0.535834
1277,-1.026622
1278,0.535838
1279,0.316762
1280,1.326995
1281,1.558755
1282,-0.315202
1283,0.079471
1284,0.836901
1285,1.981176
1286,1.769869
1287,0.323240
1288,-1.606330
1289,0.122388
1290,0.104395
1291,2.414967
1292,1.531814
1293,0.246591
1294,0.963935
1295,1.040253
1296,0.508240
1297,-0.850577
1298,0.037227
1299,2.067934
1300,1.082949
1301,0.248430
1302,-0.572698
1303,-0.525336
1304,-2.025644
1305,-1.038464
1306,1.020586
1307,0.764544
1308,0.013014
1309,0.464758
1310,0.538126
1311,0.609732
1312,2.027435
1313,0.928349
1314,1.488276
1315,0.004455
1316,-0.858871
1317,-1.098118
1318,0.536562
1319,-0.594358
1320,0.080395
1321,0.205940
1322,1.031380
1323,1.431764
1324,-1.298866
1325,-0.317048
1326,-0.628867
1327,1.621349
1328,0.983816
1329,-0.290294
1330,-1.492886
1331,-0.599733
1332,1.172464
1333,0.212667
1334,-0.370551
1335,-0.712469
1336,0.330961
1337,1.466992
1338,-0.939879
1339,0.378265
1340,-0.206776
1341,-0.218124
1342,-0.024420
1343,2.589378
1344,-0.762867
1345,-2.023126
1346,-1.202600
1347,-0.721348
1348,-1.038715
1349,0.297314
1350,1.098222
1351,0.551773
1352,0.901877
1353,0.145192
1354,0.405588
1355,2.058236
1356,-0.597063
1357,0.095026
1358,-1.275775
1359,0.319538
1360,-1.180959
1361,-1.481939
1362,-0.855687
1363,2.833952
1364,0.858314
1365,0.375070
1366,-1.873293
1367,-0.352428
1368,-0.552438
1369,-0.120377
1370,-0.122065
1371,-0.925679
1372,-0.462620
1373,-0.049699
1374,2.202683
1375,0.531386
1376,-0.648791
1377,-0.353537
1378,0.810105
1379,1.176231
1380,1.540411
1381,0.438160
1382,0.629648
1383,0.660696
1384,0.825595
1385,-0.539206
1386,0.228374
1387,1.255501
1388,1.525877
1389,1.021537
1390,0.354226
1391,1.857453
1392,1.039595
1393,0.324975
1394,1.015172
1395,0.183423
1396,-1.704286
1397,0.459187
1398,-1.445523
1399,-1.648265
1400,0.144819
1401,0.275288
1402,0.221191
1403,-0.117126
1404,-0.099810
1405,0.210932
1406,0.469914
1407,0.994856
1408,0.234293
1409,1.358742
1410,-1.192354
1411,1.417398
1412,2.250290
1413,0.313611
1414,-0.447775
1415,-0.499902
1416,-1.063060
1417,-0.901073
1418,-1.557039
1419,0.061222
1420,-1.790520
1421,-1.664456
1422,-0.885238
1423,-0.637349
1424,0.132946
1425,0.663121
1426,-0.693609
1427,0.146496
1428,1.102844
1429,0.796223
1430,-0.875339
1431,0.444783
1432,0.876890
1433,0.429695
1434,-1.590187
1435,0.554384
1436,0.359141
1437,0.992957
1438,-1.577185
1439,-0.420932
1440,0.025934
1441,-1.049812
1442,0.580056
1443,-1.244735
1444,-0.338611
1445,-0.045828
1446,0.600892
1447,-0.015782
1448,0.514553
1449,0.393847
1450,0.770817
1451,0.104715
1452,0.933320
1453,0.681593
1454,-0.805839
1455,0.299480
1456,-0.476690
1457,1.751200
1458,-0.914336
1459,-1.147753
1460,1.913449
1461,0.257788
1462,-0.367577
1463,-1.748396
1464,0.628478
1465,1.024932
1466,0.609021
1467,-0.219552
1468,-0.766223
1469,1.551638
1470,0.685820
1471,-0.614549
1472,0.194310
1473,-0.752556
1474,-1.054936
1475,-0.598534
1476,1.641502
1477,0.142683
1478,-0.356979
1479,0.762883
1480,-0.048873
1481,0.068070
1482,0.137482
1483,-1.675200
1484,0.931765
1485,0.898214
1486,0.725878
1487,0.715284
1488,1.391530
1489,0.728182
1490,0.410202
1491,1.627577
1492,1.673119
1493,0.243107
1494,0.902142
1495,0.087872
1496,-0.478399
1497,-0.578496
1498,1.089982
1499,0.620766
1500,0.840576
1501,-0.424398
1502,-1.322694
1503,-0.267603
1504,2.238029
1505,0.672569
1506,-0.476111
1507,-0.053083
1508,-1.838238
1509,-0.195993
1510,0.633917
1511,2.633000
1512,0.014326
1513,-0.716173
1514,0.182783
1515,0.879100
1516,1.115700
1517,0.509128
1518,-0.098589
1519,-1.402949
1520,0.441086
1521,-0.474256
1522,0.304200
1523,-0.386558
1524,1.073139
1525,-1.686866
1526,0.451280
1527,-1.157196
1528,0.165863
1529,-1.530052
1530,-0.462556
1531,0.485274
1532,-1.176848
1533,-0.571763
1534,-1.733366
1535,-0.698985
1536,0.863589
1537,2.522561
1538,0.834783
1539,2.435775
1540,-1.788218
1541,-0.993651
1542,-0.226778
1543,-0.297063
1544,-0.004458
1545,-0.763623
1546,-1.386487
1547,3.228642
1548,1.337711
1549,-0.017473
1550,-0.099267
1551,1.102977
1552,-0.568708
1553,1.592216
1554,0.448250
1555,-2.066231
1556,-0.251116
1557,-0.961004
1558,0.168149
1559,-0.198920
1560,-1.698877
1561,-0.285872
1562,-1.327538
1563,0.694190
1564,-0.977501
1565,0.333626
1566,1.001072
1567,0.444046
1568,1.340886
1569,0.955101
1570,1.343090
1571,0.821852
1572,-1.841108
1573,-0.923080
1574,-0.529897
1575,1.938161
1576,2.544487
1577,0.537585
1578,1.405795
1579,0.693812
1580,-1.056773
1581,-0.385981
1582,-0.249551
1583,0.177408
1584,1.740244
1585,0.168460
1586,-1.460381
1587,-1.940555
1588,-1.753357
1589,1.361481
1590,0.218345
1591,-0.704024
1592,2.187995
1593,1.877219
1594,-0.478588
1595,1.925225
1596,-1.672734
1597,0.421500
1598,0.801195
1599,0.271875
1600,0.504828
1601,-0.789483
1602,-1.294435
1603,-2.150079
1604,-1.728184
1605,-3.313224
1606,-1.604974
1607,1.278344
1608,1.152095
1609,-0.216039
1610,0.499606
1611,1.561814
1612,0.387897
1613,-0.813986
1614,-0.302738
1615,0.224319
1616,0.250634
1617,-2.692246
1618,-0.586651
1619,-0.661472
1620,1.059464
1621,-0.779885
1622,0.271393
1623,-2.728288
1624,-0.936045
1625,0.742275
1626,0.209107
1627,-0.261848
1628,-0.563852
1629,0.686935
1630,-0.900670
1631,0.437922
1632,-0.221389
1633,-2.043926
1634,0.962418
1635,-0.297741
1636,-1.481397
1637,-1.071226
1638,-0.337209
1639,-0.006371
1640,-0.223266
1641,-0.917542
1642,-0.531342
1643,-0.957311
1644,-0.628418
1645,0.327019
1646,-2.178560
1647,-1.316240
1648,0.599459
1649,1.116367
1650,1.400544
1651,0.920766
1652,0.913440
1653,-0.330376
1654,1.003378
1655,3.064444
1656,1.840087
1657,0.270048
1658,0.196931
1659,-0.404117
1660,-0.500786
1661,1.801638
1662,0.720752
1663,0.759402
1664,-1.220539
1665,-2.438069
1666,-1.160089
1667,-0.251567
1668,1.286042
1669,-0.407828
1670,1.190787
1671,0.833551
1672,0.228071
1673,-1.976197
1674,-0.136716
1675,-0.076670
1676,0.613457
1677,-0.651553
1678,0.842324
1679,-0.219681
1680,0.441011
1681,0.235248
1682,-0.353483
1683,0.179914
1684,-0.858466
1685,-1.090507
1686,-0.742405
1687,-0.555267
1688,-1.251901
1689,-1.118187
1690,0.471190
1691,1.591928
1692,-1.984176
1693,-1.652021
1694,0.513196
1695,1.110702
1696,-0.002413
1697,0.978112
1698,-0.409187
1699,-0.416146
1700,1.127854
1701,0.632656
1702,-0.643939
1703,0.839652
1704,0.134187
1705,-0.398851
1706,-1.406201
1707,-0.556409
1708,1.536036
1709,0.070998
1710,1.201396
1711,0.925283
1712,-0.375082
1713,-0.143592
1714,-2.390631
1715,0.365615
1716,-0.832454
1717,-0.623371
1718,-1.897766
1719,-1.076045
1720,0.364285
1721,0.723015
1722,-0.602016
1723,-1.052538
1724,-0.414140
1725,-0.003221
1726,0.777254
1727,0.154500
1728,0.616247
1729,0.084690
1730,-0.812136
1731,0.572749
1732,-1.502195
1733,-0.508275
1734,-0.184529
1735,0.421280
1736,-0.103348
1737,-1.088452
1738,1.608487
1739,0.455153
1740,-0.173880
1741,-1.202446
1742,-0.111570
1743,-0.681269
1744,0.999735
1745,0.698671
1746,0.743325
1747,-0.391280
1748,-0.771685
1749,1.988433
1750,2.220593
1751,1.037719
1752,0.901465
1753,-0.574503
1754,0.780619
1755,0.478201
1756,0.775011
1757,0.761680
1758,-0.751114
1759,0.778119
1760,-0.291011
1761,0.519134
1762,1.174636
1763,1.333864
1764,-0.117973
1765,-0.947380
1766,-1.414611
1767,-1.104877
1768,-1.948968
1769,-1.315565
1770,-1.462482
1771,-0.266138
1772,-1.196533
1773,2.442582
1774,0.353515
1775,0.671927
1776,-1.757433
1777,0.155080
1778,0.490092
1779,1.479356
1780,-0.009031
1781,-1.050318
1782,-0.298422
1783,0.865797
1784,-0.896781
1785,0.171164
1786,-0.023553
1787,0.010167
1788,-0.095791
1789,-0.503727
1790,-0.419066
1791,-0.566445
1792,-0.989995
1793,0.007061
1794,-1.629974
1795,0.658732
1796,-1.580535
1797,-0.837647
1798,-0.469078
1799,-0.128923
1800,0.642405
1801,-0.673686
1802,-0.891235
1803,2.001710
1804,1.656171
1805,1.141461
1806,0.394031
1807,0.083073
1808,1.361659
1809,-0.460932
1810,-1.005896
1811,-1.190945
1812,-1.016595
1813,-0.968100
1814,-1.732975
1815,-0.841954
1816,-0.156282
1817,-0.202166
1818,-1.212825
1819,-1.184945
1820,-0.721396
1821,0.267854
1822,1.101119
1823,-0.446930
1824,0.483477
1825,-1.655273
1826,-0.994320
1827,-0.694607
1828,-0.090245
1829,0.375868
1830,1.171618
1831,0.829261
1832,1.083160
1833,0.511243
1834,-0.515217
1835,-1.250325
1836,-1.026619
1837,0.331127
1838,0.655169
1839,0.959106
1840,-0.355450
1841,-1.456565
1842,-0.961749
1843,-0.317950
1844,-0.122203
1845,0.737184
1846,0.885237
1847,-0.295628
1848,0.714848
1849,-0.393779
1850,0.367696
1851,1.162126
1852,0.246438
1853,-0.059889
1854,-0.560601
1855,-2.043004
1856,0.663982
1857,1.047945
1858,0.956943
1859,0.742627
1860,-0.911529
1861,-1.002972
1862,-1.978622
1863,0.008666
1864,0.607970
1865,-0.788232
1866,-1.979541
1867,-0.878455
1868,2.108554
1869,1.735221
1870,-0.826039
1871,-0.267321
1872,0.029045
1873,-0.219043
1874,0.049454
1875,0.066165
1876,-0.819840
1877,-0.877282
1878,1.117054
1879,0.312807
1880,-0.454655
1881,-1.229414
1882,-3.011977
1883,0.538322
1884,-0.800368
1885,-1.679465
1886,-1.054018
1887,-1.157520
1888,0.958165
1889,-0.632410
1890,-2.086474
1891,-0.702165
1892,1.636857
1893,0.497620
1894,0.409081
1895,-1.212609
1896,-0.585819
1897,1.341885
1898,0.305212
1899,-0.927214
1900,1.354434
1901,1.186479
1902,-0.546708
1903,0.143409
1904,0.890602
1905,-0.078804
1906,1.402083
1907,0.945531
1908,0.746222
1909,-0.745074
1910,-0.265829
1911,-0.191730
1912,-1.599520
1913,-0.308540
1914,-0.360541
1915,-0.401091
1916,-1.080640
1917,-0.624966
1918,-1.204064
1919,-1.152190
1920,-2.950639
1921,-0.076779
1922,0.075975
1923,0.031435
1924,1.376174
1925,0.848816
1926,1.459908
1927,1.201107
1928,0.483266
1929,0.209556
1930,0.446364
1931,1.244183
1932,-1.335516
1933,1.008712
1934,1.208008
1935,-0.610261
1936,-0.038178
1937,-0.070072
1938,-0.814842
1939,-0.941314
1940,0.431103
1941,1.487944
1942,-0.304053
1943,0.993830
1944,1.648074
1945,2.340042
1946,0.909220
1947,-0.065846
1948,1.053016
1949,-1.881080
1950,0.034329
1951,-1.125153
1952,-0.949944
1953,0.797940
1954,1.371295
1955,0.227352
1956,-0.715699
1957,1.555464
1958,0.868374
1959,-0.378554
1960,-0.967950
1961,0.881526
1962,-0.478474
1963,0.670329
1964,-0.677484
1965,-1.473663
1966,-1.144701
1967,-0.961021
1968,0.676275
1969,0.766427
1970,-1.375992
1971,0.156741
1972,0.343574
1973,0.599334
1974,0.721083
1975,-0.515877
1976,0.251415
1977,0.887683
1978,0.058576
1979,1.002701
1980,2.506262
1981,-0.067957
1982,-0.545983
1983,-1.407126
1984,0.717807
1985,0.775495
1986,0.194888
1987,-1.449766
1988,1.650236
1989,-1.517679
1990,1.760508
1991,-1.007829
1992,-0.940078
1993,-1.645040
1994,-1.603602
1995,-2.325681
1996,0.342589
1997,0.843132
1998,-0.334249
1999,0.269477
2000,0.677447
2001,0.559297
2002,1.255358
2003,1.295537
2004,0.627463
2005,-1.876218
2006,-1.712453
2007,-1.414007
2008,-1.581600
2009,-2.182672
2010,-1.000664
2011,-0.611940
2012,0.418555
2013,1.024662
2014,2.543379
2015,-0.932850
2016,-0.057242
2017,1.218438
2018,-1.372717
2019,-2.219689
2020,0.069618
2021,2.325242
2022,-0.899411
2023,-1.268284
2024,0.075861
2025,0.530689
2026,-0.006359
2027,-2.137211
2028,-0.420280
2029,0.546337
2030,-1.086027
2031,-0.121984
2032,1.588566
2033,0.653170
2034,1.003661
2035,0.456969
2036,-0.282058
2037,0.088391
2038,1.437276
2039,-2.241005
2040,0.233784
2041,-0.769351
2042,-0.303995
2043,0.861851
2044,-0.320784
2045,-1.098116
2046,0.565792
2047,-0.794758
2048,-0.866334
2049,-0.229481
2050,0.492886
2051,-1.074839
2052,-1.085793
2053,0.133650
2054,-1.065651
2055,-0.598695
2056,-0.865112
2057,0.094692
2058,-1.140877
2059,0.489147
2060,-0.824673
2061,-0.965439
2062,0.573150
2063,0.489890
2064,0.219542
2065,0.422614
2066,-0.693864
2067,0.405590
2068,-0.910384
2069,-1.069712
2070,-1.890739
2071,-1.336720
2072,-0.027281
2073,0.252044
2074,-0.711710
2075,0.428235
2076,1.841988
2077,2.457673
2078,0.430077
2079,0.733685
2080,-1.015384
2081,-0.325344
2082,0.866273
2083,-1.347334
2084,0.563835
2085,-0.888432
2086,-0.390857
2087,0.816634
2088,-0.168917
2089,-0.504728
2090,0.272692
2091,0.365944
2092,0.557333
2093,0.275785
2094,-1.003468
2095,0.060005
2096,-1.545698
2097,-0.149861
2098,0.710066
2099,1.041246
2100,-0.504957
2101,-0.958696
2102,-1.056013
2103,-1.147924
2104,-0.374906
2105,0.043088
2106,-0.207898
2107,1.699374
2108,2.455703
2109,0.278818
2110,-1.862431
2111,0.684123
2112,0.285741
2113,-1.492131
2114,-1.529217
2115,0.034283
2116,0.307466
2117,-2.170643
2118,-0.714238
2119,-0.736038
2120,0.253595
2121,-1.440238
2122,-1.821091
2123,0.195037
2124,0.166938
2125,1.251146
2126,0.678244
2127,-0.685847
2128,1.055289
2129,0.004737
2130,2.644915
2131,-0.043201
2132,0.603911
2133,-0.545549
2134,1.683221
2135,1.251177
2136,1.082511
2137,1.077139
2138,0.215759
2139,-1.214218
2140,0.154702
2141,0.667889
2142,0.083249
2143,0.405846
2144,-0.674670
2145,0.334585
2146,1.237731
2147,0.593610
2148,-1.249134
2149,0.471949
2150,0.887712
2151,0.922102
2152,1.150445
2153,0.757551
2154,0.695579
2155,0.040526
2156,-0.614978
2157,-2.933850
2158,-0.222885
2159,0.405667
2160,-0.519696
2161,0.711342
2162,0.379299
2163,-0.957876
2164,0.085971
2165,-1.344760
2166,-0.590380
2167,0.144179
2168,-2.752628
2169,-2.093016
2170,0.858884
2171,0.545672
2172,-1.299324
2173,-1.902625
2174,-0.957383
2175,0.107091
2176,-0.494808
2177,-0.611150
2178,-0.717642
2179,-0.511095
2180,0.252976
2181,-0.614408
2182,1.371290
2183,0.393772
2184,0.391259
2185,-0.463380
2186,-0.210650
2187,-1.082402
2188,0.411364
2189,1.573039
2190,-0.830599
2191,-0.415015
2192,-0.782233
2193,0.705618
2194,-0.018970
2195,0.039698
2196,0.931185
2197,1.037867
2198,-0.095929
2199,-0.097854
2200,0.349535
2201,0.808882
2202,0.890149
2203,0.420050
2204,1.660969
2205,-1.423628
2206,-0.408862
2207,-0.027959
2208,-0.526022
2209,-0.749018
2210,0.146608
2211,0.448832
2212,-0.978120
2213,-0.716090
2214,0.496235
2215,0.240504
2216,0.337189
2217,0.161962
2218,0.542868
2219,-1.315691
2220,-0.936307
2221,-0.397142
2222,-0.696725
2223,-0.721158
2224,-0.849462
2225,1.402958
2226,-0.074430
2227,1.744512
2228,-0.300906
2229,-0.545010
2230,-1.813061
2231,0.484307
2232,-0.320167
2233,0.021336
2234,-0.349049
2235,-0.328833
2236,-0.901328
2237,1.204903
2238,0.777438
2239,1.219310
2240,-0.695990
2241,-1.211555
2242,0.684995
2243,0.842156
2244,-1.349344
2245,-0.810575
2246,0.754866
2247,-0.687493
2248,-0.032490
2249,-1.804973
2250,1.117697
2251,2.558065
2252,0.271156
2253,0.345530
2254,-0.403639
2255,0.264372
2256,-0.911672
2257,0.943831
2258,0.118521
2259,1.455625
2260,-0.757262
2261,0.134583
2262,-1.725849
2263,-0.711370
2264,0.177633
2265,-0.066689
2266,1.584116
2267,-0.965535
2268,0.454686
2269,0.150579
2270,0.820904
2271,-1.028166
2272,0.765145
2273,-1.068672
2274,-0.429698
2275,-0.761481
2276,-0.376513
2277,-1.720938
2278,-0.352536
2279,0.439082
2280,0.759780
2281,0.829606
2282,-0.371886
2283,0.983338
2284,1.716483
2285,-0.855127
2286,-0.573340
2287,-0.476847
2288,0.559073
2289,0.636653
2290,1.406947
2291,0.156989
2292,0.444929
2293,1.368681
2294,1.341513
2295,0.288099
2296,1.338098
2297,1.081696
2298,-0.270279
2299,0.596378
2300,-1.509616
2301,-0.006558
2302,-0.153048
2303,-0.212079
2304,-1.805310
2305,0.356491
2306,-0.588339
2307,-1.422947
2308,-0.843362
2309,1.300477
2310,0.579989
2311,1.309258
2312,-1.116615
2313,-0.639623
2314,1.874563
2315,-0.053043
2316,-1.022316
2317,0.391195
2318,1.803987
2319,-2.006735
2320,1.315494
2321,0.438569
2322,-0.290947
2323,0.400265
2324,0.972572
2325,1.193135
2326,0.446063
2327,0.528990
2328,-0.744518
2329,-2.128110
2330,-0.050355
2331,0.869097
2332,-1.327375
2333,-1.959457
2334,-0.147703
2335,-0.850266
2336,-1.295159
2337,-0.650708
2338,-0.079967
2339,2.489097
2340,0.424600
2341,0.779229
2342,0.176082
2343,-0.432668
2344,-1.580203
2345,-0.187514
2346,-0.046216
2347,1.992247
2348,1.817015
2349,0.644773
2350,0.952007
2351,-1.141620
2352,-1.385089
2353,-0.705079
2354,-1.903218
2355,-1.030763
2356,-1.315814
2357,-0.925858
2358,-1.298088
2359,0.499676
2360,0.665522
2361,-1.302808
2362,-2.038598
2363,-2.130117
2364,-0.949049
2365,-1.033353
2366,-0.929119
2367,-2.239306
2368,-1.475763
2369,0.845765
2370,0.132000
2371,-0.628875
2372,0.095300
2373,-1.135067
2374,0.112015
2375,0.331464
2376,-1.620195
2377,-0.163930
2378,-0.135862
2379,1.113601
2380,0.249189
2381,-0.506898
2382,0.871252
2383,-1.076115
2384,-1.227701
2385,-0.924985
2386,-1.859863
2387,-0.226351
2388,0.369244
2389,-0.725159
2390,0.229482
2391,0.131564
2392,-0.778230
2393,-1.004450
2394,0.119873
2395,1.035520
2396,1.773814
2397,-0.819881
2398,-2.352058
2399,0.376808
2400,0.970833
2401,0.407691
2402,-1.694240
2403,-1.121732
2404,-0.011586
2405,1.698617
2406,0.225384
2407,-0.669436
2408,-1.617469
2409,0.124228
2410,0.485203
2411,-0.020808
2412,-0.176001
2413,-0.105141
2414,-0.324168
2415,-1.961640
2416,-0.301368
2417,-1.741964
2418,-1.358173
2419,0.575853
2420,1.305323
2421,-1.168607
2422,-3.418368
2423,-1.559057
2424,-1.860796
2425,-0.748407
2426,-1.366211
2427,-1.090989
2428,-1.195297
2429,-0.082109
2430,1.984409
2431,1.049561
2432,0.393014
2433,-0.539240
2434,1.755070
2435,0.736107
2436,0.906710
2437,-0.839813
2438,-0.647824
2439,-0.057034
2440,-0.502848
2441,-1.394791
2442,1.033663
2443,-0.058836
2444,0.744226
2445,1.186100
2446,2.495306
2447,1.320896
2448,2.129899
2449,0.451212
2450,-1.170221
2451,0.515007
2452,0.817008
2453,-1.223240
2454,0.277164
2455,-0.551413
2456,0.233665
2457,-0.736871
2458,-1.038780
2459,0.983985
2460,-0.712539
2461,0.638136
2462,-1.992022
2463,0.117615
2464,0.360936
2465,-1.983121
2466,-1.907447
2467,-0.623258
2468,0.293208
2469,2.887286
2470,1.003678
2471,2.169582
2472,0.259602
2473,-0.701062
2474,0.511906
2475,0.362483
2476,0.671602
2477,0.761861
2478,-0.521762
2479,-0.268489
2480,-1.279685
2481,0.469447
2482,1.626177
2483,0.710145
2484,0.167073
2485,-0.155630
2486,-1.104710
2487,-0.603471
2488,0.070572
2489,1.237101
2490,0.382198
2491,-0.508076
2492,0.906674
2493,1.376488
2494,1.609100
2495,0.438763
2496,-0.647115
2497,-0.472978
2498,1.067709
2499,0.827358
2500,-0.219958
2501,1.526195
2502,-0.210445
2503,0.648531
2504,-0.529377
2505,0.530751
2506,0.336151
2507,0.052895
2508,-1.457430
2509,-0.247404
2510,0.758306
2511,0.224891
2512,0.558611
2513,0.640478
2514,-0.339336
2515,-0.025038
2516,-0.153548
2517,-0.417742
2518,-0.961473
2519,1.222536
2520,0.141858
2521,0.280968
2522,1.351283
2523,2.870278
2524,1.860037
2525,1.513979
2526,1.530236
2527,-0.800781
2528,-0.855290
2529,-0.271740
2530,1.466531
2531,0.272857
2532,0.669848
2533,0.009729
2534,-0.879683
2535,0.418131
2536,1.306647
2537,2.624346
2538,0.393641
2539,1.176423
2540,-0.323919
2541,-0.073525
2542,1.530296
2543,-0.853317
2544,-0.694647
2545,1.162739
2546,-0.870808
2547,0.165512
2548,1.747041
2549,0.547420
2550,1.113657
2551,-0.097630
2552,-0.599339
2553,-1.550771
2554,0.181956
2555,0.105282
2556,-0.136246
2557,-0.543424
2558,1.106015
2559,-1.054131
2560,0.487589
2561,-1.499030
2562,1.275217
2563,1.666251
2564,-0.138915
2565,0.444613
2566,-1.193693
2567,-1.470763
2568,-0.570284
2569,0.016730
2570,0.385023
2571,-1.920302
2572,0.229785
2573,0.083695
2574,0.689047
2575,-1.170996
2576,-1.159863
2577,-1.413286
2578,-0.442468
2579,0.097080
2580,-1.268379
2581,0.091931
2582,-0.006135
2583,0.054756
2584,-0.338157
2585,1.694727
2586,-0.713215
2587,-0.414257
2588,1.335723
2589,-0.658361
2590,0.391487
2591,-1.308286
2592,0.536715
2593,-1.047641
2594,-0.902386
2595,0.112360
2596,0.581905
2597,0.724593
2598,1.163360
2599,0.536096
2600,0.707225
2601,-0.802437
2602,0.722457
2603,0.962644
2604,0.079467
2605,1.200862
2606,-0.518334
2607,-0.747331
2608,0.832237
2609,0.240221
2610,-0.475504
2611,-0.934732
2612,0.386794
2613,-0.222796
2614,-1.555809
2615,-1.780517
2616,-0.455486
2617,-0.272344
2618,0.012872
2619,0.047713
2620,-1.073276
2621,0.815073
2622,0.222769
2623,-1.590144
2624,-2.201256
2625,-0.416713
2626,-0.903717
2627,-0.752411
2628,-1.026841
2629,1.163999
2630,-2.043515
2631,-0.181274
2632,1.004740
2633,1.214010
2634,1.072036
2635,0.050873
2636,-1.849038
2637,-1.033426
2638,-0.954724
2639,-0.025904
2640,-1.400338
2641,0.584918
2642,1.802870
2643,1.572973
2644,-0.043078
2645,-1.916376
2646,-1.405273
2647,0.783665
2648,-1.617207
2649,0.970574
2650,0.617952
2651,-0.502859
2652,0.839796
2653,0.690713
2654,0.427129
2655,-1.157620
2656,-0.441633
2657,-0.089629
2658,-1.138787
2659,-0.577868
2660,0.199641
2661,1.263992
2662,-0.036386
2663,-1.298629
2664,-0.047681
2665,-0.524694
2666,0.235955
2667,-0.315285
2668,-2.024100
2669,-0.189260
2670,0.540631
2671,0.467625
2672,-0.591146
2673,-0.394691
2674,-0.205054
2675,-0.302033
2676,-2.155231
2677,-0.273915
2678,0.075982
2679,-0.701666
2680,-0.850351
2681,-1.057469
2682,1.760848
2683,1.693151
2684,0.286018
2685,-0.022340
2686,0.985487
2687,3.254473
2688,0.863627
2689,0.339503
2690,1.145589
2691,-1.383691
2692,-0.692492
2693,0.093241
2694,-0.400083
2695,-1.348118
2696,-0.315403
2697,-0.832108
2698,-2.218183
2699,-1.466945
2700,0.044881
2701,1.173381
2702,0.630410
2703,-0.531911
2704,0.000144
2705,-0.861412
2706,0.879822
2707,-0.965866
2708,-0.585662
2709,2.897877
2710,1.307263
2711,-0.682059
2712,1.699790
2713,-0.134618
2714,0.875286
2715,0.287340
2716,1.561561
2717,2.365152
2718,0.506136
2719,0.494635
2720,-0.057558
2721,0.169864
2722,0.026533
2723,-0.022149
2724,-0.718768
2725,0.714399
2726,-1.550476
2727,-0.297900
2728,-1.225033
2729,0.541788
2730,-0.299460
2731,-1.426876
2732,-1.081412
2733,0.505322
2734,0.201592
2735,1.050011
2736,-0.719039
2737,0.858360
2738,-0.198501
2739,0.261626
2740,0.862266
2741,-1.187023
2742,-0.608051
2743,1.512966
2744,0.648554
2745,-0.323666
2746,2.841732
2747,-0.266128
2748,-0.163205
2749,-0.527828
2750,0.000185
2751,-0.901232
2752,0.644737
2753,0.620404
2754,0.900183
2755,0.152371
2756,1.057043
2757,0.528684
2758,0.849385
2759,-1.003257
2760,-0.162026
2761,-0.769646
2762,-0.355808
2763,-0.290435
2764,0.802270
2765,-0.283773
2766,1.764838
2767,0.981856
2768,0.360110
2769,-0.744319
2770,0.349497
2771,-2.158789
2772,-1.361348
2773,-1.160896
2774,1.170839
2775,-1.417866
2776,-0.202952
2777,-0.532391
2778,-2.506355
2779,0.173344
2780,-1.419612
2781,-1.241087
2782,-1.355749
2783,-0.546781
2784,-0.849383
2785,0.653988
2786,0.486482
2787,0.966033
2788,0.488619
2789,0.970101
2790,0.667752
2791,-1.199342
2792,-1.736205
2793,-0.495479
2794,-0.552280
2795,-1.362693
2796,-0.397717
2797,1.147536
2798,0.194446
2799,0.849720
2800,2.079973
2801,0.762465
2802,0.484126
2803,2.918923
2804,-0.454857
2805,-1.400316
2806,-0.870561
2807,0.661015
2808,-0.292728
2809,-0.052766
2810,-0.853628
2811,0.404958
2812,-0.039713
2813,1.417010
2814,0.235991
2815,-1.087304
2816,-1.549530
2817,-1.402218
2818,-0.313053
2819,-0.327218
2820,-0.434781
2821,-1.995707
2822,-0.817201
2823,-0.921188
2824,-1.944836
2825,-0.789426
2826,-0.962550
2827,-0.061881
2828,0.849467
2829,-0.325086
2830,2.686852
2831,0.707611
2832,1.333891
2833,-0.832954
2834,-1.238905
2835,-0.709639
2836,-0.656316
2837,-0.767546
2838,0.848251
2839,0.649664
2840,-0.997698
2841,0.171681
2842,1.507544
2843,-1.290038
2844,-0.095843
2845,0.249711
2846,-2.426490
2847,0.045747
2848,-1.761540
2849,-0.013860
2850,2.402106
2851,1.046409
2852,0.455236
2853,-0.274477
2854,-1.247354
2855,-0.292357
2856,-1.408453
2857,-0.759458
2858,-0.572066
2859,-0.700143
2860,0.528206
2861,-2.353331
2862,0.964148
2863,-0.613862
2864,1.859587
2865,0.616564
2866,1.088919
2867,1.254449
2868,1.665861
2869,0.960610
2870,0.538199
2871,-1.070130
2872,1.373862
2873,0.775315
2874,1.066570
2875,0.444814
2876,-2.488335
2877,-1.673623
2878,-0.717967
2879,-0.083830
2880,-1.039623
2881,0.238243
2882,0.813550
2883,-0.839916
2884,1.965073
2885,2.290691
2886,-0.221647
2887,0.317678
2888,-1.201051
2889,-0.559487
2890,-0.386309
2891,-0.097768
2892,-0.188730
2893,1.150376
2894,-0.864871
2895,-0.488603
2896,0.705500
2897,1.594604
2898,1.360480
2899,0.327134
2900,1.951950
2901,0.417409
2902,0.536447
2903,-2.041263
2904,-1.616512
2905,1.183236
2906,0.467589
2907,-1.861255
2908,-1.084622
2909,0.151174
2910,0.366685
2911,-1.808281
2912,-2.628001
2913,0.641406
2914,0.581182
2915,0.452445
2916,2.325274
2917,-1.221563
2918,-1.126676
2919,0.368770
2920,1.613280
2921,1.087222
2922,-0.683587
2923,0.270054
2924,0.691585
2925,0.186879
2926,0.059737
2927,0.084694
2928,1.223278
2929,1.262331
2930,-0.660787
2931,1.214459
2932,-0.561963
2933,-0.662597
2934,0.261925
2935,-0.850900
2936,0.933560
2937,0.585105
2938,0.002731
2939,-0.465514
2940,0.063846
2941,-0.881252
2942,-0.168025
2943,-0.396543
2944,-0.308721
2945,1.407782
2946,1.734996
2947,1.818491
2948,2.000598
2949,0.116698
2950,-0.566637
2951,1.585914
2952,-0.309287
2953,0.150263
2954,0.431005
2955,0.409480
2956,-0.337647
2957,1.111183
2958,-0.586299
2959,-2.713544
2960,-0.600750
2961,0.248941
2962,-0.502536
2963,0.779404
2964,1.449734
2965,-0.226422
2966,0.466176
2967,0.557785
2968,1.119465
2969,0.465363
2970,0.298111
2971,-0.397583
2972,-1.469765
2973,-0.552281
2974,0.185267
2975,1.046747
2976,0.411391
2977,0.331637
2978,-0.670897
2979,0.141312
2980,-1.448992
2981,-0.510085
2982,0.351047
2983,1.225311
2984,0.203438
2985,0.966948
2986,0.142068
2987,0.198188
2988,-0.661391
2989,-0.081126
2990,-1.631704
2991,-0.640498
2992,-1.644193
2993,-0.848530
2994,-1.341317
2995,0.769365
2996,-1.404530
2997,-1.977759
2998,0.104131
2999,0.348559
3000,-0.607866
3001,0.060372
3002,0.363822
3003,0.737261
3004,0.823517
3005,0.856763
3006,0.889842
3007,0.587360
3008,-1.139388
3009,0.383117
3010,0.732456
3011,0.563113
3012,0.084589
3013,0.720556
3014,-1.558136
3015,-2.190725
3016,-2.616295
3017,-1.537290
3018,0.851651
3019,-0.697547
3020,1.098078
3021,2.431732
3022,1.493360
3023,-1.389793
3024,-0.381850
3025,-0.654085
3026,-0.416995
3027,-0.996627
3028,-0.039640
3029,-0.515741
3030,-1.084953
3031,-0.547073
3032,0.198579
3033,-1.450577
3034,0.410248
3035,1.228256
3036,1.420018
3037,1.783853
3038,1.192364
3039,0.652759
3040,0.888074
3041,1.174009
3042,0.661380
3043,0.833629
3044,2.241019
3045,-1.400752
3046,-0.452886
3047,0.370378
3048,0.327956
3049,0.219026
3050,1.462518
3051,-0.594963
3052,0.446074
3053,-0.555019
3054,-0.327838
3055,-0.633191
3056,0.414266
3057,-1.364610
3058,-1.584284
3059,0.204804
3060,0.287611
3061,1.967248
3062,0.268162
3063,0.451516
3064,1.531310
3065,-0.097254
3066,1.299551
3067,-1.193108
3068,0.542022
3069,-0.494341
3070,-0.767612
3071,-0.897374
3072,-0.520724
3073,-1.847662
3074,-0.000026
3075,-0.604882
3076,-0.742171
3077,0.236967
3078,2.896184
3079,1.139833
3080,0.036764
3081,-0.329590
3082,-2.097580
3083,-1.411182
3084,-0.515234
3085,0.415269
3086,-2.024176
3087,0.230767
3088,-0.364715
3089,0.037772
3090,1.840230
3091,-0.259322
3092,-0.121868
3093,-1.806199
3094,-2.890353
3095,-1.448983
3096,-1.248010
3097,-0.292651
3098,-0.116062
3099,-1.297310
3100,-1.004203
3101,0.617697
3102,-0.856377
3103,-1.539898
3104,0.497893
3105,1.201754
3106,-0.393181
3107,1.862525
3108,0.525259
3109,1.976780
3110,-1.566779
3111,0.018123
3112,-0.587745
3113,-0.985370
3114,-0.737270
3115,-0.230096
3116,0.333226
3117,-0.677662
3118,0.641811
3119,2.298385
3120,0.524180
3121,-0.093420
3122,1.576336
3123,3.078039
3124,1.747969
3125,0.772522
3126,0.606865
3127,0.322009
3128,-0.932622
3129,-2.014596
3130,-1.432480
3131,-0.386779
3132,-0.429807
3133,-1.338284
3134,0.467791
3135,-0.184534
3136,-0.394777
3137,0.103608
3138,-0.402206
3139,-0.687836
3140,0.341508
3141,0.419752
3142,1.318516
3143,1.544551
3144,-0.025168
3145,-0.281369
3146,-1.324609
3147,-1.084118
3148,-0.766588
3149,0.188365
3150,-1.416163
3151,0.356899
3152,-0.192593
3153,0.327585
3154,1.479638
3155,0.725304
3156,0.291264
3157,-0.297408
3158,-0.568762
3159,0.080892
3160,-0.555900
3161,0.872441
3162,-0.094255
3163,-0.530692
3164,-0.360998
3165,0.330255
3166,-0.653992
3167,1.954035
3168,0.681834
3169,0.348485
3170,0.107489
3171,-1.126617
3172,-0.799917
3173,1.280657
3174,1.650138
3175,-0.885503
3176,1.081500
3177,0.226200
3178,0.425399
3179,-1.266645
3180,0.180684
3181,-1.212511
3182,1.136055
3183,1.147966
3184,1.349272
3185,2.157338
3186,0.289941
3187,1.773864
3188,1.459688
3189,0.939533
3190,1.522537
3191,-0.137089
3192,0.709807
3193,0.529680
3194,0.974933
3195,-1.887830
3196,0.412851
3197,-0.014035
3198,1.325388
3199,-0.734682
3200,0.472604
3201,0.828661
3202,0.539222
3203,0.442448
3204,-1.940465
3205,-0.944003
3206,0.113342
3207,-0.075750
3208,-0.996977
3209,0.852610
3210,1.844747
3211,-0.034182
3212,-0.225595
3213,-0.441219
3214,0.318480
3215,-1.130222
3216,0.341908
3217,-0.155057
3218,-0.027859
3219,-1.582348
3220,1.550689
3221,0.605691
3222,1.772348
3223,0.190886
3224,1.177430
3225,-0.811151
3226,0.318679
3227,0.397811
3228,0.139228
3229,1.088657
3230,-0.709746
3231,-0.508327
3232,-0.538685
3233,0.015554
3234,0.181149
3235,1.094624
3236,1.260611
3237,0.122289
3238,-0.140173
3239,-0.095028
3240,0.700633
3241,0.591996
3242,0.730118
3243,0.987808
3244,1.228855
3245,-0.349897
3246,-0.564920
3247,-0.575144
3248,-1.184578
3249,0.231085
3250,0.152852
3251,0.952812
3252,0.027910
3253,-1.033712
3254,0.890258
3255,-1.149132
3256,1.124669
3257,0.574884
3258,-0.363858
3259,-1.397777
3260,-0.370842
3261,-0.174650
3262,1.927170
3263,0.554286
3264,1.123120
3265,-0.839101
3266,-0.330040
3267,-0.161212
3268,-0.272888
3269,-0.117933
3270,-0.571899
3271,-0.094320
3272,0.102100
3273,-1.250309
3274,-1.189746
3275,1.442642
3276,-0.864814
3277,0.469027
3278,0.432260
3279,1.324225
3280,0.133430
3281,1.508869
3282,0.307548
3283,-0.553468
3284,-0.137934
3285,1.424832
3286,1.114045
3287,-0.349645
3288,0.433144
3289,-0.949181
3290,-0.048401
3291,0.317833
3292,-0.500765
3293,0.679839
3294,-0.206003
3295,0.135303
3296,2.404689
3297,-2.619606
3298,0.683446
3299,0.665061
3300,1.030680
3301,0.020074
3302,-0.866251
3303,-1.078715
3304,0.007677
3305,0.338623
3306,0.468083
3307,-0.189394
3308,0.487221
3309,-0.222086
3310,-0.762337
3311,0.966008
3312,1.348419
3313,-0.757235
3314,-1.408532
3315,-1.071632
3316,0.368021
3317,-2.488586
3318,0.239410
3319,0.511117
3320,-1.261946
3321,0.088612
3322,-2.598422
3323,0.748532
3324,-0.448511
3325,0.276395
3326,2.285271
3327,1.517145
3328,1.232631
3329,1.136542
3330,1.515326
3331,0.447945
3332,-0.413629
3333,-0.893891
3334,-1.190950
3335,0.699549
3336,0.944041
3337,0.296564
3338,-0.970452
3339,0.636255
3340,1.422664
3341,0.910887
3342,0.797141
3343,0.475013
3344,1.060389
3345,1.617562
3346,-0.574644
3347,0.022308
3348,0.619163
3349,-0.974833
3350,-1.637068
3351,0.350951
3352,-1.001686
3353,0.744097
3354,2.328202
3355,0.237225
3356,-0.472435
3357,0.240502
3358,0.472098
3359,-0.203656
3360,0.140906
3361,-0.201778
3362,-0.719435
3363,-0.683149
3364,-1.482806
3365,-1.365681
3366,-0.920847
3367,-0.281726
3368,-1.416621
3369,-2.014316
3370,-3.159124
3371,0.563417
3372,-0.426950
3373,-1.563280
3374,-0.190352
3375,-0.940720
3376,0.010343
3377,-0.703274
3378,-0.417155
3379,-0.328493
3380,1.390888
3381,2.616637
3382,-0.233006
3383,-0.746183
3384,1.304461
3385,2.112972
3386,0.306882
3387,-1.160833
3388,-1.075640
3389,-0.474606
3390,1.069868
3391,-0.352746
3392,1.661792
3393,1.441540
3394,0.279758
3395,-1.006862
3396,-1.151170
3397,-2.109565
3398,0.071680
3399,-0.940401
3400,1.235215
3401,1.930843
3402,-1.334237
3403,-0.387176
3404,0.334792
3405,1.275762
3406,1.110031
3407,0.383730
3408,-0.840102
3409,-2.404270
3410,0.828566
3411,0.238237
3412,-0.450874
3413,1.101675
3414,1.107541
3415,-1.148748
3416,-0.990117
3417,1.108502
3418,1.969611
3419,0.431981
3420,0.625630
3421,-3.466953
3422,-2.418765
3423,-0.307369
3424,-1.208983
3425,1.370422
3426,1.940151
3427,-1.191940
3428,-0.285594
3429,0.043509
3430,0.080721
3431,-0.418920
3432,-0.335003
3433,-0.934637
3434,-0.329463
3435,1.230100
3436,1.581803
3437,2.266259
3438,0.477462
3439,-0.466890
3440,-1.244340
3441,-1.513209
3442,-1.379392
3443,-0.505161
3444,0.734748
3445,-0.067587
3446,0.916428
3447,-0.312661
3448,-1.142698
3449,-1.584980
3450,-0.733403
3451,1.058871
3452,2.323109
3453,-1.473740
3454,0.002300
3455,-0.670134
3456,-0.351188
3457,1.471086
3458,-0.090642
3459,-0.031548
3460,0.954068
3461,-0.287844
3462,1.263453
3463,-0.513663
3464,-1.300823
3465,-0.586933
3466,0.197301
3467,-0.843313
3468,-2.835476
3469,0.570874
3470,1.351800
3471,1.509200
3472,0.930003
3473,1.916453
3474,0.837104
3475,-0.319253
3476,-1.574170
3477,-0.219966
3478,0.761685
3479,0.512544
3480,-0.252246
3481,0.546818
3482,1.226802
3483,2.714980
3484,0.507909
3485,0.316426
3486,0.679745
3487,1.604528
3488,0.893585
3489,0.866828
3490,1.156871
3491,0.671235
3492,-0.450815
3493,0.572539
3494,-0.170513
3495,-0.972826
3496,0.689845
3497,2.132025
3498,1.900973
3499,1.369677
3500,2.296726
3501,1.368227
3502,0.968210
3503,3.220078
3504,1.448106
3505,1.888029
3506,-0.274510
3507,1.015287
3508,-1.734734
3509,-0.160852
3510,-2.504266
3511,-0.080718
3512,-0.564456
3513,-0.509923
3514,-0.018548
3515,-0.032365
3516,-0.129520
3517,-0.301231
3518,0.409142
3519,-0.381564
3520,0.106568
3521,-0.879381
3522,1.834960
3523,-0.515220
3524,1.120385
3525,0.916483
3526,-0.540966
3527,0.643975
3528,0.146921
3529,1.268205
3530,-0.256091
3531,-0.382017
3532,-0.005765
3533,-1.720037
3534,-0.675594
3535,1.348948
3536,-0.374909
3537,-1.602265
3538,-1.085376
3539,0.521257
3540,0.746566
3541,0.290740
3542,-0.805996
3543,0.048033
3544,1.438124
3545,-0.163683
3546,-1.072294
3547,-2.317090
3548,-0.474918
3549,0.806482
3550,0.729499
3551,0.250801
3552,0.371337
3553,0.348659
3554,0.269047
3555,-0.884930
3556,0.777586
3557,1.299465
3558,0.430617
3559,-1.060231
3560,0.827969
3561,0.773308
3562,-0.639887
3563,0.353089
3564,-1.351479
3565,0.023893
3566,-0.162590
3567,0.676938
3568,-0.931470
3569,-0.669824
3570,0.747035
3571,0.985312
3572,-0.271157
3573,-1.458387
3574,1.144599
3575,-1.309834
3576,-0.617181
3577,-0.469227
3578,-0.641229
3579,-0.372042
3580,-0.644973
3581,1.151711
3582,-1.729630
3583,-0.472898
3584,0.091455
3585,-1.317335
3586,-0.770559
3587,0.978007
3588,-1.365599
3589,-0.461123
3590,-0.376374
3591,0.653524
3592,-0.430928
3593,-0.780343
3594,-2.184966
3595,-0.191693
3596,0.584319
3597,0.194579
3598,0.192499
3599,1.260049
3600,2.360028
3601,1.469194
3602,-1.036995
3603,-0.583237
3604,1.309559
3605,1.972434
3606,0.033045
3607,-1.550190
3608,-0.817688
3609,-1.284992
3610,-0.246273
3611,-1.545619
3612,-0.721477
3613,1.275572
3614,-1.085207
3615,-0.180068
3616,0.945994
3617,0.334716
3618,0.193492
3619,0.229169
3620,-1.201973
3621,-0.968558
3622,-1.926957
3623,0.095513
3624,-0.620842
3625,0.404917
3626,1.486358
3627,0.738493
3628,0.315001
3629,0.399517
3630,0.066863
3631,-0.943077
3632,2.111087
3633,0.061099
3634,-0.834730
3635,-1.436446
3636,0.289603
3637,-0.818105
3638,-0.506976
3639,-0.314889
3640,0.067912
3641,1.208673
3642,0.881465
3643,1.238907
3644,0.371701
3645,0.244558
3646,-0.697784
3647,1.805759
3648,0.353465
3649,0.697438
3650,0.886682
3651,0.440362
3652,-0.477054
3653,0.022877
3654,-1.098749
3655,0.799010
3656,1.503733
3657,0.659425
3658,-0.998342
3659,-0.337950
3660,-1.035713
3661,0.552127
3662,1.486774
3663,-3.246518
3664,-1.405484
3665,0.653128
3666,0.318019
3667,-1.374049
3668,0.728409
3669,0.829137
3670,-0.828191
3671,-0.662476
3672,-0.900463
3673,-0.639507
3674,-0.123250
3675,0.285062
3676,0.147786
3677,1.011590
3678,1.224441
3679,1.354597
3680,0.083311
3681,0.750879
3682,-0.017184
3683,0.125107
3684,0.736815
3685,-0.417396
3686,0.832728
3687,1.953436
3688,-0.373511
3689,0.400916
3690,0.044088
3691,-0.137602
3692,1.732452
3693,1.305432
3694,1.277924
3695,-1.489147
3696,1.010638
3697,0.276898
3698,-0.616840
3699,-1.945420
3700,0.181850
3701,-0.222129
3702,-0.427345
3703,1.344034
3704,-0.855639
3705,0.900862
3706,0.119628
3707,-0.511881
3708,-0.263697
3709,-1.239661
3710,0.593029
3711,-0.681443
3712,0.744530
3713,0.309622
3714,0.570581
3715,-0.212916
3716,0.085528
3717,0.704750
3718,1.234902
3719,0.120578
3720,-1.064027
3721,-0.682764
3722,-0.841049
3723,0.109575
3724,2.219355
3725,1.229352
3726,-0.017348
3727,0.595849
3728,-0.789823
3729,1.115529
3730,-0.672657
3731,-0.268823
3732,-0.169994
3733,-1.584922
3734,0.517608
3735,0.468501
3736,0.552720
3737,0.089743
3738,-1.693340
3739,-1.132453
3740,0.629863
3741,2.023799
3742,2.385810
3743,-0.669892
3744,-1.246246
3745,-0.069921
3746,0.778690
3747,-0.977257
3748,0.408677
3749,0.601167
3750,-0.567487
3751,0.221583
3752,1.089337
3753,3.686390
3754,0.794726
3755,-0.063499
3756,-0.476605
3757,0.070963
3758,-1.565852
3759,0.072392
3760,0.485539
3761,1.400403
3762,-1.135030
3763,0.760687
3764,-2.308923
3765,-0.493539
3766,0.954433
3767,-0.368983
3768,-0.438190
3769,-1.067353
3770,-1.345925
3771,-0.206798
3772,-0.313408
3773,0.581294
3774,-0.054037
3775,0.458778
3776,0.621244
3777,2.229760
3778,0.618938
3779,0.807586
3780,-0.544610
3781,-0.235314
3782,-0.757391
3783,-1.407824
3784,-1.373876
3785,1.132287
3786,-0.535752
3787,1.282264
3788,-1.722874
3789,0.307107
3790,-0.080103
3791,2.265648
3792,1.727397
3793,0.490602
3794,0.365214
3795,0.807678
3796,0.400732
3797,-1.261438
3798,-0.077634
3799,-0.069906
3800,0.981484
3801,1.132870
3802,-0.162909
3803,0.778851
3804,1.463186
3805,-1.155176
3806,-0.386287
3807,-1.805704
3808,-0.188668
3809,-0.042802
3810,-0.136089
3811,1.047362
3812,1.795362
3813,0.292680
3814,-0.110525
3815,0.708230
3816,-0.689790
3817,0.157377
3818,-2.158019
3819,-1.519298
3820,-1.093994
3821,-0.648258
3822,0.121449
3823,0.031585
3824,-2.022937
3825,0.130130
3826,0.046473
3827,0.529619
3828,0.794957
3829,0.215065
3830,1.842304
3831,-0.330698
3832,1.023417
3833,-1.496071
3834,0.404055
3835,1.275477
3836,1.141191
3837,0.484917
3838,2.431450
3839,1.978350
3840,-0.060530
3841,-1.515029
3842,-0.695066
3843,0.889460
3844,1.195583
3845,0.205717
3846,0.889613
3847,0.830923
3848,-0.153779
3849,-1.548763
3850,-1.060585
3851,-0.008529
3852,0.021348
3853,0.786725
3854,-0.061198
3855,1.156222
3856,-1.127759
3857,-0.307034
3858,0.243698
3859,0.641376
3860,0.734586
3861,-0.818959
3862,-1.370072
3863,0.358705
3864,0.452181
3865,0.944287
3866,-0.743525
3867,-0.089123
3868,-0.178098
3869,-0.274488
3870,0.306882
3871,1.272731
3872,-0.627952
3873,-0.074075
3874,1.492950
3875,-0.253158
3876,-2.081005
3877,-1.089786
3878,0.776429
3879,0.635124
3880,-0.444986
3881,-0.999526
3882,-0.518933
3883,0.295311
3884,-0.335508
3885,0.036113
3886,-0.199931
3887,1.081891
3888,2.288953
3889,3.416340
3890,2.020809
3891,1.347487
3892,-0.322081
3893,1.048672
3894,0.782617
3895,-0.077304
3896,-0.583851
3897,0.365756
3898,-0.866573
3899,-0.042925
3900,-0.699972
3901,-0.094097
3902,-0.803695
3903,0.466254
3904,0.450786
3905,0.228991
3906,-1.382930
3907,0.829371
3908,-0.195027
3909,-0.719401
3910,0.153298
3911,0.582260
3912,-0.303168
3913,0.993214
3914,-0.429178
3915,-0.341693
3916,0.069718
3917,-0.461386
3918,-0.367645
3919,-2.239442
3920,-0.433128
3921,0.835816
3922,0.171947
3923,0.146836
3924,1.009616
3925,0.172298
3926,-0.080960
3927,-0.406733
3928,-0.531150
3929,-0.691189
3930,-0.744108
3931,-1.047679
3932,-2.500581
3933,-0.425281
3934,-0.610987
3935,0.757575
3936,-0.262434
3937,0.055124
3938,1.746742
3939,0.088231
3940,-0.681621
3941,-1.068521
3942,-1.185339
3943,0.513125
3944,0.505868
3945,0.381762
3946,-0.528456
3947,-0.046132
3948,0.637046
3949,-0.093196
3950,0.359891
3951,0.133468
3952,0.643250
3953,0.393306
3954,-1.304180
3955,0.176559
3956,-0.070609
3957,-1.716839
3958,-2.080142
3959,-2.537533
3960,0.885383
3961,1.138485
3962,1.313588
3963,-0.744130
3964,-0.114481
3965,0.851699
3966,0.445593
3967,0.393568
3968,1.096351
3969,1.116683
3970,-1.718121
3971,1.403140
3972,-2.010681
3973,0.505265
3974,0.282079
3975,0.564732
3976,2.435164
3977,-1.261311
3978,-1.727941
3979,-0.809743
3980,-0.134337
3981,-0.825966
3982,-1.862806
3983,-1.399741
3984,-0.157798
3985,-0.395987
3986,1.140932
3987,-0.152429
3988,1.499637
3989,-0.228445
3990,-0.180644
3991,-0.364755
3992,0.702712
3993,-0.847629
3994,-0.029357
3995,-0.542082
3996,0.141916
3997,-0.697378
3998,0.532465
3999,-1.240821
4000,-0.262463
4001,0.700999
4002,-0.057790
4003,0.036087
4004,-0.090428
4005,1.479947
4006,0.705242
4007,0.571184
4008,-0.179350
4009,0.796759
4010,-1.169347
4011,-0.344945
4012,0.840585
4013,0.003472
4014,0.413650
4015,1.258740
4016,0.371499
4017,-0.193085
4018,-1.378550
4019,-1.182636
4020,-1.647015
4021,0.339741
4022,-1.592484
4023,0.030226
4024,-1.201580
4025,-0.484022
4026,-0.300231
4027,1.253383
4028,0.182727
4029,-0.896539
4030,-0.492910
4031,0.165310
4032,-1.165147
4033,-0.102510
4034,1.590258
4035,0.879831
4036,-0.972796
4037,0.670725
4038,-0.983248
4039,0.393812
4040,0.051929
4041,0.066853
4042,1.881659
4043,0.733051
4044,0.973502
4045,-0.727916
4046,-1.565334
4047,-0.013888
4048,0.787076
4049,-0.638074
4050,-1.106943
4051,-0.365695
4052,-0.458811
4053,-2.017905
4054,0.056670
4055,-1.320283
4056,-0.672194
4057,-1.559387
4058,0.442288
4059,0.532982
4060,-0.938055
4061,-0.645828
4062,1.517138
4063,1.103142
4064,1.530973
4065,0.576488
4066,-0.265455
4067,-0.583111
4068,-0.200303
4069,-0.776617
4070,0.931560
4071,1.268950
4072,1.206210
4073,-0.160459
4074,0.398094
4075,0.313257
4076,-1.302579
4077,0.233841
4078,-0.223648
4079,-1.782448
4080,1.437064
4081,0.810681
4082,-1.016982
4083,-1.801183
4084,0.960954
4085,1.991505
4086,-0.220797
4087,-1.085070
4088,-1.429566
4089,-0.129726
4090,-1.213717
4091,-1.858202
4092,-2.311550
4093,0.261847
4094,-0.621757
4095,0.318731
4096,-1.093394
4097,0.355785
4098,-0.137363
4099,-0.532447
4100,-0.372056
4101,-0.961095
4102,-0.367918
4103,0.530018
4104,0.827305
4105,1.138614
4106,-0.386444
4107,0.943636
4108,0.689369
4109,0.846696
4110,0.441232
4111,0.757765
4112,-0.063026
4113,0.348839
4114,0.473428
4115,0.086954
4116,0.937245
4117,2.962061
4118,-1.233037
4119,1.547606
4120,0.003402
4121,-0.179252
4122,-1.352391
4123,-0.707343
4124,-0.914903
4125,0.945416
4126,-0.640559
4127,0.828348
4128,-0.079802
4129,0.083541
4130,-0.610482
4131,-0.889772
4132,14.721816
4133,16.332658
4134,19.429180
4135,17.570068
4136,15.807290
4137,16.620944
4138,18.182020
4139,17.492657
4140,18.327923
4141,16.862813
4142,17.549645
4143,20.506655
4144,17.323308
4145,18.153241
4146,14.553131
4147,16.676128
4148,17.111959
4149,15.446315
4150,18.243881
4151,18.077856
4152,20.702633
4153,16.125160
4154,18.691250
4155,19.099066
4156,14.168881
4157,14.956679
4158,13.970375
4159,14.116694
4160,16.813084
4161,12.894147
4162,17.170591
4163,17.225508
4164,17.759769
4165,15.909069
4166,19.628401
4167,19.962226
4168,16.765067
4169,16.599296
4170,18.316984
4171,16.004552
4172,16.448648
4173,15.009256
4174,18.971390
4175,17.560299
4176,18.408321
4177,13.901366
4178,15.562243
4179,16.717643
4180,15.822223
4181,16.678907
4182,14.845785
4183,19.973534
4184,18.655780
4185,14.726104
4186,15.489922
4187,15.220618
4188,15.661910
4189,19.663932
4190,18.278636
4191,17.200017
4192,17.450726
4193,17.243488
4194,17.701443
4195,18.232069
4196,21.013767
4197,20.885472
4198,16.655748
4199,14.532032
4200,16.993680
4201,13.392465
4202,18.330234
4203,19.109735
4204,19.307687
4205,20.657103
4206,17.697907
4207,17.426191
4208,12.177966
4209,18.700811
4210,16.049220
4211,18.926133
4212,20.977060
4213,21.598402
4214,20.661815
4215,21.763102
4216,16.750512
4217,14.493718
4218,17.906899
4219,18.301800
4220,14.520212
4221,20.739754
4222,17.667463
4223,18.438467
4224,16.317177
4225,17.156818
4226,13.536483
4227,18.816911
4228,16.906223
4229,15.366233
4230,19.034416
4231,19.629835
4232,18.248606
4233,19.923831
4234,15.037115
4235,12.832084
4236,18.233013
4237,17.853317
4238,15.683817
4239,17.200419
4240,13.998336
4241,18.878572
4242,20.054357
4243,13.734098
4244,14.707326
4245,14.831879
4246,19.118486
4247,17.760826
4248,16.232097
4249,21.079263
4250,20.193223
4251,18.474971
4252,20.391721
4253,16.656523
4254,17.164934
4255,20.832494
4256,21.960513
4257,16.369311
4258,18.075174
4259,17.057344
4260,16.325728
4261,15.868668
4262,20.460568
4263,18.653617
4264,17.810285
4265,12.348727
4266,15.948666
4267,15.274797
4268,17.998383
4269,16.620242
4270,16.506382
4271,18.108329
4272,15.990291
4273,15.869665
4274,19.572785
4275,20.397450
4276,20.124290
4277,16.810893
4278,17.738218
4279,14.548403
4280,19.464974
4281,19.585108
4282,15.498891
4283,16.374621
4284,16.824453
4285,19.377488
4286,17.754222
4287,20.176601
4288,17.458882
4289,20.157190
4290,17.998364
4291,16.938191
4292,17.982470
4293,16.424625
4294,15.099109
4295,19.920039
4296,17.499132
4297,15.245998
4298,17.379969
4299,18.425818
4300,19.468293
4301,19.925554
4302,20.189713
4303,18.474331
4304,15.996146
4305,16.076188
4306,16.176226
4307,17.135930
4308,13.240174
4309,14.223717
4310,14.747862
4311,17.057421
4312,18.626680
4313,13.045960
4314,12.877818
4315,16.956322
4316,19.471418
4317,17.908409
4318,16.886197
4319,17.273013
4320,17.875781
4321,18.522324
4322,13.938356
4323,20.412313
4324,17.141055
4325,17.256372
4326,17.520679
4327,20.060620
4328,20.375803
4329,17.261909
4330,17.806006
4331,18.780304
4332,19.335012
4333,18.724689
4334,17.247099
4335,17.175889
4336,13.778097
4337,18.617629
4338,17.195188
4339,17.603130
4340,18.470492
4341,17.449747
4342,17.343031
4343,18.411773
4344,19.406404
4345,13.764308
4346,17.064026
4347,19.877125
4348,18.850468
4349,18.815095
4350,16.412929
4351,17.714494
4352,18.351083
4353,20.795954
4354,19.590197
4355,16.259553
4356,19.260502
4357,18.465738
4358,17.961694
4359,18.133032
4360,17.513146
4361,18.419624
4362,19.517146
4363,19.685857
4364,20.355822
4365,18.837275
4366,17.320857
4367,16.832154
4368,18.838773
4369,20.529407
4370,21.476106
4371,20.206951
4372,17.097859
4373,17.789952
4374,20.417669
4375,15.802569
4376,21.309476
4377,18.942411
4378,21.255938
4379,20.737199
4380,23.011127
4381,18.075340
4382,19.851847
4383,19.733050
4384,21.912328
4385,21.385462
4386,19.928990
4387,16.394281
4388,18.268902
4389,19.939907
4390,20.360943
4391,17.798142
4392,21.788439
4393,19.041058
4394,23.741447
4395,21.387068
4396,19.898229
4397,19.709603
4398,19.153561
4399,18.256574
4400,16.612188
4401,22.668312
4402,17.458916
4403,14.687659
4404,23.639816
4405,20.833917
4406,18.845688
4407,19.326708
4408,20.136276
4409,18.672505
4410,17.703896
4411,19.439650
4412,22.269723
4413,21.063018
4414,21.257401
4415,18.974807
4416,17.815872
4417,17.068135
4418,21.986555
4419,18.831868
4420,18.725142
4421,20.936828
4422,20.095874
4423,14.575698
4424,17.393364
4425,15.551742
4426,18.297656
4427,19.183513
4428,22.262451
4429,20.003982
4430,18.024216
4431,20.065852
4432,18.326144
4433,19.729470
4434,20.244292
4435,20.923413
4436,23.236293
4437,17.073186
4438,19.124480
4439,19.103243
4440,17.323986
4441,16.767414
4442,19.976466
4443,19.439951
4444,18.956031
4445,18.374215
4446,19.938398
4447,17.221737
4448,17.669098
4449,20.509200
4450,18.561747
4451,18.333655
4452,16.369772
4453,21.705617
4454,20.737568
4455,17.560002
4456,17.251066
4457,17.922820
4458,15.453997
4459,17.158813
4460,17.333269
4461,19.454345
4462,21.424606
4463,19.808216
4464,21.395484
4465,20.485505
4466,19.131808
4467,19.419346
4468,23.318989
4469,22.557488
4470,19.209108
4471,19.334283
4472,19.909413
4473,21.758632
4474,17.096858
4475,17.932754
4476,19.706564
4477,16.701720
4478,16.752130
4479,19.899995
4480,18.907016
4481,15.785855
4482,19.964296
4483,20.058034
4484,18.601764
4485,24.093439
4486,19.672475
4487,17.473784
4488,17.307531
4489,16.185350
4490,15.677951
4491,15.928032
4492,19.712799
4493,22.375508
4494,16.131998
4495,20.143987
4496,17.238280
4497,21.357091
4498,17.418483
4499,18.079818
4500,17.449321
4501,17.943186
4502,17.945446
4503,15.432845
4504,12.453919
4505,15.274888
4506,19.938045
4507,20.038139
4508,18.184870
4509,19.358923
4510,16.831649
4511,20.563776
4512,15.485359
4513,13.658701
4514,19.490718
4515,19.395541
4516,16.196869
4517,12.271916
4518,19.025013
4519,19.856370
4520,19.208221
4521,13.799522
4522,17.554953
4523,16.902065
4524,17.889616
4525,17.771612
4526,17.587874
4527,20.729940
4528,18.728173
4529,21.326444
4530,24.038603
4531,17.915462
4532,14.512783
4533,18.611178
4534,16.313923
4535,17.285945
4536,15.855398
4537,19.261188
4538,15.991019
4539,21.120554
4540,19.959711
4541,19.835364
4542,19.158029
4543,17.185635
4544,17.217683
4545,17.948648
4546,18.750218
4547,16.254715
4548,18.758877
4549,16.107846
4550,15.827124
4551,12.967731
4552,14.655709
4553,16.280292
4554,18.543026
4555,19.865877
4556,17.008124
4557,17.250149
4558,17.860894
4559,19.870460
4560,18.020431
4561,18.996157
4562,19.227669
4563,16.467093
4564,19.917342
4565,20.106539
4566,17.527721
4567,20.200910
4568,18.552148
4569,20.825489
4570,14.715903
4571,16.035046
4572,17.391938
4573,19.101052
4574,21.345899
4575,18.920691
4576,18.624861
4577,17.874461
4578,17.133484
4579,16.855569
4580,20.681491
4581,18.245985
4582,20.487893
4583,19.849703
4584,15.072972
4585,19.377711
4586,16.106244
4587,17.188473
4588,19.031500
4589,18.683980
4590,15.869389
4591,19.179709
4592,18.481011
4593,18.480760
4594,20.430328
4595,22.845351
4596,18.348403
4597,17.842264
4598,17.460681
4599,20.294739
4600,13.252215
4601,18.305643
4602,18.122370
4603,19.782064
4604,21.326870
4605,16.124970
4606,19.029918
4607,22.199651
4608,19.474722
4609,16.726064
4610,15.983466
4611,15.323258
4612,16.449827
4613,15.416991
4614,16.132495
4615,19.151690
4616,20.491753
4617,20.768909
4618,19.890593
4619,21.421663
4620,19.497546
4621,17.759595
4622,16.194196
4623,17.987692
4624,17.538659
4625,20.053247
4626,15.985657
4627,19.415162
4628,22.657687
4629,22.882355
4630,21.053633
4631,15.980428
4632,20.258677
4633,21.114287
4634,16.855967
4635,15.178597
4636,20.079777
4637,20.653952
4638,19.048766
4639,16.367989
4640,20.196054
4641,16.093847
4642,18.440855
4643,19.935292
4644,17.206743
4645,18.424972
4646,17.983324
4647,17.148137
4648,20.348343
4649,18.222802
4650,16.376785
4651,20.742408
4652,16.791323
4653,15.417606
4654,19.928552
4655,21.477213
4656,19.294775
4657,15.042071
4658,17.755205
4659,14.000545
4660,14.147184
4661,19.941651
4662,16.115787
4663,22.329303
4664,17.770650
4665,18.087496
4666,19.817998
4667,18.501637
4668,18.462964
4669,16.665046
4670,17.305413
4671,12.869682
4672,15.199985
4673,19.886817
4674,19.510255
4675,16.734528
4676,17.399148
4677,19.826641
4678,17.409699
4679,20.446340
4680,18.395712
4681,24.078357
4682,19.879217
4683,18.062646
4684,18.363560
4685,21.677752
4686,16.952932
4687,21.737691
4688,22.431027
4689,21.539309
4690,17.777954
4691,16.426916
4692,19.868536
4693,20.070414
4694,20.077321
4695,20.195124
4696,19.665774
4697,19.235801
4698,21.839608
4699,21.787804
4700,19.842156
4701,14.855433
4702,17.591754
4703,16.230805
4704,14.708513
4705,16.547197
4706,17.345327
4707,18.440258
4708,18.614994
4709,17.738936
4710,21.483294
4711,16.961258
4712,17.190614
4713,18.720207
4714,18.464564
4715,20.249445
4716,15.572785
4717,19.103654
4718,23.800514
4719,22.737526
4720,20.886745
4721,19.380921
4722,17.117687
4723,20.279726
4724,18.608164
4725,18.103260
4726,18.164999
4727,18.020341
4728,18.910585
4729,21.231120
4730,17.728595
4731,19.082026
4732,22.709750
4733,20.351091
4734,20.664442
4735,18.092928
4736,16.978705
4737,18.005825
4738,16.735263
4739,20.411834
4740,15.952758
4741,18.299925
4742,12.843435
4743,17.271721
4744,22.679959
4745,20.466403
4746,19.010648
4747,18.695348
4748,18.066607
4749,19.962482
4750,19.931292
4751,18.562532
4752,20.138872
4753,17.020284
4754,20.453676
4755,16.850090
4756,16.403733
4757,15.366969
4758,13.900654
4759,16.738822
4760,18.519026
4761,22.480497
4762,21.021334
4763,22.620096
4764,20.384666
4765,22.086593
4766,18.708672
4767,16.211392
4768,18.765680
4769,17.798759
4770,19.328356
4771,21.003702
4772,21.195079
4773,18.093928
4774,17.677232
4775,20.523782
4776,17.403702
4777,19.262458
4778,19.335505
4779,19.959881
4780,20.195224
4781,17.159484
4782,18.053191
4783,14.441140
4784,3.755449
4785,1.279123
4786,1.151705
4787,1.382676
4788,0.538625
4789,1.018413
4790,0.232493
4791,0.696799
4792,0.887648
4793,0.079606
4794,1.741101
4795,2.819831
4796,0.933466
4797,-1.545808
4798,-0.172417
4799,0.537339
4800,1.167543
4801,0.013735
4802,0.270157
4803,-0.373957
4804,-0.522519
4805,-0.287613
4806,-1.357356
4807,-0.683341
4808,-0.294246
4809,-0.256464
4810,-0.443102
4811,-0.936014
4812,-0.557614
4813,-0.379876
4814,-1.383428
4815,1.937145
4816,-1.000137
4817,-0.537406
4818,1.506756
4819,0.504247
4820,0.392401
4821,0.184830
4822,0.524360
4823,-0.147312
4824,-0.638926
4825,1.400919
4826,-0.539758
4827,-0.296570
4828,0.249855
4829,-1.328197
4830,1.894419
4831,1.020082
4832,-1.738861
4833,0.913335
4834,1.967352
4835,-0.635817
4836,-0.185791
4837,-1.917333
4838,-0.546912
4839,-0.079359
4840,1.470639
4841,-0.681612
4842,-0.635536
4843,-1.159355
4844,-1.209553
4845,-0.240563
4846,0.075034
4847,0.475854
4848,-0.023607
4849,2.057706
4850,-0.393210
4851,-0.621539
4852,-1.617466
4853,-1.536472
4854,0.192831
4855,1.186507
4856,0.376672
4857,0.574496
4858,1.721015
4859,2.145371
4860,-0.654211
4861,-1.013736
4862,0.021377
4863,-0.579306
4864,-0.295517
4865,0.696342
4866,0.747771
4867,1.610313
4868,-0.079104
4869,0.029504
4870,-0.419320
4871,-0.168899
4872,0.595259
4873,-0.254522
4874,-0.028229
4875,1.213115
4876,2.127858
4877,2.054636
4878,0.933719
4879,0.435460
4880,3.548594
4881,-0.512150
4882,-0.835394
4883,0.135922
4884,-0.367204
4885,0.687688
4886,0.150079
4887,0.263531
4888,0.702430
4889,0.381061
4890,-0.613299
4891,1.062211
4892,1.099197
4893,1.412474
4894,0.929237
4895,0.171335
4896,1.131563
4897,-1.212583
4898,0.278098
4899,-0.355453
4900,-0.589172
4901,0.125411
4902,0.842353
4903,-0.983538
4904,-0.959201
4905,-1.526428
4906,1.019574
4907,-0.299816
4908,0.857846
4909,0.973982
4910,0.209479
4911,0.450969
4912,-0.842245
4913,-1.190219
4914,-2.867363
4915,-2.669437
4916,0.520387
4917,-0.311440
4918,-1.193452
4919,-0.390429
4920,-0.836817
4921,-0.975540
4922,1.447786
4923,0.080973
4924,-0.216095
4925,-1.950800
4926,-1.344798
4927,-0.857405
4928,-0.772855
4929,-0.543230
4930,-1.847210
4931,-1.706045
4932,-0.040450
4933,-0.381842
4934,-0.519496
4935,0.442873
4936,-1.451305
4937,-0.591325
4938,1.151834
4939,-0.800992
4940,1.640520
4941,-0.160082
4942,-1.274405
4943,0.513436
4944,1.070358
4945,0.130439
4946,-0.400809
4947,-0.417263
4948,-0.666126
4949,0.939506
4950,-1.442327
4951,-2.372944
4952,0.195018
4953,0.269927
4954,-0.717757
4955,0.410451
4956,0.769535
4957,-0.938008
4958,-1.870660
4959,-1.129146
4960,-1.638021
4961,-2.328162
4962,0.130033
4963,0.332416
4964,1.532238
4965,0.048730
4966,0.878027
4967,2.873160
4968,0.312509
4969,-0.146884
4970,-0.850871
4971,-0.325647
4972,0.308564
4973,1.491683
4974,0.439603
4975,0.386866
4976,3.067536
4977,-1.654081
4978,0.095111
4979,0.766000
4980,1.736061
4981,0.821943
4982,0.423717
4983,1.096973
4984,-0.387510
4985,-0.591663
4986,0.434241
4987,-0.407595
4988,0.487578
4989,-1.275777
4990,1.027131
4991,0.942123
4992,-0.080637
4993,0.931518
4994,1.006528
4995,0.310193
4996,-1.179574
4997,-0.746984
4998,-0.195801
4999,0.648333
5000,0.017105
5001,1.213590
5002,-0.219877
5003,2.672490
5004,-0.369478
5005,0.546144
5006,-0.692714
5007,-0.117992
5008,0.327846
5009,0.226574
5010,-0.123389
5011,-0.111568
5012,0.013401
5013,1.284233
5014,-0.679917
5015,1.179250
5016,-0.365486
5017,-0.841367
5018,1.033087
5019,0.172303
5020,-0.398983
5021,0.276407
5022,-0.469512
5023,-0.204849
5024,-0.161641
5025,1.477848
5026,0.331571
5027,-0.373636
5028,0.838289
5029,-1.681282
5030,-0.400898
5031,-0.436561
5032,0.900850
5033,0.700026
5034,2.117738
5035,-0.582640
5036,-1.091050
5037,0.086796
5038,-1.795653
5039,0.216559
5040,-1.203898
5041,-1.515594
5042,1.052380
5043,0.021054
5044,1.156575
5045,0.227224
5046,0.698775
5047,-1.194803
5048,0.727928
5049,0.330752
5050,-0.626036
5051,0.209348
5052,0.995685
5053,-0.967108
5054,0.125219
5055,-0.992016
5056,0.504372
5057,0.424850
5058,1.023198
5059,0.884448
5060,-0.266138
5061,-1.245515
5062,1.417579
5063,0.697167
5064,0.898782
5065,-0.427897
5066,-1.006351
5067,1.599623
5068,0.264652
5069,-0.244530
5070,-0.973255
5071,-2.947536
5072,-1.170877
5073,0.087236
5074,-1.129314
5075,1.804817
5076,0.969473
5077,0.394361
5078,0.500307
5079,0.195195
5080,-1.707520
5081,-1.264668
5082,-0.250632
5083,-1.839449
5084,0.406503
5085,-1.262147
5086,0.535126
5087,-0.574390
5088,0.735754
5089,-0.690625
5090,-2.105190
5091,1.167073
5092,0.480066
5093,-0.378678
5094,-0.463005
5095,0.572618
5096,-0.226142
5097,1.708536
5098,-0.109287
5099,-0.022925
5100,0.545660
5101,1.336354
5102,0.116876
5103,0.548897
5104,-0.768798
5105,-2.325387
5106,-1.291210
5107,-0.022325
5108,-0.999150
5109,-1.100372
5110,-0.192754
5111,1.703642
5112,0.594320
5113,0.904827
5114,-1.691883
5115,1.817903
5116,-0.134668
5117,0.535415
5118,0.962917
5119,0.354728
5120,0.493928
5121,-0.779718
5122,-2.083626
5123,-1.307625
5124,-1.202169
5125,0.007223
5126,0.630352
5127,-1.064249
5128,-0.334986
5129,0.993175
5130,2.566056
5131,0.414063
5132,-0.415181
5133,-0.731256
5134,-0.316284
5135,-0.860840
5136,1.035276
5137,-1.099662
5138,-0.356816
5139,1.164981
5140,-0.524153
5141,2.030779
5142,1.541798
5143,1.516289
5144,0.498300
5145,0.657357
5146,1.348422
5147,-1.009930
5148,1.223984
5149,0.382175
5150,0.280761
5151,-0.421496
5152,0.412358
5153,0.908316
5154,-0.267097
5155,-0.370864
5156,1.054533
5157,1.129533
5158,0.779156
5159,-0.117785
5160,-0.495308
5161,0.716669
5162,0.314693
5163,1.155387
5164,0.343109
5165,0.127643
5166,-1.606590
5167,-2.309875
5168,2.198884
5169,-0.185319
5170,-0.543501
5171,-0.644819
5172,0.541211
5173,-0.834920
5174,0.709006
5175,0.130080
5176,-0.677602
5177,-1.145953
5178,-0.629764
5179,0.585433
5180,-0.606728
5181,0.965823
5182,-1.054395
5183,-1.717662
5184,-0.641673
5185,-0.706346
5186,-0.080073
5187,0.629867
5188,1.262573
5189,1.339805
5190,-0.794917
5191,0.620699
5192,0.770545
5193,0.196377
5194,1.878349
5195,0.097811
5196,-0.221751
5197,-1.333277
5198,-0.086809
5199,-0.414880
5200,-2.389337
5201,-0.838396
5202,1.559338
5203,-1.140251
5204,0.303419
5205,-0.593726
5206,-1.406010
5207,-0.799170
5208,0.050199
5209,-0.348663
5210,-0.730926
5211,-0.385141
5212,0.144967
5213,-1.815671
5214,-1.414281
5215,-0.944824
5216,-1.374717
5217,-0.744474
5218,-0.159947
5219,1.481833
5220,0.974308
5221,1.156942
5222,0.596527
5223,-0.732115
5224,0.146880
5225,2.361921
5226,-0.835936
5227,-1.960032
5228,-0.525503
5229,-0.165256
5230,-0.635987
5231,2.225619
5232,0.429743
5233,-0.340572
5234,1.008353
5235,1.340204
5236,-1.243252
5237,-0.635909
5238,0.455193
5239,0.400985
5240,-0.411612
5241,0.172337
5242,0.210928
5243,-0.547673
5244,-0.049872
5245,-1.097633
5246,-0.109531
5247,2.109452
5248,0.275140
5249,0.536400
5250,1.596123
5251,-0.211979
5252,-0.222243
5253,0.023802
5254,1.395598
5255,2.040189
5256,1.458501
5257,1.156789
5258,0.036224
5259,2.730351
5260,-0.203299
5261,0.491948
5262,0.210228
5263,0.362960
5264,1.516892
5265,0.530367
5266,1.927445
5267,-0.273230
5268,-0.041017
5269,-0.135335
5270,-0.290593
5271,-0.481094
5272,-0.193753
5273,-1.642519
5274,-1.006238
5275,0.817592
5276,1.634171
5277,0.369201
5278,0.179765
5279,-0.238143
5280,0.286610
5281,-1.289541
5282,1.233212
5283,0.127388
5284,1.107527
5285,0.503309
5286,-0.356578
5287,0.863226
5288,2.490251
5289,1.846727
5290,1.282452
5291,-0.827898
5292,-1.428615
5293,-0.753909
5294,0.283221
5295,-0.418045
5296,0.585830
5297,-0.278792
5298,0.552921
5299,-0.250757
5300,-1.021956
5301,-0.504739
5302,0.432408
5303,2.206033
5304,2.094433
5305,-1.031461
5306,-0.801034
5307,-0.985912
5308,0.736616
5309,-0.457946
5310,0.594317
5311,0.879902
5312,-0.399840
5313,-1.382878
5314,-0.245167
5315,-0.464361
5316,-0.072943
5317,1.793829
5318,1.792533
5319,0.542297
5320,-1.264394
5321,-0.947727
5322,0.436415
5323,0.392451
5324,-1.176679
5325,0.658094
5326,1.396967
5327,-0.528925
5328,0.533583
5329,0.261668
5330,-0.314155
5331,0.861221
5332,0.721556
5333,-1.214872
5334,0.478284
5335,-0.814582
5336,0.037656
5337,0.534233
5338,-1.875793
5339,-2.011209
5340,-1.205736
5341,-0.779468
5342,-1.219053
5343,-1.311402
5344,-0.247454
5345,1.451909
5346,1.298114
5347,0.973900
5348,-0.726527
5349,-0.379955
5350,-0.830884
5351,-1.740065
5352,-0.599288
5353,1.036133
5354,-0.089331
5355,0.376244
5356,-0.300763
5357,-1.211480
5358,1.024995
5359,0.257048
5360,0.208697
5361,1.045803
5362,1.368389
5363,0.092764
5364,-1.253671
5365,-0.207585
5366,0.062825
5367,1.221911
5368,-0.662330
5369,-0.891864
5370,-0.145039
5371,0.372120
5372,0.368208
5373,0.053354
5374,0.657972
5375,-1.073595
5376,-1.287828
5377,0.263105
5378,0.154898
5379,0.113565
5380,-0.315562
5381,0.828011
5382,-0.927637
5383,0.269214
5384,-0.011675
5385,-0.924951
5386,0.005050
5387,-0.133082
5388,-0.646483
5389,-0.803496
5390,1.054383
5391,2.450751
5392,0.789996
5393,-0.206088
5394,-1.012916
5395,0.038609
5396,-0.253001
5397,0.235980
5398,-1.431673
5399,0.181984
5400,0.406060
5401,-0.569883
5402,-0.058920
5403,1.087227
5404,0.216987
5405,-0.352674
5406,0.625040
5407,2.120209
5408,2.053122
5409,1.869114
5410,0.414147
5411,1.802615
5412,1.313782
5413,-0.544652
5414,-0.532066
5415,-0.239245
5416,0.424158
5417,-0.408745
5418,-1.233145
5419,0.750047
5420,-0.477963
5421,1.899749
5422,0.060036
5423,0.747439
5424,0.707788
5425,-1.798820
5426,-0.647592
5427,-1.368722
5428,-0.859542
5429,-0.042268
5430,-0.666988
5431,0.263685
5432,0.777048
5433,-1.066647
5434,0.372343
5435,-3.505799
5436,1.243295
5437,0.671852
5438,0.475529
5439,-0.551855
5440,-0.772625
5441,-0.668267
5442,-0.079913
5443,0.293821
5444,-1.232394
5445,-1.143277
5446,-0.558899
5447,-0.297896
5448,-0.654145
5449,0.151994
5450,-0.335478
5451,0.473111
5452,0.315234
5453,1.526724
5454,1.407702
5455,-0.583117
5456,-1.713223
5457,-2.146770
5458,-1.340490
5459,-0.081899
5460,-0.132822
5461,-0.319313
5462,1.334782
5463,-0.101735
5464,-0.448416
5465,-0.778957
5466,-2.137833
5467,-2.040584
5468,-0.474681
5469,-0.169140
5470,-1.510647
5471,-1.715743
5472,-0.528122
5473,1.803565
5474,-0.649128
5475,0.832948
5476,1.013438
5477,0.587699
5478,1.419680
5479,2.037167
5480,3.064209
5481,0.069324
5482,1.481487
5483,0.388911
5484,1.435204
5485,1.220095
5486,-0.878853
5487,-1.257310
5488,1.046297
5489,0.107161
5490,0.547455
5491,-0.457738
5492,-1.095669
5493,0.016101
5494,1.926481
5495,-0.366681
5496,0.236178
5497,1.038658
5498,0.452321
5499,-1.245941
5500,0.095929
5501,-0.853316
5502,0.797334
5503,1.422013
5504,-1.491901
5505,0.633914
5506,0.210097
5507,0.503787
5508,-4.204905
5509,-1.397965
5510,0.078860
5511,0.010769
5512,-1.440365
5513,-2.247010
5514,-0.459674
5515,-1.466708
5516,-0.007808
5517,-0.708723
5518,-1.247130
5519,-1.099543
5520,1.936933
5521,0.699074
5522,1.480506
5523,-3.181171
5524,-0.820540
5525,0.784590
5526,0.277410
5527,-0.242523
5528,-0.244676
5529,0.107922
5530,0.798901
5531,1.778621
5532,1.118083
5533,0.368818
5534,0.397075
5535,-0.942039
5536,-0.236685
5537,1.063671
5538,0.063125
5539,2.009884
5540,0.577245
5541,-1.055989
5542,0.389710
5543,0.839400
5544,-0.363595
5545,-0.567550
5546,-0.323090
5547,0.705705
5548,0.735683
5549,-0.128349
5550,-2.177420
5551,-1.348251
5552,-0.932549
5553,0.434002
5554,0.408822
5555,-1.740837
5556,1.022796
5557,-0.388890
5558,-0.031320
5559,0.211869
5560,-0.737919
5561,-0.407762
5562,1.278611
5563,-0.423564
5564,-0.196571
5565,0.741733
5566,-0.685224
5567,-0.769041
5568,1.035063
5569,0.874346
5570,-0.628144
5571,-1.671168
5572,-0.021685
5573,-1.685323
5574,-0.257301
5575,-0.715676
5576,0.571756
5577,0.220853
5578,-1.535997
5579,0.623097
5580,-0.311403
5581,0.448971
5582,0.770963
5583,-0.201213
5584,-1.589932
5585,-0.934001
5586,-0.339471
5587,1.274790
5588,0.776617
5589,2.382830
5590,0.065050
5591,-0.043832
5592,0.818534
5593,0.124024
5594,-0.570597
5595,0.335441
5596,-0.167976
5597,0.267044
5598,0.891965
5599,0.485889
5600,0.746862
5601,-0.796015
5602,0.445041
5603,-0.914749
5604,-0.396048
5605,-0.902067
5606,-0.597362
5607,-0.579634
5608,-2.861725
5609,-1.672029
5610,-0.118987
5611,0.396310
5612,-0.147228
5613,1.886198
5614,0.704645
5615,-1.290471
5616,-0.005249
5617,0.845222
5618,-0.016972
5619,-0.172801
5620,0.758703
5621,-1.824831
5622,-0.724322
5623,-0.552179
5624,0.430552
5625,-1.767752
5626,0.457949
5627,0.330053
5628,-1.741277
5629,-0.502486
5630,-0.475928
5631,1.119097
5632,-0.616757
5633,-0.683164
5634,0.058330
5635,-1.217282
5636,1.374613
5637,0.062281
5638,-1.086363
5639,-0.733012
5640,-1.181667
5641,0.930800
5642,0.921674
5643,-1.177966
5644,-1.041644
5645,0.097985
5646,-1.214243
5647,-0.691913
5648,-0.532612
5649,1.031070
5650,0.766877
5651,0.891923
5652,0.068893
5653,-0.913311
5654,1.610800
5655,2.167021
5656,-1.978627
5657,-1.878957
5658,-1.539892
5659,-0.899688
5660,0.364220
5661,0.046365
5662,0.220192
5663,-1.803768
5664,-0.463437
5665,-0.412024
5666,0.132753
5667,0.760772
5668,0.340740
5669,-0.637949
5670,0.346264
5671,-0.209090
5672,0.328004
5673,0.600255
5674,0.315411
5675,-0.910565
5676,-0.238956
5677,-1.512862
5678,-0.567429
5679,-1.207173
5680,-1.561273
5681,-0.392429
5682,0.025235
5683,-0.149077
5684,-0.730545
5685,-1.231178
5686,0.157865
5687,-0.592835
5688,-0.401770
5689,-1.217667
5690,-0.000789
5691,0.610230
5692,0.812723
5693,-0.856768
5694,0.361658
5695,0.661913
5696,-0.548836
5697,-0.870641
5698,1.541934
5699,0.414021
5700,-1.238087
5701,-3.181608
5702,-0.865427
5703,-0.283415
5704,-0.263290
5705,0.157434
5706,0.516322
5707,1.736329
5708,0.462447
5709,-1.280778
5710,0.586733
5711,1.792530
5712,0.537734
5713,-0.305689
5714,2.128105
5715,0.195734
5716,-0.449771
5717,1.467651
5718,2.235125
5719,1.598643
5720,1.392487
5721,1.832522
5722,0.671632
5723,0.364944
5724,-0.014796
5725,2.673906
5726,0.319058
5727,0.389868
5728,0.418051
5729,-1.239183
5730,1.126614
5731,0.113665
5732,0.685992
5733,0.465391
5734,0.229545
5735,1.804433
5736,-0.837925
5737,-0.387566
5738,-1.054915
5739,-1.833142
5740,-0.216931
5741,0.013132
5742,-0.521765
5743,0.418271
5744,0.784090
5745,-0.931646
5746,1.140761
5747,0.072587
5748,-0.481333
5749,0.052270
5750,0.128915
5751,1.579502
5752,0.138797
5753,-1.287394
5754,2.203845
5755,1.120331
5756,-0.689874
5757,-1.559169
5758,-0.926485
5759,-1.532404
5760,-0.936986
5761,0.055172
5762,0.363013
5763,1.085891
5764,0.617681
5765,-0.978035
5766,0.589174
5767,-1.213170
5768,-0.161665
5769,-0.399173
5770,-0.482078
5771,1.594983
5772,-0.480710
5773,-0.488018
5774,-0.071347
5775,0.564061
5776,1.808291
5777,-1.516259
5778,-0.710375
5779,1.365138
5780,-0.485302
5781,-0.103242
5782,0.863701
5783,0.594581
5784,0.107328
5785,0.554549
5786,0.022594
5787,0.913202
5788,0.858786
5789,0.583393
5790,0.465052
5791,1.063775
5792,-0.115040
5793,-0.573039
5794,-0.439321
5795,-0.969790
5796,0.867127
5797,-0.002593
5798,-0.610829
5799,1.649224
5800,1.614858
5801,0.912291
5802,0.265283
5803,-0.352682
5804,0.220764
5805,0.400139
5806,1.421974
5807,0.068692
5808,0.087722
5809,-0.857727
5810,-0.789033
5811,0.264588
5812,-0.092026
5813,-1.142208
5814,-0.857620
5815,-1.401504
5816,-1.302599
5817,-0.667276
5818,1.676955
5819,1.217032
5820,-0.845448
5821,1.293714
5822,1.639662
5823,-0.741202
5824,-0.011673
5825,2.123517
5826,0.936361
5827,0.943783
5828,-0.562630
5829,-0.067060
5830,-0.883742
5831,-1.321278
5832,-2.572235
5833,-0.118971
5834,0.338914
5835,1.378746
5836,0.012144
5837,-0.157640
5838,-2.146216
5839,-0.890491
5840,-0.607408
5841,-0.428663
5842,-2.773237
5843,-0.056903
5844,1.093206
5845,1.248260
5846,0.781386
5847,-0.228061
5848,-0.994795
5849,-1.309116
5850,2.164262
5851,1.682024
5852,0.645006
5853,0.666578
5854,0.393359
5855,0.879631
5856,-2.091451
5857,-0.135473
5858,0.457808
5859,-0.510487
5860,-0.223706
5861,-0.209602
5862,-1.468570
5863,-0.130877
5864,0.146607
5865,-1.271141
5866,-1.333947
5867,-0.391890
5868,-1.935276
5869,-0.657330
5870,1.062488
5871,-0.694916
5872,-0.836217
5873,-1.333505
5874,0.194133
5875,1.328802
5876,-0.377451
5877,0.546049
5878,-0.201922
5879,-1.118962
5880,-0.788409
5881,-1.709773
5882,0.403256
5883,1.638414
5884,0.234549
5885,1.934862
5886,1.819924
5887,0.521875
5888,0.849660
5889,0.468247
5890,0.037031
5891,0.076363
5892,1.262086
5893,-0.156104
5894,-1.010050
5895,0.641815
5896,2.560951
5897,2.147435
5898,-0.122523
5899,-0.116245
5900,1.254432
5901,0.124830
5902,-0.126617
5903,-0.784419
5904,-0.332715
5905,-1.104878
5906,1.846821
5907,-1.380006
5908,0.102366
5909,-0.430570
5910,-0.464661
5911,0.826649
5912,-2.073796
5913,-0.576935
5914,-0.344573
5915,1.183170
5916,0.746480
5917,-1.058602
5918,-1.319490
5919,0.332942
5920,-0.009183
5921,0.931756
5922,0.365778
5923,0.833244
5924,1.225100
5925,0.216490
5926,2.235780
5927,-0.258300
5928,0.187493
5929,-0.020333
5930,-1.152093
5931,-1.247035
5932,0.185837
5933,-1.575784
5934,-0.638284
5935,-0.386976
5936,-1.062546
5937,-1.198955
5938,-0.690026
5939,0.649725
5940,0.176165
5941,0.416026
5942,-0.442739
5943,0.242160
5944,-1.307624
5945,1.810967
5946,0.173979
5947,0.458383
5948,0.750246
5949,0.174588
5950,1.004395
5951,-1.261238
5952,0.293176
5953,-0.821771
5954,-1.256559
5955,-0.058956
5956,-0.679119
5957,-1.719430
5958,0.981354
5959,-0.238833
5960,0.083051
5961,-0.965209
5962,-1.698968
5963,-0.330195
5964,0.487908
5965,0.784556
5966,0.892279
5967,-0.259051
5968,0.053679
5969,-0.056804
5970,-0.258940
5971,-1.793865
5972,-0.730345
5973,-0.027958
5974,0.278123
5975,0.856175
5976,0.925143
5977,0.036519
5978,-1.144156
5979,-0.778549
5980,-0.553565
5981,1.050476
5982,1.507995
5983,0.442739
5984,-1.140965
5985,-0.691609
5986,-0.507221
5987,0.451840
5988,0.101106
5989,-0.325887
5990,-0.487855
5991,1.660137
5992,0.443885
5993,-1.672567
5994,-1.256863
5995,-1.333105
5996,-0.292247
5997,1.265523
5998,1.548222
5999,-0.504849
6000,-1.611049
6001,-0.906736
6002,-3.402245
6003,-0.512202
6004,0.266399
6005,-0.325270
6006,0.373860
6007,-0.099614
6008,-0.587666
6009,-0.060068
6010,0.409485
6011,0.324657
6012,0.104692
6013,-0.699843
6014,-0.938962
6015,0.474702
6016,-0.277073
6017,-0.556735
6018,0.593340
6019,0.188923
6020,-1.539483
6021,-0.353686
6022,-0.327157
6023,-1.843551
6024,0.411668
6025,0.919470
6026,-0.030138
6027,0.551073
6028,1.975591
6029,-0.427513
6030,-0.859594
6031,0.462960
6032,0.234960
6033,-1.166511
6034,-0.311231
6035,0.780804
6036,0.700461
6037,0.295443
6038,2.697396
6039,1.194773
6040,0.589049
6041,-1.289343
6042,-0.125909
6043,-2.366587
6044,-0.204112
6045,-0.090139
6046,-0.201395
6047,0.194183
6048,-1.529577
6049,0.923935
6050,-0.970182
6051,0.765151
6052,-0.124247
6053,-0.555279
6054,-0.483387
6055,-0.802605
6056,0.943189
6057,-0.066097
6058,0.006040
6059,0.459009
6060,0.461088
6061,0.658565
6062,1.591629
6063,-0.131099
6064,-2.136092
6065,-0.247784
6066,0.999493
6067,-0.428201
6068,-0.484874
6069,0.222329
6070,1.680713
6071,-0.137796
6072,-0.310332
6073,-0.980558
6074,1.265801
6075,0.703521
6076,0.347514
6077,0.824691
6078,1.394168
6079,0.266407
6080,0.167354
6081,-0.663414
6082,0.267898
6083,0.414155
6084,-0.985045
6085,-0.436185
6086,-0.824369
6087,1.041901
6088,-0.193744
6089,0.721001
6090,0.659655
6091,-0.476363
6092,-0.826874
6093,-1.328324
6094,0.358002
6095,-0.875186
6096,-0.282882
6097,0.051172
6098,0.023290
6099,0.762140
6100,0.888293
6101,-1.239517
6102,-0.932061
6103,-0.303394
6104,-1.161324
6105,-0.545763
6106,-0.221778
6107,-0.945536
6108,1.671342
6109,1.271441
6110,0.382284
6111,-1.163156
6112,-0.819352
6113,-0.759174
6114,-0.206487
6115,-0.996691
6116,-0.951951
6117,0.143942
6118,-0.362708
6119,-0.483389
6120,-1.196419
6121,0.386305
6122,0.522524
6123,-0.471079
6124,-1.117663
6125,0.747714
6126,1.334282
6127,0.693432
6128,0.822244
6129,0.151007
6130,1.909507
6131,1.727884
6132,-0.008907
6133,0.768889
6134,0.812078
6135,-0.945499
6136,0.033987
6137,-0.446833
6138,0.181426
6139,0.275059
6140,-0.005083
6141,-0.416093
6142,1.040470
6143,-1.469597
6144,-1.815249
6145,-0.125080
6146,0.310650
6147,1.312933
6148,-0.434935
6149,-0.194275
6150,-0.341010
6151,-0.984758
6152,-0.163994
6153,-1.175801
6154,0.295490
6155,1.221009
6156,2.145548
6157,-0.433278
6158,0.050024
6159,-1.478656
6160,-0.211423
6161,2.736922
6162,-0.959028
6163,-0.867367
6164,-1.738842
6165,-0.318414
6166,0.281058
6167,0.745928
6168,1.556474
6169,0.840306
6170,-0.115486
6171,-0.315456
6172,-0.959630
6173,-0.205707
6174,0.530679
6175,1.247418
6176,-0.388792
6177,-0.124596
6178,0.755348
6179,-1.348419
6180,0.047759
6181,0.725468
6182,0.241176
6183,0.018330
6184,-1.621813
6185,-0.314834
6186,0.330912
6187,0.528895
6188,0.256366
6189,0.338802
6190,1.396006
6191,0.811081
6192,-1.332985
6193,-0.073549
6194,-1.188542
6195,-0.432397
6196,1.193650
6197,-0.265432
6198,-1.471225
6199,-1.013980
6200,-0.537214
6201,1.536730
6202,0.026892
6203,-0.925656
6204,-0.552253
6205,0.244420
6206,-2.938824
6207,2.112749
6208,-0.297381
6209,-1.381952
6210,-1.160979
6211,1.506855
6212,0.022674
6213,1.738230
6214,1.304524
6215,-1.626463
6216,-0.008534
6217,-1.439831
6218,-0.136836
6219,0.537430
6220,0.314864
6221,-1.564926
6222,-0.989029
6223,0.692981
6224,1.328950
6225,2.110390
6226,-1.201939
6227,-0.502848
6228,-0.237714
6229,0.472145
6230,-1.656798
6231,-0.047858
6232,0.401081
6233,-0.352081
6234,0.431325
6235,1.341525
6236,0.024955
6237,-0.673772
6238,0.636674
6239,-0.674668
6240,0.954661
6241,0.566830
6242,0.261052
6243,-0.892354
6244,1.253485
6245,0.609139
6246,1.341383
6247,0.938849
6248,-1.574796
6249,1.120901
6250,-0.261195
6251,0.123992
6252,-1.309273
6253,-0.889372
6254,-2.040940
6255,0.918884
6256,-0.002714
6257,-0.059362
6258,-1.472631
6259,-0.406127
6260,1.115923
6261,1.519575
6262,-0.510586
6263,-1.169085
6264,-0.007985
6265,1.099759
6266,0.707184
6267,1.089950
6268,1.238361
6269,-0.468234
6270,-0.215921
6271,0.445387
6272,0.227927
6273,-2.086801
6274,-0.756769
6275,-0.547811
6276,0.327789
6277,-0.383950
6278,0.013169
6279,0.706927
6280,-0.929912
6281,-1.704990
6282,0.817216
6283,0.183414
6284,1.285794
6285,-1.405628
6286,-0.576151
6287,0.368008
6288,1.738113
6289,1.210020
6290,-0.775737
6291,-0.015256
6292,1.056665
6293,-0.394835
6294,-1.113371
6295,-0.035452
6296,0.544423
6297,-1.369442
6298,-1.247220
6299,0.194467
6300,0.098768
6301,0.687746
6302,0.366035
6303,0.960590
6304,-0.597567
6305,-2.231157
6306,-0.880225
6307,2.613626
6308,-0.260270
6309,-0.377776
6310,0.355162
6311,-0.311596
6312,0.396794
6313,0.340190
6314,-0.390599
6315,-0.871621
6316,-0.166229
6317,-0.934638
6318,-1.021965
6319,0.755870
6320,-0.549068
6321,0.924974
6322,0.018357
6323,-0.861039
6324,-0.324097
6325,1.191468
6326,0.859136
6327,0.467984
6328,-1.471048
6329,1.783510
6330,-0.413839
6331,-1.093928
6332,-0.443212
6333,-0.638521
6334,-0.527685
6335,1.146078
6336,0.724901
6337,0.121510
6338,-0.816802
6339,0.939804
6340,-1.132558
6341,0.078386
6342,-0.652911
6343,0.912080
6344,0.801192
6345,-1.217731
6346,-0.743633
6347,-1.236849
6348,0.779194
6349,0.441407
6350,0.590789
6351,2.331725
6352,0.628962
6353,0.193664
6354,-0.056442
6355,2.699475
6356,0.869153
6357,1.374241
6358,1.728897
6359,-0.179607
6360,-0.062834
6361,0.477311
6362,0.387286
6363,-0.463966
6364,0.106376
6365,-1.666434
6366,0.482426
6367,0.161206
6368,0.502820
6369,-0.951851
6370,-1.911203
6371,0.023635
6372,0.893116
6373,1.795646
6374,-0.809186
6375,0.973541
6376,0.244580
6377,-0.184908
6378,0.919045
6379,1.014697
6380,-0.261882
6381,0.297652
6382,0.934639
6383,0.210835
6384,0.848604
6385,0.933070
6386,-0.368382
6387,-1.062282
6388,-1.345470
6389,-1.754337
6390,1.196166
6391,-0.656503
6392,-1.434589
6393,0.443060
6394,-0.485750
6395,-0.610933
6396,-1.116795
6397,-0.771419
6398,0.731262
6399,-1.131525
6400,-1.021221
6401,0.069447
6402,1.912172
6403,-0.129817
6404,1.288225
6405,0.678644
6406,0.614768
6407,-0.235313
6408,-1.899248
6409,0.200838
6410,-0.348642
6411,0.261132
6412,0.577215
6413,0.125403
6414,-0.023719
6415,1.109632
6416,0.945573
6417,1.797133
6418,1.797673
6419,0.150838
6420,-1.171619
6421,1.486106
6422,-0.285478
6423,1.797522
6424,1.269435
6425,-0.571571
6426,-0.414499
6427,-0.504762
6428,0.672076
6429,-0.848747
6430,0.187113
6431,1.466218
6432,0.434705
6433,-0.076573
6434,0.336136
6435,-0.326622
6436,-0.530672
6437,0.020951
6438,-0.090624
6439,2.379039
6440,-1.174670
6441,0.785459
6442,-0.441116
6443,-1.551328
6444,0.380082
6445,0.361929
6446,0.472418
6447,-0.189546
6448,0.891849
6449,-0.572940
6450,1.116085
6451,-0.052203
6452,0.417247
6453,1.277757
6454,-0.458564
6455,-0.904307
6456,0.072075
6457,-0.915109
6458,-1.932916
6459,-1.201648
6460,0.704289
6461,0.425350
6462,0.796081
6463,1.312282
6464,0.217339
6465,-1.622569
6466,0.369983
6467,0.631799
6468,-0.434655
6469,-1.522249
6470,-0.198994
6471,-1.203207
6472,0.936219
6473,0.706348
6474,-1.997490
6475,1.884467
6476,-0.569368
6477,-0.203454
6478,0.666172
6479,2.154984
6480,1.469083
6481,-0.374843
6482,1.003144
6483,0.368443
6484,-0.561400
6485,-0.571882
6486,0.610130
6487,1.901374
6488,-1.304500
6489,-1.006725
6490,-1.466584
6491,0.453988
6492,-1.069750
6493,-1.271274
6494,-0.147087
6495,-0.357385
6496,-0.771324
6497,0.025908
6498,1.673376
6499,2.126429
6500,-0.919700
6501,1.623479
6502,-0.055866
6503,-0.517692
6504,0.060644
6505,0.305561
6506,-0.094941
6507,0.689217
6508,0.698424
6509,0.469710
6510,0.700803
6511,1.093427
6512,-0.652931
6513,-1.235487
6514,-1.300771
6515,-2.684149
6516,-1.079494
6517,-0.148382
6518,1.173413
6519,0.916593
6520,0.088774
6521,1.726154
6522,0.113715
6523,-0.178820
6524,0.614892
6525,1.127327
6526,1.123212
6527,1.026417
6528,0.348724
6529,1.874580
6530,-0.847663
6531,-0.605781
6532,-1.282518
6533,0.120968
6534,-1.387353
6535,-1.216610
6536,-0.385498
6537,1.383802
6538,0.775518
6539,-0.790438
6540,-1.684521
6541,0.307391
6542,1.691057
6543,1.406139
6544,0.128719
6545,-1.386054
6546,-0.790827
6547,-0.979850
6548,-0.153338
6549,1.639095
6550,-0.460495
6551,-0.878905
6552,-1.413149
6553,-0.993127
6554,0.237294
6555,0.137408
6556,-0.390273
6557,1.664717
6558,0.011033
6559,0.853043
6560,1.939913
6561,0.813644
6562,0.394693
6563,-1.154520
6564,-0.487661
6565,-0.560390
6566,0.490379
6567,0.402284
6568,0.822243
6569,0.195896
6570,-1.184875
6571,-0.922365
6572,-1.958651
6573,-0.002848
6574,-0.530653
6575,-0.785323
6576,-1.255394
6577,0.607218
6578,0.154989
6579,0.683411
6580,-0.225065
6581,-0.938277
6582,0.634062
6583,-0.379409
6584,0.911350
6585,-1.573975
6586,0.407159
6587,-2.479406
6588,-1.269075
6589,-0.751468
6590,-1.734786
6591,-0.327462
6592,-1.384569
6593,1.997731
6594,0.985439
6595,1.042824
6596,0.725703
6597,-0.387169
6598,0.295198
6599,1.545519
6600,-0.387023
6601,-2.634021
6602,-2.110707
6603,-1.884312
6604,0.840473
6605,-0.179192
6606,-2.461150
6607,-0.386051
6608,-0.329163
6609,-1.517906
6610,-0.817875
6611,-0.999390
6612,-1.358267
6613,0.903977
6614,0.006642
6615,1.449802
6616,1.213560
6617,-0.314010
6618,-1.812048
6619,-1.164173
6620,-1.630909
6621,-1.558707
6622,-0.526809
6623,-1.940559
6624,-2.758321
6625,1.042987
6626,0.041353
6627,0.312309
6628,0.235752
6629,-0.712350
6630,0.188728
6631,0.368283
6632,-0.059243
6633,1.695590
6634,0.071891
6635,0.639560
6636,-0.594155
6637,0.822983
6638,-1.094200
6639,-1.520991
6640,-1.845032
6641,-1.063501
6642,0.601359
6643,0.048939
6644,-1.421525
6645,-0.809022
6646,0.452803
6647,-0.398458
6648,-1.558035
6649,-1.760745
6650,1.128393
6651,1.941748
6652,1.221857
6653,0.440390
6654,0.634175
6655,-1.228477
6656,0.456823
6657,1.592179
6658,-0.824282
6659,0.480218
6660,1.545425
6661,-0.590930
6662,-0.623414
6663,1.442562
6664,-0.368589
6665,0.664800
6666,0.878573
6667,-0.211032
6668,-0.798687
6669,0.439547
6670,1.933873
6671,0.921069
6672,1.473746
6673,1.010742
6674,-0.688178
6675,1.520526
6676,2.237095
6677,0.377477
6678,-0.123059
6679,0.553445
6680,1.036930
6681,-1.594695
6682,0.659658
6683,0.341322
6684,-1.254106
6685,-0.703650
6686,0.337322
6687,0.287209
6688,1.193786
6689,1.076360
6690,0.049821
6691,-0.708868
6692,0.946480
6693,-0.157016
6694,-0.279234
6695,-2.183196
6696,-0.947326
6697,1.070079
6698,-0.180718
6699,-1.632345
6700,-1.994258
6701,-0.405291
6702,-1.219885
6703,-1.218478
6704,-1.251304
6705,0.019463
6706,0.891837
6707,-1.764662
6708,-0.951798
6709,0.831404
6710,-0.622718
6711,-0.156513
6712,1.364169
6713,-0.936595
6714,-1.577074
6715,-1.211247
6716,-0.686095
6717,-0.703985
6718,-0.334893
6719,0.511386
6720,1.578533
6721,0.847789
6722,-1.860921
6723,-0.417138
6724,-1.329614
6725,0.187834
6726,-0.111865
6727,2.440800
6728,1.426993
6729,0.916606
6730,0.007437
6731,0.548850
6732,-1.351558
6733,-1.172589
6734,-1.301494
6735,-1.250832
6736,-0.188043
6737,0.502997
6738,0.293666
6739,-1.153926
6740,-0.696426
6741,0.099090
6742,-0.074328
6743,0.258173
6744,0.416225
6745,0.779751
6746,1.781138
6747,-0.179197
6748,-0.278160
6749,-0.185043
6750,-1.679871
6751,0.188936
6752,1.075349
6753,2.081175
6754,1.403930
6755,1.067454
6756,-1.180471
6757,0.039426
6758,0.300878
6759,0.692103
6760,-0.327768
6761,2.158739
6762,2.000234
6763,1.234866
6764,-0.802037
6765,-1.152740
6766,-0.793288
6767,-1.232707
6768,-0.739644
6769,-0.970602
6770,-0.007884
6771,-0.168402
6772,1.142227
6773,2.141395
6774,-0.274648
6775,-2.412291
6776,0.047981
6777,0.283895
6778,-0.131923
6779,1.686365
6780,0.644326
6781,1.553922
6782,0.831594
6783,0.689650
6784,0.560846
6785,-1.608879
6786,-1.253821
6787,0.201405
6788,0.815582
6789,-1.623574
6790,-0.196509
6791,-1.678381
6792,-1.863035
6793,-0.885490
6794,1.028186
6795,0.344912
6796,2.518680
6797,1.829445
6798,0.028238
6799,1.872344
6800,-0.565404
6801,0.188661
6802,-0.350577
6803,-0.081615
6804,-0.565160
6805,-0.607791
6806,0.888860
6807,1.725413
6808,1.693155
6809,3.137570
6810,0.135809
6811,0.027726
6812,0.345456
6813,0.698618
6814,1.430682
6815,0.180220
6816,-0.829676
6817,-0.017609
6818,-0.893140
6819,-1.475384
6820,-1.315307
6821,-1.206782
6822,-1.611397
6823,-0.287401
6824,-0.273823
6825,0.076806
6826,-1.600208
6827,-1.931976
6828,-0.786436
6829,-0.440245
6830,-1.047618
6831,-1.987155
6832,-0.838628
6833,-1.394315
6834,1.074065
6835,-0.989959
6836,-0.266031
6837,-0.259348
6838,2.180019
6839,0.697466
6840,-0.407614
6841,-0.983518
6842,0.370001
6843,-1.644297
6844,-1.862434
6845,0.075700
6846,1.486354
6847,-0.624336
6848,-0.679924
6849,0.351746
6850,-0.653049
6851,-1.132855
6852,-2.933725
6853,-1.868424
6854,-0.299132
6855,1.728037
6856,0.715609
6857,-0.671233
6858,0.546033
6859,0.797713
6860,0.518719
6861,2.437306
6862,-0.944741
6863,0.952534
6864,0.807739
6865,2.187193
6866,0.311321
6867,-0.765289
6868,1.153665
6869,-0.737240
6870,-0.652783
6871,-1.130785
6872,0.879069
6873,1.714393
6874,1.102722
6875,0.952428
6876,1.332578
6877,0.732718
6878,1.253408
6879,-1.580657
6880,-1.762547
6881,0.778009
6882,0.018261
6883,0.229127
6884,0.200895
6885,-2.287009
6886,-1.489747
6887,-1.123098
6888,-1.216141
6889,0.670574
6890,1.340304
6891,-0.340086
6892,1.052414
6893,0.760235
6894,1.198738
6895,-0.262763
6896,0.375602
6897,0.370534
6898,1.680341
6899,-0.079761
6900,-0.422871
6901,-0.602698
6902,0.708615
6903,0.654938
6904,0.523288
6905,0.652468
6906,0.160477
6907,-0.560512
6908,-1.225385
6909,0.348097
6910,-0.288904
6911,-1.987483
6912,-0.559445
6913,0.298115
6914,1.517982
6915,-0.787267
6916,-0.416772
6917,1.875778
6918,2.224675
6919,0.493446
6920,1.174778
6921,1.838375
6922,1.985102
6923,-0.991454
6924,1.825605
6925,0.289129
6926,0.410694
6927,-1.337054
6928,0.590341
6929,-0.979443
6930,0.445046
6931,0.162465
6932,1.085658
6933,-0.054771
6934,2.314313
6935,0.072140
6936,0.084329
6937,0.536622
6938,0.979464
6939,0.015881
6940,-1.599079
6941,0.497239
6942,0.246065
6943,-0.881063
6944,0.263401
6945,-0.276359
6946,-0.257446
6947,0.494107
6948,-0.334968
6949,-0.503711
6950,-0.092986
6951,0.064698
6952,0.878167
6953,-0.675839
6954,-0.248735
6955,0.971405
6956,2.016516
6957,0.380236
6958,0.067366
6959,0.181677
6960,-0.695949
6961,-0.502139
6962,0.656762
6963,1.159511
6964,-0.779800
6965,-0.386266
6966,-1.016872
6967,0.636129
6968,2.918904
6969,0.195073
6970,-0.698189
6971,0.877510
6972,1.707576
6973,0.131141
6974,1.451577
6975,1.301516
6976,0.475875
6977,0.323637
6978,3.158787
6979,1.485756
6980,1.250142
6981,-1.836603
6982,0.835784
6983,-0.188127
6984,0.141858
6985,2.904790
6986,-0.097888
6987,0.948738
6988,0.879192
6989,-0.831840
6990,0.397135
6991,1.232739
6992,-1.507035
6993,-0.474567
6994,-1.484628
6995,-0.990057
6996,-1.227213
6997,2.839289
6998,1.335699
6999,0.345989
7000,-0.215009
7001,0.154522
7002,0.333079
7003,-0.643725
7004,0.328952
7005,0.199757
7006,0.400643
7007,-0.397719
7008,-0.096630
7009,-1.763318
7010,-1.215198
7011,0.268723
7012,-1.048423
7013,-0.020715
7014,0.161063
7015,0.177612
7016,-0.844198
7017,-0.560913
7018,-1.558234
7019,-0.815114
7020,0.102946
7021,0.687620
7022,-0.868779
7023,0.272983
7024,2.200725
7025,-0.450209
7026,0.674346
7027,1.023871
7028,-0.206662
7029,-1.135253
7030,-0.364215
7031,0.182172
7032,0.320208
7033,-1.255826
7034,0.520573
7035,-0.347377
7036,0.284910
7037,-2.067915
7038,-1.110284
7039,-2.413259
7040,1.134538
7041,0.293907
7042,0.980119
7043,1.362672
7044,-0.001739
7045,0.560447
7046,-0.955251
7047,-0.697481
7048,1.867639
7049,0.128609
7050,-0.389476
7051,-1.738456
7052,-0.325069
7053,-0.005261
7054,-0.373304
7055,0.150599
7056,2.181721
7057,0.275065
7058,0.965855
7059,1.108552
7060,1.910242
7061,-1.659934
7062,0.146059
7063,-0.157244
7064,0.414855
7065,0.034185
7066,-0.677104
7067,-0.509898
7068,-1.315486
7069,1.186167
7070,0.802760
7071,-0.016012
7072,-1.307802
7073,-1.575097
7074,0.032505
7075,0.478507
7076,2.188485
7077,0.311032
7078,1.120307
7079,0.274176
7080,1.015401
7081,1.794724
7082,0.370247
7083,-0.812205
7084,0.022061
7085,-1.420958
7086,0.081370
7087,-0.514032
7088,-0.229688
7089,-0.262294
7090,-2.764257
7091,-2.206924
7092,-0.115279
7093,0.686404
7094,-0.310026
7095,-0.117461
7096,1.243638
7097,-1.557247
7098,-2.434899
7099,-1.722937
7100,-1.935007
7101,-0.375476
7102,1.248013
7103,0.805577
7104,-0.443520
7105,2.283304
7106,-0.131766
7107,1.160669
7108,-0.664946
7109,-2.135379
7110,1.072208
7111,1.966066
7112,-0.659646
7113,0.702127
7114,0.143764
7115,-0.860405
7116,-0.525396
7117,-0.824511
7118,0.581093
7119,0.113226
7120,-0.978606
7121,-0.939336
7122,-1.276836
7123,-0.085377
7124,-1.017139
7125,-0.551067
7126,1.486112
7127,1.245615
7128,-1.942242
7129,0.239515
7130,-0.141995
7131,0.876947
7132,0.736514
7133,0.033157
7134,0.751110
7135,1.228024
7136,-0.384678
7137,1.120295
7138,1.274472
7139,1.006799
7140,-1.046766
7141,-0.831466
7142,-0.336194
7143,-0.204388
7144,1.993639
7145,0.140975
7146,0.480962
7147,0.079256
7148,-1.097265
7149,-0.094270
7150,-1.487154
7151,-1.891369
7152,0.845605
7153,0.151069
7154,1.139229
7155,0.533761
7156,0.856433
7157,0.971932
7158,2.055456
7159,1.673546
7160,-0.796229
7161,-1.125476
7162,-1.498282
7163,-0.650314
7164,0.710098
7165,-0.447700
7166,-1.161759
7167,0.111245
7168,-0.829683
7169,0.622653
7170,-1.509734
7171,-1.524494
7172,0.427047
7173,1.087686
7174,0.141736
7175,1.104684
7176,-0.060447
7177,1.771542
7178,1.297462
7179,-0.464036
7180,-0.862104
7181,0.588756
7182,-0.905359
7183,-0.224323
7184,0.256592
7185,1.545956
7186,0.674275
7187,0.439246
7188,0.679018
7189,0.547373
7190,-0.556210
7191,0.453453
7192,1.243493
7193,-0.242713
7194,-1.200057
7195,-0.737107
7196,1.762955
7197,-1.319740
7198,1.601153
7199,-1.136303
7200,0.011584
7201,-0.443825
7202,-0.347567
7203,0.714543
7204,-0.403572
7205,-0.577038
7206,0.186272
7207,1.730408
7208,0.936945
7209,-0.217952
7210,1.053593
7211,1.191830
7212,0.188447
7213,-0.103843
7214,0.197454
7215,0.451797
7216,1.843605
7217,-0.936175
7218,-0.399563
7219,-1.815533
7220,-0.428731
7221,0.102997
7222,1.398492
7223,-2.617498
7224,-0.362780
7225,-1.362765
7226,-1.194457
7227,-1.292967
7228,0.100409
7229,1.257694
7230,0.188234
7231,-0.227973
7232,0.877759
7233,-0.214386
7234,-1.886771
7235,1.257199
7236,0.677733
7237,1.868739
7238,-0.102531
7239,1.882173
7240,0.366535
7241,1.940212
7242,0.119092
7243,-0.583406
7244,-0.952299
7245,1.330888
7246,-0.744571
7247,-1.334044
7248,1.098539
7249,1.037336
7250,0.359411
7251,-0.164073
7252,-1.600470
7253,-0.548180
7254,-1.542590
7255,1.483261
7256,-0.124155
7257,0.315041
7258,-0.644735
7259,-2.050255
7260,-1.795323
7261,-1.571049
7262,0.587233
7263,0.730715
7264,-0.297393
7265,-0.984369
7266,-0.102589
7267,-1.140186
7268,0.458673
7269,-1.006022
7270,-0.777305
7271,-0.150526
7272,0.484822
7273,0.019511
7274,1.025449
7275,2.173168
7276,-0.050909
7277,0.338554
7278,-0.832869
7279,-1.035085
7280,0.347341
7281,-0.686515
7282,1.723599
7283,1.012478
7284,-0.077577
7285,0.359066
7286,0.161986
7287,0.957891
7288,0.870231
7289,0.574590
7290,0.906210
7291,0.122453
7292,0.293327
7293,-0.349710
7294,-1.109190
7295,-1.171086
7296,-1.335867
7297,-1.360348
7298,-1.510547
7299,-1.644309
7300,-0.769524
7301,0.451738
7302,1.186298
7303,1.959343
7304,0.538898
7305,-0.633216
7306,-0.463614
7307,0.389219
7308,0.269761
7309,-0.158505
7310,0.548329
7311,1.791857
7312,2.040807
7313,0.180845
7314,-0.771123
7315,-0.499669
7316,1.326804
7317,0.481722
7318,-0.012114
7319,-0.196856
7320,0.010743
7321,0.342779
7322,-0.508146
7323,0.841234
7324,-0.531722
7325,-1.443716
7326,1.862115
7327,1.637340
7328,-0.712649
7329,-1.775397
7330,-0.063559
7331,-0.100782
7332,0.959590
7333,-1.245515
7334,-0.510862
7335,-0.023386
7336,1.274027
7337,-0.652931
7338,0.193199
7339,1.667058
7340,1.027514
7341,-0.604323
7342,0.764402
7343,0.124344
7344,-0.439049
7345,1.024570
7346,1.832368
7347,0.104074
7348,-1.187876
7349,0.505210
7350,0.530194
7351,0.031685
7352,0.151029
7353,1.075641
7354,2.184545
7355,-0.577899
7356,-0.236006
7357,-0.866575
7358,-0.648587
7359,-2.051979
7360,-1.089311
7361,-0.743814
7362,-1.624645
7363,1.219761
7364,0.363493
7365,0.336933
7366,-0.235087
7367,-1.066847
7368,-0.235774
7369,-0.408117
7370,-0.418141
7371,0.733571
7372,2.281393
7373,1.830448
7374,0.423310
7375,0.264152
7376,-0.898136
7377,-0.875269
7378,-1.288933
7379,-1.024718
7380,-1.999647
7381,0.813399
7382,-0.332768
7383,-0.298439
7384,-1.393209
7385,-2.644705
7386,0.381601
7387,-0.884041
7388,-1.110714
7389,-2.791817
7390,-1.945014
7391,0.636143
7392,-1.003847
7393,0.083038
7394,0.748523
7395,3.378762
7396,-0.145613
7397,-1.668147
7398,-1.996222
7399,3.135528
7400,1.443050
7401,-0.032811
7402,1.673558
7403,-0.032437
7404,0.133859
7405,0.125537
7406,-0.691368
7407,0.684374
7408,0.277691
7409,-0.626350
7410,-0.307462
7411,0.572442
7412,-0.365315
7413,-1.417330
7414,-1.827543
7415,-0.547647
7416,0.051801
7417,-1.078544
7418,1.261561
7419,-0.095568
7420,0.108855
7421,-0.094659
7422,0.700887
7423,1.189005
7424,0.103981
7425,-1.244408
7426,1.042408
7427,0.100121
7428,0.522449
7429,1.156014
7430,0.572677
7431,-1.686876
7432,-0.221953
7433,-0.870916
7434,-1.459421
7435,-1.582154
7436,-2.459222
7437,-1.407855
7438,-0.313132
7439,-1.292521
7440,1.423408
7441,1.127878
7442,1.669986
7443,0.865105
7444,-0.124912
7445,0.142102
7446,-0.657701
7447,-1.284304
7448,0.077284
7449,0.154709
7450,0.650540
7451,0.211097
7452,0.235436
7453,-0.366410
7454,-0.009750
7455,-0.605291
7456,0.991822
7457,0.061072
7458,-0.456826
7459,-1.426117
7460,0.144824
7461,-1.334983
7462,-0.689923
7463,-2.252324
7464,0.325961
7465,-0.935590
7466,-1.420567
7467,-1.075267
7468,-1.377555
7469,0.743168
7470,-0.016986
7471,1.590593
7472,0.933356
7473,0.198800
7474,-0.523920
7475,0.577724
7476,-0.083470
7477,0.423852
7478,1.567492
7479,1.430411
7480,0.150828
7481,1.372490
7482,-0.596988
7483,-0.361627
7484,-0.985252
7485,-1.724897
7486,-1.543602
7487,0.614149
7488,0.921704
7489,-1.026361
7490,2.126823
7491,1.431189
7492,-0.284145
7493,-0.384172
7494,1.312447
7495,-0.778604
7496,0.844432
7497,-0.779314
7498,-0.517170
7499,0.870165
7500,-0.880361
7501,-0.566026
7502,1.481138
7503,2.047962
7504,0.265096
7505,-0.115723
7506,0.759946
7507,-0.178277
7508,0.448295
7509,-0.091459
7510,-0.693833
7511,0.450091
7512,-0.480447
7513,-1.294559
7514,-0.960839
7515,0.196536
7516,0.035780
7517,0.385463
7518,1.490131
7519,-0.353003
7520,0.680880
7521,0.037542
7522,-0.238829
7523,0.081126
7524,1.908230
7525,0.490526
7526,0.164003
7527,0.173645
7528,-0.834876
7529,1.280279
7530,-1.721900
7531,-1.779236
7532,-0.531338
7533,-1.142083
7534,0.072312
7535,-0.588938
7536,-0.796434
7537,-0.685134
7538,-2.231689
7539,0.630430
7540,1.383480
7541,0.495217
7542,-0.384803
