# fname = f012121.csv
1,-1.406064
2,-2.724951
3,-1.308680
4,-1.046970
5,-1.358552
6,0.436385
7,-0.353945
8,-0.934093
9,0.668003
10,-0.776617
11,0.639611
12,0.398298
13,0.330211
14,0.635136
15,2.239082
16,-0.479156
17,0.597333
18,0.763861
19,2.215903
20,2.563103
21,3.169008
22,0.120419
23,-0.945807
24,-0.440419
25,0.661667
26,0.290757
27,0.372889
28,0.111098
29,-0.712702
30,-2.295607
31,-1.470429
32,-3.419710
33,0.230537
34,-1.784627
35,-1.725546
36,-0.149704
37,-0.085785
38,0.081281
39,-1.173124
40,-2.443276
41,-0.758779
42,0.067487
43,0.336177
44,-0.914494
45,-0.606129
46,-0.482585
47,-0.487099
48,-0.741161
49,1.343451
50,-0.649025
51,0.374809
52,1.501249
53,1.506068
54,0.143795
55,0.335282
56,-0.290798
57,0.649069
58,-0.520019
59,1.037217
60,1.221733
61,-0.407595
62,0.115460
63,1.077303
64,1.207802
65,0.903533
66,0.478761
67,-0.231713
68,1.315339
69,0.083823
70,0.603090
71,1.621225
72,-0.800468
73,-0.690151
74,-0.016939
75,-1.978820
76,0.737435
77,0.524505
78,0.650523
79,0.132727
80,-0.152789
81,-1.167456
82,-0.532209
83,-0.691133
84,1.344133
85,0.265172
86,0.965556
87,1.066384
88,-0.483446
89,-0.284985
90,-0.304252
91,0.532855
92,0.086038
93,0.168768
94,-1.575143
95,-0.210214
96,-0.496666
97,-0.320680
98,-1.923304
99,0.489265
100,-0.055466
101,-0.947371
102,-1.272780
103,-0.311622
104,0.816907
105,-0.113246
106,0.131274
107,-0.466444
108,-0.246800
109,0.836559
110,2.314095
111,1.591174
112,0.844017
113,0.024224
114,1.503846
115,0.096937
116,-1.595934
117,1.663697
118,1.569901
119,1.391761
120,-1.298971
121,-0.512692
122,2.013034
123,0.253852
124,1.533748
125,-0.032260
126,0.590589
127,-0.609241
128,-1.267585
129,-1.079157
130,-0.514872
131,1.225857
132,-1.503540
133,-0.194937
134,1.506285
135,-0.439043
136,0.536349
137,2.153120
138,0.664063
139,-0.290613
140,-0.181349
141,-0.181619
142,0.696214
143,-1.021984
144,-0.728416
145,-0.761888
146,1.337706
147,1.826791
148,0.377052
149,-0.729201
150,0.318284
151,0.993238
152,-0.296427
153,-0.021696
154,-1.514593
155,0.197687
156,-0.093107
157,-1.896282
158,-1.237115
159,-1.126028
160,0.187957
161,-0.063673
162,-1.396532
163,1.014333
164,0.749747
165,2.816304
166,0.830290
167,0.635322
168,-0.336572
169,-0.890321
170,0.165404
171,0.462256
172,-0.619176
173,1.325178
174,0.222376
175,0.792044
176,-0.078556
177,-0.297139
178,-0.061732
179,-2.631652
180,-0.450501
181,-0.668499
182,-1.133990
183,-0.880217
184,1.029032
185,0.728176
186,1.243047
187,0.603202
188,-0.901529
189,0.064049
190,-0.647720
191,-1.559276
192,-0.357051
193,-1.728072
194,-1.413689
195,-0.081854
196,-1.294770
197,0.794804
198,0.616613
199,1.464947
200,-0.427219
201,0.052344
202,0.297094
203,0.328764
204,-0.995323
205,0.079413
206,-0.045445
207,-0.072724
208,0.220423
209,-1.553621
210,0.247979
211,-0.559383
212,-0.380526
213,-0.418910
214,1.104575
215,-0.515734
216,0.341866
217,-1.157131
218,-1.255862
219,0.304462
220,0.459212
221,0.654190
222,0.975062
223,1.119990
224,-0.165647
225,0.703995
226,1.482276
227,-0.117147
228,0.651941
229,0.409638
230,0.659201
231,-0.435637
232,-0.411887
233,-0.590447
234,0.889615
235,1.195880
236,0.172281
237,-0.173428
238,-0.830853
239,-1.588549
240,-0.789601
241,0.681731
242,-1.246634
243,0.433666
244,0.208320
245,1.081254
246,-0.010139
247,1.170385
248,1.776814
249,2.262675
250,-1.470760
251,0.337610
252,0.391657
253,-0.065572
254,-0.510171
255,0.066418
256,0.115789
257,0.464337
258,0.138836
259,1.757372
260,0.041596
261,-1.079570
262,-1.112372
263,-2.042510
264,-0.949270
265,-1.730582
266,-1.110379
267,0.255753
268,0.376345
269,0.186368
270,1.896922
271,0.675509
272,1.327826
273,0.411784
274,-0.648160
275,0.861075
276,0.362797
277,-0.066293
278,0.445189
279,0.245263
280,0.472064
281,-0.935319
282,0.812198
283,0.526938
284,-1.085864
285,0.124210
286,-0.837047
287,-0.167640
288,-0.889088
289,-0.176249
290,0.965247
291,0.414979
292,-1.007386
293,-0.310998
294,-0.232420
295,1.851798
296,0.988990
297,0.402062
298,0.275328
299,-0.230423
300,1.092524
301,-0.610288
302,-0.378952
303,0.682661
304,0.054990
305,-0.980751
306,0.367717
307,1.567076
308,1.761727
309,-0.696928
310,1.218686
311,-0.175500
312,2.159354
313,0.421614
314,0.682974
315,-0.667831
316,-0.097734
317,-0.605110
318,0.085015
319,-1.005019
320,-0.456189
321,-1.843134
322,1.300899
323,1.926553
324,0.614020
325,-1.699511
326,0.381326
327,-0.454146
328,0.445537
329,0.868341
330,0.135091
331,1.153463
332,1.304185
333,0.401007
334,0.034309
335,-0.111110
336,1.590168
337,-0.521686
338,-0.287943
339,1.448149
340,-0.725262
341,0.667751
342,1.476061
343,1.410619
344,-1.304801
345,-0.576967
346,0.143232
347,0.253634
348,1.401538
349,0.304639
350,0.869369
351,0.508003
352,1.708630
353,0.846403
354,-0.350221
355,-0.607651
356,-2.004388
357,-0.923120
358,-1.321606
359,-1.014768
360,-0.281283
361,-1.296841
362,0.270762
363,-1.645502
364,1.009800
365,1.557239
366,0.054281
367,0.440597
368,-0.559520
369,0.185585
370,-0.969361
371,-0.867886
372,-0.957459
373,-1.023461
374,-0.796242
375,-0.182108
376,1.212449
377,-0.138061
378,-0.586561
379,-0.009866
380,1.705886
381,1.113901
382,-1.003320
383,0.130950
384,-0.922249
385,-0.512168
386,2.089716
387,2.250993
388,-0.801725
389,-0.649034
390,0.250281
391,-0.274761
392,-0.636867
393,1.169135
394,0.257005
395,-2.341489
396,-0.963249
397,0.050991
398,-0.064369
399,0.989441
400,0.083979
401,-1.645503
402,-0.508401
403,-0.814761
404,-1.425346
405,-1.915043
406,0.268708
407,-0.677268
408,0.836468
409,0.458134
410,2.140430
411,-0.194936
412,-1.188996
413,-0.496423
414,0.062839
415,-0.321035
416,-0.945063
417,-1.961119
418,0.640580
419,-0.162945
420,-1.108818
421,-0.474007
422,-0.405757
423,-0.627854
424,0.368554
425,0.640210
426,-0.194232
427,0.574519
428,-0.412120
429,-1.108595
430,0.973834
431,0.115796
432,-1.662588
433,-0.099177
434,0.628688
435,-0.232490
436,-0.052611
437,1.910248
438,0.023899
439,1.238772
440,0.269408
441,1.282076
442,-1.957671
443,0.076205
444,-0.783169
445,-0.098684
446,1.127659
447,-1.099011
448,1.360088
449,-0.682594
450,0.831567
451,-0.659618
452,-1.029237
453,-0.321120
454,0.662999
455,1.274071
456,1.620052
457,0.812681
458,0.497539
459,-1.402764
460,1.227483
461,-2.002314
462,-2.242621
463,-0.784823
464,-0.056700
465,1.155773
466,0.042543
467,0.166426
468,-0.792627
469,-0.447248
470,1.016271
471,0.734499
472,-0.551906
473,-0.136636
474,1.110989
475,0.467858
476,0.795683
477,-0.686383
478,-0.020191
479,-0.762648
480,0.310968
481,0.438215
482,-0.354235
483,-0.183353
484,-0.385289
485,-0.225696
486,0.495845
487,-0.472927
488,-0.076988
489,-0.709112
490,-0.108370
491,-2.378877
492,-0.585729
493,-0.443678
494,-0.685164
495,-0.789713
496,1.460407
497,0.705776
498,0.658214
499,-0.455875
500,-1.008334
501,0.332311
502,0.841963
503,-0.259446
504,0.222713
505,1.148452
506,1.222354
507,1.031594
508,-0.227671
509,-0.682822
510,0.609110
511,0.909142
512,0.705059
513,0.959249
514,-1.651508
515,-0.587025
516,-1.790014
517,-1.273900
518,-0.091152
519,-1.565859
520,-1.650164
521,-0.253706
522,-0.100133
523,-2.187433
524,-1.311427
525,1.602900
526,1.727711
527,-0.434974
528,-1.697604
529,-0.898443
530,0.429438
531,-1.357657
532,1.628712
533,-0.399217
534,-1.281618
535,-0.761598
536,0.354353
537,-1.451963
538,1.296329
539,1.322966
540,0.546361
541,0.572590
542,0.400423
543,-0.298023
544,0.536452
545,-0.700100
546,0.853945
547,-0.209784
548,0.504527
549,-0.487888
550,-1.193727
551,0.619666
552,-0.374191
553,0.462253
554,0.325666
555,0.045844
556,-1.358806
557,0.217066
558,1.064466
559,3.498530
560,1.603154
561,0.382429
562,1.813089
563,-0.849412
564,-0.779494
565,0.423182
566,-0.652455
567,0.989615
568,-1.078025
569,0.093665
570,-0.246554
571,1.095919
572,-0.183052
573,1.583142
574,0.672266
575,0.796949
576,0.458656
577,-0.033994
578,-0.822053
579,0.800386
580,0.554282
581,0.878546
582,0.346641
583,0.934447
584,1.124205
585,-0.090802
586,0.555600
587,0.284254
588,0.264312
589,0.175318
590,-0.195160
591,0.159263
592,-1.474127
593,0.630750
594,0.877510
595,0.530438
596,0.839230
597,3.105386
598,1.115731
599,0.353195
600,-0.070262
601,-1.551858
602,0.626174
603,2.560299
604,-0.308152
605,0.815566
606,-0.007229
607,1.174420
608,0.200831
609,0.104976
610,-0.658144
611,-1.127619
612,-0.717922
613,-0.630022
614,-0.119872
615,0.669317
616,0.755987
617,1.893142
618,0.306719
619,0.363657
620,1.039986
621,-1.599098
622,-0.286057
623,-0.559586
624,-0.665491
625,-0.585034
626,-0.533328
627,-1.083812
628,0.283713
629,2.028997
630,2.501899
631,-1.543392
632,-0.093867
633,-0.729925
634,-2.322810
635,0.398699
636,0.298757
637,0.264687
638,-0.527900
639,0.349468
640,-1.390253
641,-0.087017
642,-1.849087
643,-1.214703
644,0.254239
645,0.003270
646,1.595012
647,0.599234
648,1.570724
649,0.891425
650,2.147479
651,-1.482896
652,0.169927
653,-0.270121
654,-0.047417
655,0.864006
656,1.840042
657,0.603200
658,-1.858030
659,0.636675
660,0.652194
661,0.049349
662,-0.528093
663,0.232873
664,1.734205
665,-0.137384
666,1.279105
667,-1.170997
668,-1.115390
669,1.891465
670,1.880087
671,-0.452351
672,-2.917958
673,-0.353969
674,-0.538715
675,-0.139267
676,-1.454497
677,-0.299780
678,-1.206026
679,-0.569225
680,-0.410425
681,1.232245
682,-0.017896
683,0.177786
684,-0.453577
685,-2.483258
686,0.186768
687,1.120980
688,0.927311
689,2.379325
690,0.568116
691,0.095395
692,0.618336
693,0.129168
694,0.354340
695,-2.047511
696,-2.839779
697,-0.414376
698,-0.300679
699,0.898562
700,-0.060769
701,0.453526
702,0.096735
703,0.559519
704,1.120003
705,-0.135951
706,0.063300
707,0.732319
708,-0.017853
709,-0.591246
710,-2.023642
711,-0.851212
712,1.964417
713,0.861618
714,0.574429
715,0.248258
716,-1.278024
717,-0.111220
718,0.444760
719,-0.262787
720,0.306008
721,-0.465695
722,-0.255481
723,-0.322724
724,0.493564
725,-0.773160
726,-1.646432
727,-0.478836
728,-0.801086
729,0.089072
730,0.434849
731,-0.321692
732,0.136930
733,1.776713
734,0.392803
735,1.371224
736,0.645981
737,-1.007690
738,-0.476667
739,1.200954
740,0.226794
741,-0.369908
742,-3.293628
743,-1.972897
744,0.620323
745,0.981623
746,0.504508
747,-0.175242
748,0.361420
749,0.629293
750,-0.735111
751,-0.789342
752,-1.406612
753,-1.016238
754,-0.207966
755,-2.168358
756,-2.656962
757,-1.598671
758,0.480274
759,0.278263
760,-0.051221
761,-0.300569
762,-0.301018
763,-2.709724
764,-0.189597
765,0.630532
766,-0.256744
767,-0.399670
768,0.460369
769,-0.203207
770,0.222643
771,0.061388
772,-0.601482
773,0.228339
774,-0.709659
775,0.865509
776,1.453707
777,1.951264
778,0.899883
779,-0.439363
780,-2.447156
781,-1.305384
782,-0.113753
783,0.903328
784,-3.393536
785,-2.999528
786,0.335562
787,-0.886048
788,0.293544
789,0.940182
790,-0.593409
791,1.008812
792,-1.499881
793,-0.808451
794,0.071755
795,-2.243312
796,0.864561
797,-0.030376
798,0.482900
799,1.354510
800,0.194508
801,0.870190
802,0.759454
803,-0.251116
804,-1.801451
805,-2.574768
806,0.080803
807,0.498451
808,-0.196422
809,-1.429539
810,-0.576527
811,-0.600650
812,-0.921778
813,-1.985395
814,-1.166433
815,-0.685980
816,0.027209
817,1.258463
818,0.460712
819,-0.354191
820,-0.511540
821,0.534895
822,-0.046524
823,-1.065585
824,0.293408
825,-0.600473
826,0.774662
827,-0.007318
828,1.235730
829,2.457473
830,-0.009791
831,1.801471
832,0.937490
833,1.092175
834,-0.219107
835,-1.412303
836,-1.115795
837,0.105846
838,0.029120
839,-0.680209
840,-1.466320
841,-0.671608
842,0.101650
843,0.223609
844,0.001640
845,1.035544
846,0.300570
847,1.093090
848,1.830599
849,-0.181516
850,1.268032
851,0.680718
852,-2.572280
853,-0.256701
854,0.654659
855,1.747624
856,1.425977
857,1.090898
858,1.670033
859,0.407643
860,-3.004200
861,-1.556011
862,1.181743
863,0.024256
864,-0.109219
865,0.205055
866,0.731191
867,2.008108
868,0.677217
869,0.402876
870,1.254028
871,-0.268682
872,-0.066117
873,-0.394644
874,-0.408945
875,-0.416404
876,1.692061
877,2.277514
878,-0.127596
879,0.788722
880,0.212586
881,-0.236499
882,0.153027
883,0.997991
884,1.183875
885,-0.409216
886,0.293961
887,0.321588
888,-0.933823
889,-0.417584
890,-1.183952
891,-0.818071
892,-1.786040
893,-1.309526
894,0.041124
895,-0.383868
896,-0.501805
897,-2.187061
898,-0.221165
899,0.103993
900,0.017265
901,-1.318769
902,-1.386166
903,-0.344428
904,0.496788
905,1.091715
906,-0.797989
907,0.073062
908,0.423112
909,-0.036805
910,0.051124
911,0.495534
912,-0.320293
913,1.166255
914,0.411020
915,1.348412
916,1.592266
917,-0.325289
918,0.115804
919,-0.419124
920,-0.507071
921,-0.587601
922,0.943533
923,-0.708919
924,-0.647253
925,-1.695364
926,-1.261751
927,-1.342545
928,0.804860
929,1.347372
930,0.236186
931,0.218908
932,2.978134
933,0.683328
934,1.046195
935,0.255573
936,-0.108635
937,1.003168
938,-0.994666
939,-0.770683
940,0.678647
941,-0.291800
942,-1.027361
943,1.012140
944,0.488385
945,0.348758
946,-1.111064
947,-0.503697
948,-2.144030
949,-0.503405
950,-2.027025
951,-0.211540
952,0.404630
953,2.416081
954,0.239761
955,0.808088
956,-0.083037
957,-1.864284
958,1.386814
959,1.251188
960,0.995082
961,-0.846373
962,1.365737
963,0.712606
964,-0.557132
965,-0.039166
966,1.324642
967,-0.923249
968,-1.211416
969,-0.453416
970,0.320124
971,0.867015
972,-0.558091
973,1.776898
974,1.837208
975,1.622885
976,1.410265
977,1.266433
978,-0.269340
979,-0.175237
980,0.227339
981,0.433250
982,-0.706971
983,-0.284100
984,-0.120378
985,-0.188915
986,-1.440003
987,-0.331692
988,-0.108914
989,0.022301
990,-1.480320
991,-2.231624
992,1.563643
993,1.449569
994,1.939414
995,0.819499
996,0.341665
997,1.369541
998,-1.445676
999,-2.853310
1000,1.537703
1001,-1.132464
1002,-0.498217
1003,-0.559962
1004,-0.125760
1005,0.416694
1006,-0.619591
1007,0.559559
1008,1.224356
1009,0.656938
1010,0.489818
1011,0.995772
1012,0.281946
1013,0.167996
1014,-0.556597
1015,-0.108466
1016,-0.229353
1017,-0.196223
1018,0.350124
1019,0.435102
1020,0.531316
1021,1.272055
1022,1.287121
1023,-0.393162
1024,-0.655813
1025,-0.159611
1026,0.568493
1027,0.272571
1028,1.056581
1029,-0.979593
1030,-1.119718
1031,1.516235
1032,2.327611
1033,-0.588854
1034,1.714917
1035,1.778242
1036,1.125740
1037,0.746356
1038,-0.227719
1039,0.302217
1040,-0.366575
1041,0.168093
1042,0.215774
1043,0.989341
1044,0.189287
1045,-0.773529
1046,0.021324
1047,0.003715
1048,-0.955556
1049,-0.354839
1050,-0.975209
1051,-0.099756
1052,-0.043262
1053,1.033637
1054,1.301123
1055,-0.112509
1056,-0.510397
1057,-1.735215
1058,-2.072272
1059,-0.165210
1060,2.022213
1061,-0.309814
1062,-1.003535
1063,0.123187
1064,-0.429937
1065,0.261234
1066,0.115714
1067,0.234239
1068,0.243893
1069,0.524999
1070,1.750377
1071,1.055532
1072,0.442632
1073,0.213769
1074,-1.517753
1075,-0.823523
1076,-0.047499
1077,0.800719
1078,0.521298
1079,0.329219
1080,-1.538336
1081,0.707415
1082,1.035366
1083,0.180992
1084,0.841922
1085,0.959419
1086,-0.158237
1087,0.236787
1088,-0.469637
1089,0.740297
1090,-0.425913
1091,-0.233410
1092,-0.087944
1093,0.866645
1094,-0.350587
1095,-0.600253
1096,-0.123644
1097,-0.965097
1098,1.125577
1099,-2.061719
1100,0.123211
1101,-0.035925
1102,0.248727
1103,-0.852875
1104,0.204624
1105,0.053250
1106,0.692563
1107,1.147812
1108,0.410291
1109,-0.814082
1110,-0.867543
1111,-1.253889
1112,-0.975943
1113,-0.123469
1114,-0.400913
1115,-0.218618
1116,-0.663580
1117,-0.142407
1118,0.784449
1119,1.453303
1120,0.035153
1121,1.421303
1122,-0.644465
1123,-0.196236
1124,0.120327
1125,0.935501
1126,-0.591619
1127,-0.305611
1128,-1.279734
1129,0.085481
1130,1.300902
1131,0.006793
1132,-1.173780
1133,-1.425646
1134,-3.511690
1135,-0.634726
1136,-2.472634
1137,-0.528023
1138,1.568904
1139,0.814795
1140,1.255056
1141,1.088125
1142,-0.718486
1143,-0.451809
1144,-0.022946
1145,-1.181539
1146,-0.510523
1147,-1.206362
1148,0.027163
1149,1.007765
1150,-0.520596
1151,-1.515391
1152,-0.685079
1153,0.857650
1154,1.717442
1155,1.313112
1156,2.229295
1157,0.283397
1158,0.419827
1159,-0.330641
1160,-0.060589
1161,1.497210
1162,0.540201
1163,0.491306
1164,-0.972421
1165,-0.278539
1166,1.121880
1167,0.577065
1168,-1.223234
1169,-0.950831
1170,-0.001889
1171,-0.268868
1172,0.271646
1173,0.534028
1174,0.384121
1175,-0.934236
1176,0.458040
1177,-1.659635
1178,-0.076615
1179,-0.763808
1180,-1.112583
1181,0.144145
1182,-0.153669
1183,0.458663
1184,0.502716
1185,0.066387
1186,-0.560387
1187,2.662239
1188,-0.652975
1189,0.363272
1190,-0.644534
1191,0.864388
1192,-0.173750
1193,-0.946031
1194,-0.058020
1195,0.477030
1196,-0.227745
1197,-1.305477
1198,-0.608073
1199,0.233097
1200,0.515658
1201,0.309205
1202,0.634371
1203,-0.634413
1204,0.250316
1205,0.964744
1206,0.476533
1207,1.954420
1208,0.519820
1209,0.760866
1210,-0.087221
1211,1.197799
1212,0.392660
1213,0.091559
1214,0.422226
1215,-0.187883
1216,1.834229
1217,-0.003291
1218,-0.439506
1219,-2.236225
1220,-0.538515
1221,0.515571
1222,2.362311
1223,1.281173
1224,0.725809
1225,0.553539
1226,-0.403887
1227,-0.764320
1228,0.460228
1229,-0.172145
1230,-1.082521
1231,-0.463633
1232,-1.062813
1233,0.199726
1234,1.074709
1235,1.196922
1236,0.085493
1237,-1.046870
1238,-1.740973
1239,-1.247328
1240,1.281812
1241,-0.234870
1242,1.642084
1243,0.123155
1244,-2.402263
1245,0.343328
1246,-0.243733
1247,0.339748
1248,-0.368226
1249,2.240573
1250,0.384042
1251,-0.355109
1252,1.106190
1253,0.920776
1254,-0.045632
1255,0.321752
1256,-0.431018
1257,-1.257953
1258,-1.699791
1259,0.245066
1260,-0.667900
1261,-0.296238
1262,-1.006043
1263,-0.591382
1264,0.384857
1265,-0.791148
1266,-2.012622
1267,-1.038970
1268,-1.294939
1269,-1.238292
1270,-0.444206
1271,1.348619
1272,-1.998958
1273,-0.910244
1274,0.256733
1275,-1.157349
1276,0.600115
1277,0.981331
1278,0.424675
1279,-0.927403
1280,-2.637113
1281,-2.376042
1282,-1.558937
1283,0.128466
1284,0.336816
1285,1.914338
1286,-0.322471
1287,-1.759006
1288,-1.502416
1289,-1.371870
1290,-0.276170
1291,-1.686070
1292,-2.375091
1293,-0.896628
1294,0.899893
1295,0.469969
1296,0.828426
1297,-0.127417
1298,0.238492
1299,0.595588
1300,0.996378
1301,1.945065
1302,1.872318
1303,2.538050
1304,1.176667
1305,-0.841090
1306,1.241919
1307,-0.214928
1308,0.940149
1309,1.040549
1310,0.657760
1311,-0.150441
1312,1.176225
1313,-0.589323
1314,0.782435
1315,0.184403
1316,-1.643978
1317,0.292597
1318,-0.192402
1319,0.141598
1320,0.886344
1321,-0.582978
1322,0.045268
1323,-1.458946
1324,-0.505613
1325,0.179415
1326,0.497701
1327,-0.416055
1328,1.331860
1329,-0.508865
1330,-1.579761
1331,-0.233381
1332,-0.488283
1333,0.171993
1334,0.918572
1335,-0.399420
1336,-1.739306
1337,-0.342541
1338,0.216608
1339,-1.909045
1340,-0.348641
1341,-2.190725
1342,-1.407801
1343,-1.258755
1344,-0.577139
1345,-1.112621
1346,-0.645930
1347,0.142301
1348,-1.380365
1349,-0.964312
1350,-0.352561
1351,-0.475018
1352,-1.237314
1353,2.373805
1354,0.647453
1355,0.696638
1356,-0.537436
1357,-0.072799
1358,-0.304444
1359,0.157260
1360,0.212894
1361,1.803272
1362,-0.145799
1363,-0.303842
1364,-0.603873
1365,-0.496833
1366,0.161952
1367,-0.325877
1368,0.019839
1369,1.489058
1370,1.406330
1371,2.308978
1372,1.328706
1373,0.802256
1374,-0.457679
1375,-0.068600
1376,0.590467
1377,-1.189860
1378,-0.788428
1379,-0.925990
1380,0.373404
1381,0.375162
1382,-0.064880
1383,-1.577737
1384,-0.593692
1385,-1.372179
1386,-1.000500
1387,-0.398547
1388,-0.371347
1389,1.017404
1390,0.687506
1391,0.421382
1392,0.573447
1393,0.740729
1394,-1.137755
1395,-2.315940
1396,1.030194
1397,0.436465
1398,0.174061
1399,0.990521
1400,-1.606855
1401,-1.001491
1402,-2.030798
1403,0.533999
1404,0.809341
1405,0.885338
1406,0.736601
1407,-1.561205
1408,-0.157089
1409,0.347662
1410,0.635077
1411,0.218622
1412,-0.925539
1413,-0.114482
1414,-0.321181
1415,-1.434689
1416,1.600798
1417,-0.167329
1418,0.571342
1419,1.033860
1420,1.407228
1421,-0.119721
1422,0.613605
1423,-0.652000
1424,-0.909381
1425,-0.798973
1426,-0.695898
1427,1.885009
1428,1.432231
1429,1.032835
1430,0.637427
1431,-0.729482
1432,-0.046211
1433,1.638677
1434,1.124100
1435,-1.026175
1436,0.418300
1437,-0.369723
1438,-0.188122
1439,-1.201109
1440,-2.169669
1441,-0.173977
1442,2.199838
1443,-0.196262
1444,-0.441725
1445,1.540241
1446,2.566980
1447,0.270334
1448,0.309704
1449,-1.555350
1450,-0.314291
1451,-0.143285
1452,1.212494
1453,0.727453
1454,0.631590
1455,1.712470
1456,0.696064
1457,-0.292515
1458,1.680641
1459,1.450554
1460,0.268661
1461,-0.379116
1462,0.274658
1463,0.361837
1464,-0.132931
1465,0.093889
1466,-0.489233
1467,-0.025975
1468,-0.894001
1469,1.897779
1470,-0.211754
1471,0.141386
1472,0.435769
1473,1.668259
1474,-0.613976
1475,0.114920
1476,0.283397
1477,0.737818
1478,0.340927
1479,-0.618751
1480,0.908326
1481,-1.719727
1482,-0.542158
1483,0.711992
1484,1.033014
1485,-0.121811
1486,-1.429322
1487,-0.150632
1488,-0.744429
1489,0.260007
1490,0.440452
1491,-0.729530
1492,-0.399130
1493,1.595433
1494,-0.569929
1495,1.078343
1496,1.054879
1497,-1.445372
1498,0.246305
1499,-0.461058
1500,-0.146540
1501,-1.543736
1502,-0.550480
1503,-2.144058
1504,0.024777
1505,1.191414
1506,1.729631
1507,-0.991900
1508,-1.015192
1509,-0.604613
1510,-0.849527
1511,-0.077412
1512,-0.157491
1513,-0.263448
1514,-0.393869
1515,1.428224
1516,-0.355712
1517,-1.656041
1518,-0.473387
1519,-1.088414
1520,-0.144050
1521,-0.625142
1522,-0.525621
1523,0.030539
1524,1.111194
1525,-1.287069
1526,1.069879
1527,1.116252
1528,2.216637
1529,0.921792
1530,-0.992984
1531,-0.114718
1532,0.299426
1533,-0.265105
1534,-1.255170
1535,0.089702
1536,1.472427
1537,0.347156
1538,-0.788392
1539,0.909020
1540,0.477955
1541,2.157953
1542,-0.565732
1543,0.280723
1544,0.544240
1545,0.403897
1546,0.325853
1547,0.874242
1548,-0.283598
1549,-0.224184
1550,0.135846
1551,-0.671328
1552,-1.258060
1553,-0.732840
1554,1.046725
1555,-0.093925
1556,3.188357
1557,0.885298
1558,1.863199
1559,-0.685142
1560,-0.674459
1561,-1.179176
1562,-2.046032
1563,0.106054
1564,-1.130379
1565,-1.783085
1566,0.599171
1567,1.145733
1568,-0.680268
1569,0.561866
1570,0.686967
1571,0.843726
1572,1.284444
1573,-0.060183
1574,-1.805894
1575,-2.343726
1576,-0.516172
1577,-0.757409
1578,0.320047
1579,0.352052
1580,0.479359
1581,0.774645
1582,0.625387
1583,-0.589546
1584,-0.015193
1585,-0.644790
1586,-2.971635
1587,-1.454596
1588,-0.287628
1589,0.595931
1590,0.764743
1591,2.038951
1592,-0.789053
1593,-0.689944
1594,-1.853914
1595,0.130922
1596,-1.255826
1597,-1.301833
1598,0.396119
1599,0.250541
1600,1.581101
1601,0.969202
1602,0.657612
1603,1.271399
1604,-0.975734
1605,-0.304998
1606,0.003079
1607,-2.868215
1608,-1.271282
1609,-0.684382
1610,-1.646246
1611,-0.729402
1612,0.521109
1613,-1.007433
1614,0.609689
1615,0.522697
1616,-1.031383
1617,0.334093
1618,-0.178995
1619,-0.930561
1620,-1.458911
1621,-0.214021
1622,0.295301
1623,-1.076287
1624,-0.073758
1625,0.760663
1626,1.623296
1627,2.271477
1628,0.695142
1629,0.798529
1630,0.292442
1631,-1.036600
1632,-0.264704
1633,-0.408269
1634,-0.688806
1635,0.460658
1636,0.661446
1637,-0.431746
1638,-1.498344
1639,-2.341244
1640,-0.856402
1641,-2.002253
1642,-0.626149
1643,1.583384
1644,1.531256
1645,-1.575846
1646,-0.136992
1647,0.573767
1648,0.213831
1649,0.470440
1650,-0.632360
1651,-1.450087
1652,-1.617575
1653,-0.361014
1654,1.364319
1655,0.604748
1656,0.799818
1657,-0.644861
1658,-1.855231
1659,-1.135025
1660,-3.637039
1661,-1.515949
1662,-0.363560
1663,-0.857332
1664,-1.984872
1665,0.315437
1666,1.780451
1667,2.747575
1668,-0.555100
1669,0.100437
1670,-0.099216
1671,0.543560
1672,-0.918080
1673,0.629454
1674,-0.798509
1675,-0.949008
1676,-0.653355
1677,0.951568
1678,-0.567095
1679,-0.659972
1680,-1.026589
1681,0.391643
1682,0.403750
1683,-2.121916
1684,-0.817737
1685,-0.237768
1686,1.864070
1687,-2.033069
1688,0.239439
1689,-0.624612
1690,0.408667
1691,1.206971
1692,1.076355
1693,0.514657
1694,-1.499966
1695,-1.952132
1696,0.850705
1697,1.184806
1698,0.920188
1699,0.893925
1700,1.009187
1701,2.450635
1702,0.283464
1703,-0.585187
1704,-2.514788
1705,-1.029731
1706,-0.692440
1707,-0.594165
1708,-0.602784
1709,-0.734377
1710,0.032375
1711,0.795401
1712,0.396151
1713,1.948667
1714,0.864806
1715,-0.321604
1716,2.328100
1717,0.597452
1718,0.103871
1719,0.787723
1720,0.734959
1721,1.056729
1722,0.891770
1723,2.058368
1724,0.386040
1725,-0.437267
1726,-0.861463
1727,-1.090907
1728,-0.288906
1729,-1.079119
1730,-0.451544
1731,0.101592
1732,0.646857
1733,0.687014
1734,0.272530
1735,-0.618445
1736,0.883101
1737,-0.845804
1738,-0.462213
1739,-0.578855
1740,-1.330510
1741,-1.054481
1742,-0.336514
1743,0.598940
1744,2.358232
1745,2.056972
1746,-0.385781
1747,-0.156150
1748,0.886124
1749,1.295129
1750,-0.855998
1751,-0.166804
1752,-0.345281
1753,1.243965
1754,-0.192651
1755,-0.627685
1756,-0.008024
1757,-0.176768
1758,0.205809
1759,-0.335918
1760,0.142683
1761,0.245695
1762,0.221569
1763,-0.869708
1764,-0.988169
1765,2.028218
1766,1.232551
1767,1.199000
1768,-0.187537
1769,0.282367
1770,1.947397
1771,0.083097
1772,-0.215492
1773,1.584614
1774,0.666602
1775,-0.047784
1776,-0.055801
1777,0.716383
1778,0.899894
1779,1.502918
1780,-0.670209
1781,0.655001
1782,0.352835
1783,-0.079169
1784,0.527390
1785,-0.064587
1786,0.958779
1787,0.306560
1788,-0.165944
1789,0.246521
1790,-2.397745
1791,-1.931489
1792,-0.118580
1793,-0.071414
1794,1.193483
1795,-0.141163
1796,1.418753
1797,0.714349
1798,-2.445656
1799,-0.746133
1800,1.126852
1801,-0.491223
1802,0.041762
1803,1.034105
1804,-0.572939
1805,0.856311
1806,1.476500
1807,2.088218
1808,0.820532
1809,-1.142469
1810,1.082547
1811,-1.625167
1812,-1.809556
1813,0.375891
1814,0.104228
1815,0.857265
1816,1.377815
1817,0.844094
1818,-0.131137
1819,-0.389065
1820,-0.758248
1821,0.557734
1822,2.025405
1823,-0.508572
1824,0.051507
1825,1.111756
1826,-0.003481
1827,1.125807
1828,0.661521
1829,3.123193
1830,0.486984
1831,-0.384944
1832,-0.589172
1833,1.090504
1834,0.576618
1835,0.577325
1836,3.062517
1837,1.543861
1838,2.072868
1839,1.256444
1840,-0.402315
1841,-0.204000
1842,-0.190941
1843,-1.772712
1844,-0.373124
1845,1.363813
1846,1.823204
1847,2.098017
1848,-0.141781
1849,0.324498
1850,0.982981
1851,-0.341486
1852,0.337168
1853,-1.113666
1854,-2.135437
1855,-1.494210
1856,-1.120267
1857,-0.479367
1858,0.963323
1859,-1.286459
1860,0.509709
1861,0.580750
1862,0.935954
1863,-0.685104
1864,-1.282170
1865,-0.862356
1866,-1.152790
1867,-0.753831
1868,-0.280886
1869,-0.852905
1870,0.405405
1871,-0.259311
1872,1.188961
1873,0.669464
1874,0.433339
1875,0.530607
1876,-0.079113
1877,-0.759666
1878,2.204807
1879,0.766931
1880,-0.422127
1881,-1.230363
1882,-1.291515
1883,-1.227130
1884,-0.353740
1885,1.345893
1886,2.184704
1887,0.078144
1888,-0.057452
1889,0.378155
1890,-0.182337
1891,1.282344
1892,-0.871884
1893,-0.707106
1894,0.419160
1895,-0.709810
1896,-1.458995
1897,-0.010763
1898,0.524621
1899,-0.240755
1900,-0.988878
1901,0.832802
1902,0.788915
1903,1.676346
1904,2.125590
1905,0.561852
1906,-0.347818
1907,-1.057444
1908,-0.610152
1909,0.959401
1910,0.918115
1911,0.304721
1912,0.426672
1913,1.505676
1914,1.077185
1915,-0.992005
1916,-0.687555
1917,-0.996183
1918,0.366376
1919,0.953839
1920,1.235640
1921,-0.573630
1922,0.007694
1923,-1.048679
1924,1.292596
1925,0.677656
1926,-0.698234
1927,-0.624776
1928,-2.472925
1929,-0.294905
1930,-0.500813
1931,1.354619
1932,1.004166
1933,-0.988399
1934,-1.098132
1935,0.275953
1936,-1.187125
1937,-1.211234
1938,-0.424980
1939,-0.846417
1940,-0.618195
1941,-1.432936
1942,-0.681509
1943,-0.185048
1944,-0.175175
1945,-0.088410
1946,-0.111727
1947,1.161019
1948,-2.192504
1949,-0.429168
1950,-0.995496
1951,0.944267
1952,-0.216151
1953,-1.363318
1954,1.328730
1955,1.171275
1956,1.773067
1957,0.720107
1958,1.187044
1959,-0.345857
1960,2.425214
1961,1.632082
1962,2.284966
1963,1.336691
1964,-0.950740
1965,-0.019230
1966,0.749933
1967,1.115383
1968,1.086283
1969,0.375530
1970,-0.461863
1971,-1.600800
1972,0.736163
1973,-0.322690
1974,1.148819
1975,2.340562
1976,1.423261
1977,1.022064
1978,0.608091
1979,-0.325580
1980,0.053158
1981,1.077081
1982,-0.911654
1983,0.953848
1984,-0.591249
1985,1.554474
1986,1.094964
1987,-0.324980
1988,-0.635982
1989,-0.950608
1990,0.340363
1991,0.190758
1992,0.172256
1993,1.177880
1994,-0.488149
1995,-0.936681
1996,-1.193984
1997,-0.000153
1998,0.005620
1999,-0.152373
2000,0.746367
2001,1.625576
2002,2.532963
2003,1.965156
2004,0.404264
2005,-0.109788
2006,2.401496
2007,-0.390411
2008,-0.433432
2009,0.065482
2010,-0.505278
2011,-1.457270
2012,0.084574
2013,-0.546698
2014,-0.570730
2015,-0.789291
2016,-0.176623
2017,0.774126
2018,-0.903763
2019,-1.707741
2020,0.860949
2021,-1.059759
2022,0.074852
2023,-0.938675
2024,1.716989
2025,0.874230
2026,-0.834143
2027,-0.335206
2028,-0.783724
2029,1.270240
2030,-1.088312
2031,-0.928804
2032,-0.868774
2033,-0.534247
2034,1.106166
2035,-0.474611
2036,-0.981143
2037,-0.038405
2038,-0.575760
2039,0.340997
2040,0.191468
2041,1.412207
2042,0.563244
2043,-0.091521
2044,-0.829774
2045,-0.408441
2046,0.549564
2047,0.053426
2048,-0.387950
2049,0.512177
2050,-0.794097
2051,0.961129
2052,-0.244297
2053,-1.080077
2054,-0.107838
2055,-0.076218
2056,0.505769
2057,-0.410801
2058,1.789096
2059,2.725667
2060,-0.256219
2061,-1.081785
2062,-0.364672
2063,-0.924037
2064,-0.933672
2065,-0.636825
2066,0.003839
2067,-1.292831
2068,-0.676441
2069,-0.853564
2070,-0.822159
2071,0.555098
2072,-1.215663
2073,0.253265
2074,0.112574
2075,-0.192481
2076,0.601756
2077,-1.077956
2078,-0.644832
2079,0.777556
2080,0.180207
2081,0.327301
2082,-0.563588
2083,0.374492
2084,-0.166076
2085,-0.117539
2086,-1.375809
2087,-1.672908
2088,-1.229331
2089,-1.171692
2090,1.375398
2091,0.973768
2092,-0.092582
2093,-2.367010
2094,-1.175489
2095,-1.059120
2096,-0.762903
2097,0.090631
2098,-2.046606
2099,1.098483
2100,0.668223
2101,-0.609335
2102,-0.358327
2103,-1.774441
2104,-1.323318
2105,-0.859221
2106,0.089254
2107,0.921052
2108,1.699622
2109,1.381064
2110,0.958944
2111,-0.264422
2112,-0.494713
2113,0.735840
2114,-1.456858
2115,0.641810
2116,1.975989
2117,0.441789
2118,-2.005443
2119,-0.171548
2120,2.182198
2121,0.592446
2122,-1.496891
2123,-0.987410
2124,-0.754346
2125,-0.970466
2126,-0.761800
2127,-0.389614
2128,1.295787
2129,1.695017
2130,0.640450
2131,0.459775
2132,-1.599530
2133,-1.814442
2134,-1.981551
2135,-1.928245
2136,-0.063326
2137,1.183015
2138,-0.568585
2139,1.547193
2140,-2.415383
2141,1.042542
2142,0.694518
2143,1.285708
2144,0.761208
2145,2.510175
2146,1.193712
2147,0.476197
2148,1.686799
2149,0.886743
2150,-0.537605
2151,-0.836716
2152,-0.744195
2153,-1.132743
2154,-0.153362
2155,0.316587
2156,-0.556450
2157,0.997628
2158,1.410426
2159,-0.026501
2160,-0.873931
2161,0.897752
2162,0.670270
2163,0.396698
2164,0.309351
2165,0.059757
2166,2.668406
2167,-0.153873
2168,1.546298
2169,-1.253397
2170,-1.345315
2171,0.920062
2172,-0.182931
2173,-0.790191
2174,1.212070
2175,-0.533439
2176,-0.379758
2177,1.232537
2178,0.831357
2179,2.012324
2180,-0.077894
2181,0.982745
2182,0.135645
2183,-0.992932
2184,-0.790941
2185,-0.514017
2186,-2.072191
2187,-2.577151
2188,-0.584615
2189,2.190804
2190,0.508043
2191,1.261668
2192,-0.929200
2193,-1.437924
2194,0.000109
2195,-0.050474
2196,-1.144710
2197,0.147039
2198,0.787723
2199,-0.063849
2200,-0.386306
2201,0.468857
2202,0.091725
2203,0.347549
2204,0.213568
2205,-0.242484
2206,0.609258
2207,1.222533
2208,1.740618
2209,1.763364
2210,3.112160
2211,1.411562
2212,0.396673
2213,-0.746396
2214,0.211318
2215,0.737039
2216,-0.536810
2217,1.042939
2218,1.317695
2219,-1.595753
2220,0.344397
2221,0.029603
2222,0.133604
2223,0.924964
2224,-0.057977
2225,-2.172406
2226,1.518920
2227,0.077130
2228,-1.047312
2229,-0.802327
2230,0.703076
2231,-0.457009
2232,-1.176521
2233,-0.301930
2234,0.449084
2235,-0.041221
2236,1.127952
2237,0.070551
2238,0.834200
2239,-0.664224
2240,-0.058615
2241,-0.037341
2242,0.273839
2243,1.787313
2244,1.650641
2245,0.237714
2246,-0.171078
2247,0.581087
2248,-0.035905
2249,-0.309718
2250,0.688559
2251,-0.338113
2252,0.362530
2253,1.861198
2254,-0.054643
2255,1.688790
2256,0.547498
2257,-0.391731
2258,-0.880064
2259,0.308075
2260,-0.423877
2261,-0.684700
2262,-0.808227
2263,0.073689
2264,0.950555
2265,-1.122735
2266,-0.278368
2267,-1.418348
2268,-0.878974
2269,1.547851
2270,-0.512072
2271,0.363393
2272,0.787588
2273,-0.043382
2274,0.250913
2275,-0.160828
2276,-0.308832
2277,0.180907
2278,0.682687
2279,-0.993067
2280,-1.895806
2281,-1.640208
2282,-1.368725
2283,0.489841
2284,0.091261
2285,-0.172171
2286,1.008862
2287,0.791084
2288,1.042134
2289,0.959810
2290,2.975217
2291,1.498803
2292,-0.930957
2293,-0.383174
2294,-0.545759
2295,0.667779
2296,-0.063518
2297,0.663660
2298,-0.365431
2299,-1.749678
2300,-0.370851
2301,-0.573993
2302,1.209724
2303,-1.402093
2304,-0.435087
2305,2.242547
2306,0.914552
2307,0.156677
2308,0.407494
2309,0.394845
2310,-0.310947
2311,-0.461800
2312,-0.440095
2313,-1.318821
2314,-0.969935
2315,0.235942
2316,1.040378
2317,0.927383
2318,0.277805
2319,0.149521
2320,1.933841
2321,-2.408130
2322,-0.603266
2323,0.089003
2324,-0.845730
2325,0.044598
2326,-1.148110
2327,0.610807
2328,1.253341
2329,0.206959
2330,-0.375917
2331,-0.074148
2332,-0.097069
2333,1.236150
2334,1.978721
2335,-0.337324
2336,-0.405724
2337,0.196795
2338,1.108917
2339,-1.742190
2340,-0.757710
2341,1.046848
2342,-1.370294
2343,-0.141826
2344,1.533463
2345,0.989710
2346,1.136369
2347,0.332290
2348,-1.584584
2349,-1.897225
2350,-0.267316
2351,-0.764800
2352,-0.485256
2353,-2.000874
2354,0.519290
2355,-1.460645
2356,0.246840
2357,0.316133
2358,1.246438
2359,-1.827016
2360,0.715425
2361,1.824883
2362,0.743806
2363,-0.003579
2364,-0.772853
2365,0.873960
2366,0.015194
2367,0.696757
2368,0.067200
2369,-0.059266
2370,-0.249570
2371,-1.099435
2372,-0.658811
2373,-0.159094
2374,-0.739813
2375,0.866374
2376,0.514532
2377,1.081454
2378,-1.198083
2379,0.465099
2380,0.996416
2381,2.298644
2382,-0.088060
2383,-0.315920
2384,-0.336278
2385,-1.719247
2386,-1.703783
2387,-0.596436
2388,-0.997111
2389,-1.109545
2390,-0.114549
2391,0.615870
2392,0.645518
2393,1.548150
2394,-1.060678
2395,-1.383325
2396,-0.157847
2397,-0.150898
2398,0.293033
2399,0.272225
2400,1.332842
2401,1.353439
2402,2.013790
2403,2.148343
2404,-0.497881
2405,0.950038
2406,1.940434
2407,2.018058
2408,-0.442621
2409,0.214094
2410,0.231452
2411,0.647626
2412,0.939636
2413,0.464864
2414,0.755952
2415,2.181374
2416,-0.321414
2417,1.382471
2418,0.003327
2419,-0.342119
2420,-1.301333
2421,-0.549095
2422,1.060906
2423,0.847133
2424,0.618258
2425,1.333795
2426,-0.040767
2427,-0.691648
2428,0.625324
2429,-0.981147
2430,-1.075523
2431,-1.542161
2432,-1.824965
2433,0.392436
2434,3.351664
2435,1.782720
2436,0.003256
2437,-0.395806
2438,-0.166062
2439,0.593829
2440,-0.431637
2441,-0.768099
2442,-2.505483
2443,-1.637550
2444,-0.693355
2445,0.276591
2446,-1.195972
2447,0.207528
2448,-1.487390
2449,-1.648183
2450,-0.083914
2451,0.289501
2452,0.784638
2453,1.013529
2454,1.981435
2455,-0.413063
2456,0.149466
2457,1.121643
2458,0.359164
2459,1.389936
2460,-0.637948
2461,-0.586207
2462,0.705793
2463,0.254963
2464,-1.106462
2465,-0.644742
2466,-0.783317
2467,-0.105026
2468,0.977933
2469,1.879392
2470,0.332423
2471,-1.388548
2472,-1.089027
2473,0.021058
2474,0.304520
2475,0.714983
2476,0.205300
2477,0.266961
2478,0.826748
2479,0.912872
2480,-0.247359
2481,-0.358657
2482,-0.411789
2483,-0.797075
2484,-0.844929
2485,0.937151
2486,0.916107
2487,-0.745516
2488,0.868864
2489,0.771029
2490,-0.493611
2491,0.283087
2492,-0.588319
2493,0.174659
2494,-0.530141
2495,-0.263898
2496,-2.092663
2497,-0.293622
2498,-0.827340
2499,-0.966628
2500,1.228746
2501,-0.620798
2502,1.686168
2503,-0.756955
2504,-1.126206
2505,-0.414047
2506,-1.368162
2507,-0.549663
2508,-0.235342
2509,1.314607
2510,1.314023
2511,-0.706436
2512,0.706713
2513,-1.254497
2514,-1.278795
2515,-2.095301
2516,0.129898
2517,0.525634
2518,2.134830
2519,0.559467
2520,-0.092466
2521,-0.929337
2522,0.851857
2523,0.978557
2524,1.172593
2525,-0.178556
2526,-0.243755
2527,-1.924425
2528,-1.092836
2529,-0.016769
2530,0.330854
2531,-0.296233
2532,-0.272864
2533,-0.398188
2534,-0.078449
2535,-0.192651
2536,-0.073795
2537,0.617924
2538,-0.670270
2539,-0.572979
2540,-0.259694
2541,-0.804865
2542,1.805041
2543,-0.110923
2544,0.312638
2545,0.405831
2546,1.585110
2547,1.042434
2548,0.785700
2549,1.660308
2550,-0.134569
2551,0.792483
2552,0.844139
2553,-0.340488
2554,1.707535
2555,0.450309
2556,-1.869849
2557,0.447097
2558,-0.277254
2559,-1.764161
2560,0.555384
2561,1.404635
2562,0.419257
2563,1.816176
2564,1.658757
2565,-0.254111
2566,-1.087784
2567,-0.824366
2568,-1.299587
2569,0.872587
2570,0.682440
2571,0.014959
2572,-2.025731
2573,-0.499425
2574,0.858514
2575,0.933502
2576,1.454990
2577,-0.086995
2578,0.834651
2579,-0.074154
2580,0.313521
2581,-0.109928
2582,-0.634741
2583,-1.840749
2584,0.488386
2585,-0.306266
2586,1.570546
2587,-0.383202
2588,0.433545
2589,1.929357
2590,0.179366
2591,0.844484
2592,0.480701
2593,-0.104823
2594,-2.158207
2595,-0.875275
2596,-0.771652
2597,-1.728272
2598,-1.820348
2599,1.007876
2600,0.846610
2601,-0.030089
2602,-0.847855
2603,1.574874
2604,0.202254
2605,0.126924
2606,-0.067406
2607,0.240480
2608,0.314941
2609,1.727835
2610,1.168498
2611,0.944259
2612,-2.019360
2613,-0.953104
2614,-1.656319
2615,-1.133702
2616,-1.278229
2617,-0.055851
2618,-0.572967
2619,0.659837
2620,0.451468
2621,-0.786789
2622,0.726276
2623,0.490476
2624,-0.035620
2625,0.158523
2626,-1.833228
2627,-0.268407
2628,-0.076940
2629,0.458827
2630,-0.426115
2631,-0.069994
2632,0.846809
2633,-0.180869
2634,0.494388
2635,0.335140
2636,-0.019313
2637,0.364917
2638,0.325448
2639,0.113341
2640,0.339025
2641,-1.253592
2642,-1.449416
2643,0.341218
2644,-0.298964
2645,-0.100177
2646,-0.608388
2647,0.178820
2648,0.586963
2649,0.100924
2650,-0.737342
2651,-0.989031
2652,0.022942
2653,0.617411
2654,-0.885954
2655,-0.056074
2656,0.470846
2657,0.866694
2658,0.604077
2659,-1.688506
2660,-1.506945
2661,-0.017206
2662,-0.714589
2663,-0.530120
2664,0.939100
2665,0.456217
2666,0.201944
2667,0.013951
2668,-0.666819
2669,-1.610877
2670,1.187387
2671,1.230010
2672,1.303140
2673,-0.229979
2674,-0.015251
2675,1.251411
2676,0.500155
2677,-0.643612
2678,-0.552844
2679,0.755315
2680,-0.686997
2681,0.106812
2682,-0.656183
2683,-2.045860
2684,0.826673
2685,0.753273
2686,-1.208624
2687,-1.172286
2688,-1.366823
2689,-1.302487
2690,1.145547
2691,0.554366
2692,0.477094
2693,1.160185
2694,-0.436097
2695,-0.403303
2696,0.456669
2697,-0.017633
2698,-1.744693
2699,-1.547670
2700,-1.197811
2701,1.800198
2702,0.926019
2703,-0.659854
2704,0.978869
2705,1.654839
2706,0.065839
2707,1.299212
2708,-0.612057
2709,-1.591108
2710,-1.667369
2711,-0.846321
2712,-0.038852
2713,0.770688
2714,-0.248223
2715,-0.530649
2716,-0.281018
2717,0.547052
2718,-0.032788
2719,0.923532
2720,1.318261
2721,-1.257385
2722,0.750008
2723,0.178232
2724,0.414426
2725,0.663976
2726,1.555602
2727,0.221426
2728,-0.740471
2729,-0.546354
2730,-0.424836
2731,0.205158
2732,-1.533547
2733,-0.352354
2734,0.283592
2735,0.719256
2736,-1.080522
2737,-1.147536
2738,-1.233451
2739,0.038398
2740,1.053890
2741,0.359609
2742,-0.943480
2743,1.303981
2744,0.948053
2745,0.289332
2746,-2.385462
2747,-0.667561
2748,0.570913
2749,1.348906
2750,0.305770
2751,0.318744
2752,-0.630844
2753,-0.321504
2754,-2.323282
2755,0.311809
2756,-0.942807
2757,0.139018
2758,1.338021
2759,-1.530200
2760,-1.163131
2761,-0.643836
2762,-1.334821
2763,0.951132
2764,0.736694
2765,1.054208
2766,-0.012612
2767,-0.214092
2768,-0.969781
2769,-0.024064
2770,0.185233
2771,-0.852457
2772,0.818308
2773,0.161095
2774,-0.474542
2775,-0.882372
2776,1.331155
2777,0.590944
2778,0.079109
2779,-0.011787
2780,-0.984817
2781,0.121769
2782,-0.659739
2783,-0.652181
2784,-2.033269
2785,-0.859269
2786,1.126348
2787,1.302736
2788,-0.440501
2789,-1.019898
2790,0.131730
2791,1.599654
2792,1.029416
2793,0.119596
2794,-2.010591
2795,-2.757394
2796,-0.191659
2797,0.438303
2798,-2.244857
2799,-1.783108
2800,1.343980
2801,1.629785
2802,-0.321650
2803,0.243271
2804,-0.420972
2805,-1.245053
2806,-0.077887
2807,-0.379790
2808,-0.767550
2809,0.886538
2810,0.652399
2811,1.090779
2812,-0.083692
2813,0.743819
2814,1.200871
2815,-0.323799
2816,-0.341844
2817,0.268436
2818,2.000182
2819,0.512077
2820,1.074710
2821,-0.361363
2822,-1.022571
2823,-1.076071
2824,0.250750
2825,-1.877246
2826,-0.225770
2827,-0.883731
2828,-1.419007
2829,-1.785491
2830,-0.899777
2831,1.295374
2832,-0.375595
2833,-0.537753
2834,-0.006757
2835,0.069162
2836,-2.382424
2837,-0.690079
2838,-1.943186
2839,-0.015749
2840,-0.328520
2841,-1.111274
2842,-1.807567
2843,-0.457062
2844,1.664896
2845,0.350709
2846,-0.155386
2847,1.432354
2848,-0.477122
2849,2.024250
2850,0.675266
2851,1.180763
2852,1.160397
2853,-0.386542
2854,1.715525
2855,-0.683480
2856,-1.725717
2857,-0.726305
2858,-0.425210
2859,-1.395410
2860,-1.608978
2861,1.330630
2862,-0.611735
2863,-0.666261
2864,1.223292
2865,-0.313180
2866,-1.066674
2867,0.833071
2868,-0.324244
2869,1.199882
2870,0.744214
2871,0.730135
2872,-0.217844
2873,-0.300259
2874,-1.163660
2875,0.112102
2876,0.591420
2877,0.571105
2878,-0.326739
2879,0.882119
2880,-0.890011
2881,-0.474650
2882,0.326494
2883,-1.124929
2884,-0.707035
2885,-0.655695
2886,-2.653862
2887,0.106506
2888,1.370968
2889,0.235668
2890,0.640065
2891,0.157476
2892,-0.503511
2893,0.106178
2894,-1.830040
2895,1.417836
2896,0.750978
2897,0.105217
2898,0.638190
2899,-0.861641
2900,-3.129915
2901,0.171839
2902,0.096535
2903,-0.968896
2904,-1.316226
2905,-0.347604
2906,1.019775
2907,1.181484
2908,1.557486
2909,0.276414
2910,0.395947
2911,1.765160
2912,2.270921
2913,-0.273834
2914,-0.757021
2915,0.466940
2916,-0.232270
2917,-1.086995
2918,-0.176189
2919,0.218236
2920,1.651653
2921,-0.023150
2922,-1.612744
2923,-0.207571
2924,1.728602
2925,-0.257194
2926,0.361413
2927,-0.724331
2928,-0.974505
2929,0.987467
2930,2.831658
2931,1.594055
2932,-0.742712
2933,-1.299491
2934,0.765747
2935,0.897670
2936,1.262287
2937,1.464813
2938,0.227393
2939,1.161436
2940,0.479951
2941,-0.754038
2942,1.105692
2943,-0.606851
2944,-0.253843
2945,-0.278261
2946,0.135446
2947,0.837994
2948,-0.369694
2949,-0.106693
2950,0.899465
2951,-0.107688
2952,1.098742
2953,-1.255736
2954,-2.521030
2955,-1.027647
2956,-2.641400
2957,-0.764064
2958,0.699496
2959,0.842918
2960,1.036848
2961,0.738169
2962,2.729156
2963,0.256033
2964,0.213256
2965,-1.449751
2966,-1.023084
2967,-1.291983
2968,1.362122
2969,0.027934
2970,0.862413
2971,-0.867977
2972,-0.655525
2973,-1.669786
2974,-0.052043
2975,0.498533
2976,1.993066
2977,0.881383
2978,0.632120
2979,0.759998
2980,1.692775
2981,1.626693
2982,0.646020
2983,0.892012
2984,0.777287
2985,-1.282792
2986,-0.662867
2987,-0.160620
2988,0.689725
2989,1.494604
2990,1.057941
2991,-2.680151
2992,0.774351
2993,-0.659700
2994,1.562013
2995,0.106258
2996,-0.404288
2997,-0.449580
2998,0.402160
2999,0.209922
3000,0.779066
3001,1.594307
3002,1.439222
3003,0.844268
3004,-0.198873
3005,-0.066211
3006,-1.813077
3007,0.443362
3008,-0.781714
3009,0.552560
3010,0.575282
3011,0.783238
3012,0.406365
3013,0.536444
3014,0.864089
3015,-1.064501
3016,-1.236527
3017,0.240052
3018,1.095039
3019,-1.385612
3020,0.016801
3021,1.548247
3022,0.710778
3023,-0.131863
3024,-0.561111
3025,-0.074663
3026,-0.658496
3027,1.146092
3028,-2.033060
3029,0.445706
3030,-0.920500
3031,1.541843
3032,0.824229
3033,-0.192517
3034,-0.726731
3035,-0.199078
3036,-1.069864
3037,1.311948
3038,0.744940
3039,-0.467959
3040,-1.778567
3041,-0.823192
3042,-0.006933
3043,1.380700
3044,0.604365
3045,-0.662008
3046,0.154362
3047,-0.352657
3048,0.843177
3049,-0.034607
3050,1.548883
3051,1.635326
3052,1.660724
3053,0.073496
3054,1.613969
3055,-0.682027
3056,-0.903536
3057,-0.785109
3058,-0.621233
3059,-0.843353
3060,0.329597
3061,1.633278
3062,0.400307
3063,-0.832388
3064,-0.146964
3065,0.005733
3066,-0.482733
3067,0.649480
3068,1.624640
3069,0.012311
3070,-0.600978
3071,0.174290
3072,0.542258
3073,0.035158
3074,-0.107427
3075,-0.176070
3076,-0.525499
3077,-0.229150
3078,0.744969
3079,-0.417787
3080,-0.692864
3081,-0.545068
3082,-0.644966
3083,0.002617
3084,-0.140977
3085,-0.991406
3086,-0.837483
3087,-1.319940
3088,0.728534
3089,0.308621
3090,0.319094
3091,0.859546
3092,-0.360560
3093,-0.593473
3094,-0.278371
3095,0.424998
3096,-0.388538
3097,1.471151
3098,0.740664
3099,-0.002151
3100,0.683911
3101,-0.412576
3102,-0.948427
3103,1.217287
3104,0.773263
3105,-0.391115
3106,-0.707888
3107,-1.012508
3108,-0.449020
3109,-0.650382
3110,-0.344064
3111,-0.336942
3112,0.161495
3113,1.290586
3114,0.489710
3115,0.646312
3116,-1.031369
3117,1.748304
3118,1.194637
3119,-0.720009
3120,-1.546224
3121,1.254514
3122,0.264756
3123,-1.052110
3124,0.731397
3125,-0.549364
3126,-0.564807
3127,0.705499
3128,0.982742
3129,0.021427
3130,-0.572415
3131,-0.624337
3132,0.761069
3133,-1.500571
3134,-1.592378
3135,-0.591706
3136,-1.203307
3137,1.026354
3138,0.974998
3139,1.259895
3140,-1.113791
3141,-2.073294
3142,0.407607
3143,0.463970
3144,0.136554
3145,-0.054132
3146,-1.992630
3147,-0.191030
3148,-0.655974
3149,-1.130868
3150,-0.387575
3151,-1.185735
3152,0.334500
3153,0.627721
3154,-0.752056
3155,0.958808
3156,-1.962473
3157,0.845830
3158,1.184791
3159,0.148112
3160,1.566435
3161,-0.375154
3162,0.481316
3163,-0.909460
3164,1.363582
3165,-0.094305
3166,0.439785
3167,-0.199091
3168,0.759520
3169,-0.589749
3170,2.083716
3171,0.130840
3172,-0.249604
3173,-0.177705
3174,-0.270591
3175,-1.253596
3176,0.013057
3177,-0.864624
3178,-0.737456
3179,0.209607
3180,0.720055
3181,1.441516
3182,-1.166983
3183,0.953350
3184,-0.264239
3185,-0.866399
3186,-0.408232
3187,0.298648
3188,-0.604539
3189,-0.060162
3190,0.718298
3191,-0.451406
3192,0.820167
3193,0.150625
3194,-1.270789
3195,0.006109
3196,-0.201625
3197,0.199625
3198,-0.713160
3199,-1.630090
3200,-1.466544
3201,0.484636
3202,0.419040
3203,0.258163
3204,-1.659367
3205,-2.038334
3206,-1.265333
3207,-0.647196
3208,-0.130500
3209,0.063577
3210,0.282789
3211,0.413605
3212,-0.189529
3213,0.288654
3214,1.506037
3215,1.357316
3216,0.642891
3217,0.453391
3218,0.213386
3219,-1.119964
3220,-0.506059
3221,0.017057
3222,1.251687
3223,-0.193639
3224,0.863861
3225,0.785435
3226,1.796397
3227,-1.497770
3228,-1.024723
3229,-1.005656
3230,-0.966021
3231,-2.097397
3232,-1.298396
3233,-0.882444
3234,0.620172
3235,-0.632865
3236,-1.315087
3237,-0.205160
3238,0.563324
3239,0.753958
3240,-1.266586
3241,0.374337
3242,0.330001
3243,0.656270
3244,-0.212794
3245,1.407179
3246,2.433255
3247,1.011920
3248,-0.184608
3249,1.310389
3250,1.174603
3251,1.164390
3252,0.856205
3253,0.331732
3254,-1.953908
3255,1.843125
3256,1.252723
3257,0.172951
3258,0.661997
3259,-0.152163
3260,0.417992
3261,0.760326
3262,0.650403
3263,0.244034
3264,0.114788
3265,-0.030610
3266,-0.549247
3267,-0.681170
3268,-1.387955
3269,-0.577426
3270,0.203805
3271,0.398349
3272,1.351356
3273,0.297842
3274,-0.161637
3275,0.217613
3276,-1.048650
3277,0.506664
3278,0.385365
3279,0.930790
3280,1.346497
3281,0.589631
3282,1.711027
3283,-0.081769
3284,-0.662534
3285,1.784869
3286,1.348158
3287,1.010829
3288,-0.367912
3289,0.068682
3290,0.281088
3291,-0.427114
3292,-0.094429
3293,-0.094423
3294,0.620485
3295,1.214531
3296,0.455796
3297,-0.576212
3298,-1.292932
3299,-1.041116
3300,-1.545839
3301,0.177804
3302,-0.108684
3303,1.655026
3304,2.395269
3305,0.139332
3306,1.219092
3307,2.231360
3308,-2.041072
3309,-1.103853
3310,0.213494
3311,1.015508
3312,0.696205
3313,0.586301
3314,0.462486
3315,0.182322
3316,1.560596
3317,1.904567
3318,0.088486
3319,0.636841
3320,1.318206
3321,-1.979098
3322,-1.238710
3323,-1.037188
3324,-0.977920
3325,0.567262
3326,0.395619
3327,0.529177
3328,0.395476
3329,-0.347469
3330,-0.738412
3331,-0.322529
3332,1.161874
3333,2.467491
3334,0.850449
3335,-0.082146
3336,-0.473058
3337,0.098489
3338,-0.480081
3339,-0.297098
3340,0.814511
3341,0.550057
3342,-0.171322
3343,0.038103
3344,-0.768637
3345,0.287551
3346,-0.513333
3347,0.703436
3348,0.829127
3349,0.625627
3350,-0.381226
3351,-0.580798
3352,-2.804238
3353,2.120051
3354,-0.053435
3355,-1.256116
3356,-1.151551
3357,-0.791965
3358,-1.794669
3359,-0.001959
3360,-0.893212
3361,1.323634
3362,0.811970
3363,0.322896
3364,1.110678
3365,-0.374504
3366,1.297838
3367,2.405928
3368,0.102494
3369,-0.415330
3370,-0.118963
3371,-1.086276
3372,0.614130
3373,0.452693
3374,-0.570013
3375,-0.857121
3376,1.432588
3377,0.184210
3378,-1.947728
3379,-0.072791
3380,-1.466060
3381,-1.115559
3382,-0.065865
3383,0.052432
3384,0.403371
3385,0.514980
3386,0.610869
3387,0.014441
3388,-1.746607
3389,-0.516001
3390,-0.880904
3391,-0.626605
3392,-0.955576
3393,0.847246
3394,1.094251
3395,0.086861
3396,0.874786
3397,0.948287
3398,-0.927521
3399,-0.521262
3400,0.858818
3401,-0.653273
3402,0.252625
3403,-0.066595
3404,-0.024140
3405,-1.696852
3406,-1.194190
3407,0.002649
3408,-0.584568
3409,-0.437960
3410,-2.281908
3411,1.152945
3412,-0.340780
3413,0.973696
3414,0.928381
3415,1.544614
3416,1.306471
3417,0.259430
3418,-1.052366
3419,-0.807323
3420,0.400347
3421,-0.860668
3422,0.884406
3423,-0.061668
3424,1.462756
3425,0.026296
3426,0.812847
3427,-0.611622
3428,-1.642891
3429,1.830579
3430,1.997860
3431,-0.541905
3432,-1.818224
3433,-0.010182
3434,0.138549
3435,0.246010
3436,0.041228
3437,0.338851
3438,1.188588
3439,0.606313
3440,0.957405
3441,0.749424
3442,2.095636
3443,0.996893
3444,-1.205092
3445,1.014335
3446,0.305374
3447,-0.078046
3448,0.154193
3449,-0.005392
3450,0.934075
3451,-1.015636
3452,0.023322
3453,0.201863
3454,0.464990
3455,-0.747095
3456,-0.268582
3457,2.037990
3458,0.723591
3459,-1.059679
3460,1.050810
3461,-0.596733
3462,0.867698
3463,0.145057
3464,-1.167419
3465,-0.825109
3466,1.907491
3467,1.867158
3468,0.183514
3469,0.201607
3470,0.689900
3471,-0.036607
3472,0.725930
3473,0.300911
3474,-0.596468
3475,1.302923
3476,2.237352
3477,0.726572
3478,-0.781653
3479,-0.151991
3480,-1.679472
3481,-0.234521
3482,1.448962
3483,1.659488
3484,-1.249160
3485,-0.223135
3486,2.481440
3487,1.347092
3488,0.220492
3489,-0.087694
3490,0.040810
3491,0.265014
3492,-0.234062
3493,-0.524738
3494,0.723021
3495,1.992668
3496,-0.395887
3497,-0.442053
3498,0.167133
3499,0.958882
3500,1.088370
3501,-0.354400
3502,-0.726757
3503,-1.200408
3504,-0.621934
3505,0.755367
3506,0.558869
3507,-0.053285
3508,-0.044942
3509,1.241919
3510,1.128075
3511,-0.136957
3512,-0.497447
3513,-0.058854
3514,2.194374
3515,0.339581
3516,0.665759
3517,0.314053
3518,0.460927
3519,-1.173083
3520,-1.596439
3521,2.355770
3522,0.953350
3523,0.035527
3524,0.555289
3525,0.666233
3526,1.896550
3527,-0.272212
3528,-0.127606
3529,1.275940
3530,0.361504
3531,-0.968554
3532,-1.221879
3533,-0.536560
3534,0.319726
3535,-1.842538
3536,0.871978
3537,1.335066
3538,-1.773712
3539,-0.932553
3540,0.519672
3541,1.147867
3542,0.289707
3543,0.453431
3544,-0.041674
3545,-0.744996
3546,2.086359
3547,-0.073772
3548,-0.529521
3549,0.769617
3550,0.799264
3551,1.174761
3552,-1.423144
3553,-1.174927
3554,0.694237
3555,-0.057928
3556,0.868691
3557,-0.528504
3558,0.925037
3559,-2.358651
3560,0.757549
3561,0.968252
3562,0.126970
3563,0.395343
3564,-0.441842
3565,-1.532123
3566,0.318798
3567,0.027011
3568,-0.004481
3569,-1.646586
3570,-0.989067
3571,-0.010571
3572,0.670232
3573,1.372551
3574,-0.438030
3575,-0.336584
3576,0.307121
3577,1.031639
3578,-1.887046
3579,-0.529726
3580,-2.652589
3581,-1.915384
3582,0.788532
3583,1.715302
3584,-1.806916
3585,1.507168
3586,1.935762
3587,1.320626
3588,-0.147280
3589,2.278390
3590,1.102240
3591,0.390530
3592,-1.138853
3593,-0.877956
3594,0.000548
3595,-0.001946
3596,1.055622
3597,-0.758913
3598,0.377774
3599,0.507230
3600,-0.076809
3601,0.331827
3602,0.090541
3603,0.082249
3604,-1.353112
3605,-0.633042
3606,1.251689
3607,1.533612
3608,0.265163
3609,-0.004214
3610,0.342037
3611,1.839333
3612,1.613784
3613,-0.063306
3614,-0.222818
3615,-1.349122
3616,-0.204860
3617,-0.184707
3618,0.620339
3619,-0.651762
3620,-0.053500
3621,1.480727
3622,-0.678113
3623,-0.504037
3624,-0.710761
3625,-0.251239
3626,0.693863
3627,0.493261
3628,-0.458957
3629,1.591267
3630,-0.020807
3631,0.074120
3632,0.779795
3633,2.042382
3634,0.000750
3635,0.590511
3636,2.398874
3637,-0.693215
3638,0.106432
3639,1.814130
3640,0.898137
3641,-0.293164
3642,1.063837
3643,0.583504
3644,-1.489131
3645,-1.968769
3646,-0.052056
3647,-0.607887
3648,-0.359033
3649,-0.710265
3650,2.933991
3651,-0.489275
3652,-0.568914
3653,0.660313
3654,-1.073294
3655,-0.230856
3656,-0.805675
3657,0.025620
3658,0.869551
3659,0.454926
3660,-0.424185
3661,1.307421
3662,1.449305
3663,0.340352
3664,-0.900109
3665,-1.099290
3666,0.871589
3667,0.048276
3668,0.388693
3669,-0.939965
3670,-1.371084
3671,-0.000812
3672,0.284208
3673,0.245964
3674,-0.560046
3675,-0.324597
3676,-0.598088
3677,-1.644363
3678,-2.252612
3679,-1.985464
3680,-1.520286
3681,-0.140358
3682,1.202180
3683,2.266359
3684,-0.439145
3685,18.042786
3686,18.406029
3687,21.657590
3688,18.392088
3689,19.902855
3690,17.329557
3691,19.191627
3692,17.209214
3693,14.464189
3694,19.647432
3695,21.179595
3696,20.063599
3697,21.972818
3698,19.480900
3699,17.806691
3700,21.138655
3701,20.919257
3702,18.206408
3703,17.274094
3704,18.198853
3705,20.076062
3706,20.125396
3707,21.726109
3708,20.102769
3709,18.896713
3710,19.820277
3711,18.559461
3712,20.742133
3713,18.171616
3714,21.926826
3715,20.524898
3716,17.707614
3717,20.907842
3718,20.920897
3719,18.589771
3720,18.487099
3721,19.455682
3722,21.584429
3723,21.414417
3724,21.362620
3725,20.749558
3726,20.804722
3727,18.068350
3728,14.356368
3729,17.872841
3730,20.344667
3731,18.125721
3732,19.418105
3733,19.546410
3734,22.139247
3735,16.981637
3736,16.003104
3737,18.218257
3738,23.455472
3739,19.897628
3740,18.977478
3741,21.315137
3742,20.309783
3743,17.961404
3744,16.101563
3745,16.705715
3746,16.679852
3747,18.223896
3748,17.049046
3749,18.064196
3750,16.556601
3751,17.919544
3752,20.948982
3753,16.939518
3754,20.228286
3755,16.739061
3756,17.806141
3757,20.821851
3758,19.688518
3759,15.933350
3760,16.857157
3761,19.232247
3762,18.059417
3763,16.749233
3764,16.525249
3765,18.602280
3766,17.308309
3767,19.516577
3768,18.088454
3769,20.621934
3770,19.522191
3771,16.725231
3772,18.634985
3773,18.369529
3774,16.604104
3775,18.390750
3776,20.530625
3777,23.167472
3778,18.920817
3779,21.905604
3780,19.749329
3781,19.344525
3782,20.416489
3783,21.001280
3784,17.686983
3785,20.677686
3786,17.847643
3787,19.562787
3788,18.214408
3789,18.929855
3790,19.587735
3791,17.322838
3792,17.507642
3793,16.818620
3794,19.695421
3795,18.885536
3796,18.224456
3797,17.991301
3798,17.191013
3799,19.820919
3800,15.565671
3801,19.065327
3802,18.759943
3803,19.335865
3804,19.609202
3805,19.756720
3806,18.627787
3807,18.131436
3808,19.071730
3809,20.064803
3810,19.448053
3811,17.895265
3812,16.017185
3813,18.502303
3814,18.692568
3815,20.662749
3816,21.249428
3817,19.544261
3818,19.907657
3819,20.732764
3820,22.789910
3821,19.330049
3822,18.644980
3823,20.457871
3824,18.398786
3825,20.726009
3826,16.704392
3827,18.640080
3828,20.168940
3829,19.425364
3830,16.906448
3831,17.592473
3832,17.526427
3833,18.790167
3834,19.471488
3835,21.699183
3836,17.686595
3837,20.874410
3838,20.813190
3839,21.293530
3840,20.542289
3841,19.705314
3842,17.787916
3843,18.874017
3844,18.239988
3845,19.540342
3846,17.326925
3847,19.487054
3848,20.564840
3849,15.988488
3850,18.183689
3851,18.209600
3852,17.215498
3853,19.912802
3854,17.617703
3855,18.398113
3856,18.392775
3857,18.602268
3858,20.726263
3859,18.829869
3860,15.349054
3861,21.131095
3862,16.243120
3863,13.843144
3864,19.106147
3865,20.314591
3866,20.928899
3867,17.046948
3868,16.091630
3869,15.700322
3870,20.122186
3871,18.605554
3872,20.492875
3873,18.924084
3874,17.188826
3875,17.087050
3876,23.741873
3877,21.568257
3878,11.821850
3879,17.959537
3880,19.214693
3881,17.175634
3882,15.386884
3883,18.915040
3884,20.323688
3885,21.665770
3886,15.857320
3887,13.779924
3888,16.300737
3889,20.037666
3890,23.201230
3891,17.587853
3892,18.839310
3893,22.201984
3894,19.882311
3895,20.291400
3896,15.040314
3897,15.048058
3898,11.646460
3899,17.368245
3900,18.158881
3901,15.869422
3902,19.042333
3903,18.243927
3904,17.476889
3905,19.325799
3906,17.558604
3907,17.590975
3908,19.914002
3909,18.380238
3910,19.462866
3911,21.449439
3912,20.356868
3913,24.863539
3914,20.047336
3915,18.894014
3916,20.762845
3917,13.499759
3918,15.080371
3919,15.792997
3920,14.036713
3921,12.850832
3922,17.426783
3923,18.857715
3924,17.168576
3925,16.889638
3926,15.379676
3927,14.184278
3928,16.500916
3929,15.622400
3930,21.047790
3931,19.896288
3932,20.140984
3933,20.849425
3934,18.525801
3935,20.839097
3936,19.637602
3937,20.400528
3938,16.925558
3939,19.881300
3940,19.068664
3941,19.248237
3942,20.230761
3943,19.464637
3944,21.798399
3945,17.658158
3946,17.017059
3947,16.411523
3948,19.638671
3949,20.491363
3950,22.361175
3951,22.660679
3952,19.555407
3953,17.112167
3954,16.627620
3955,15.635109
3956,15.317093
3957,17.209627
3958,21.151759
3959,19.540865
3960,20.697827
3961,20.600650
3962,19.657459
3963,16.793476
3964,21.261505
3965,19.500024
3966,18.297154
3967,16.250862
3968,19.920862
3969,18.990674
3970,20.951638
3971,16.947503
3972,16.527300
3973,20.840923
3974,19.230850
3975,19.099661
3976,21.854282
3977,18.000488
3978,17.928468
3979,20.495831
3980,18.340338
3981,20.521124
3982,18.241732
3983,18.294234
3984,18.549231
3985,15.611917
3986,20.124262
3987,19.303879
3988,19.231246
3989,18.111953
3990,16.785852
3991,18.030944
3992,17.845658
3993,17.282953
3994,16.184904
3995,19.004505
3996,16.236615
3997,20.443712
3998,15.914347
3999,15.775582
4000,20.189488
4001,17.833696
4002,18.771924
4003,19.369377
4004,21.620838
4005,21.601622
4006,17.990555
4007,17.500772
4008,17.910338
4009,17.518997
4010,15.450531
4011,18.700032
4012,20.767592
4013,16.780100
4014,21.173861
4015,18.335210
4016,16.326018
4017,19.188747
4018,17.238946
4019,20.745070
4020,21.053828
4021,19.360001
4022,18.735238
4023,17.020003
4024,20.058557
4025,18.694714
4026,17.599388
4027,19.809072
4028,20.984522
4029,17.645170
4030,18.267560
4031,19.726138
4032,16.928430
4033,19.256268
4034,19.731906
4035,20.244954
4036,21.694261
4037,19.510948
4038,19.506321
4039,20.261370
4040,15.151977
4041,13.523575
4042,19.294453
4043,18.738478
4044,17.392439
4045,17.756349
4046,18.737113
4047,19.109866
4048,21.459733
4049,20.437172
4050,20.821497
4051,19.015005
4052,14.730304
4053,20.825585
4054,16.660344
4055,17.796521
4056,17.859505
4057,17.433648
4058,18.787749
4059,19.768218
4060,18.089862
4061,20.932070
4062,16.787822
4063,17.375627
4064,20.000469
4065,16.457323
4066,19.547980
4067,20.829346
4068,21.297630
4069,19.231602
4070,19.493093
4071,18.305328
4072,17.394317
4073,17.831678
4074,16.708320
4075,17.054595
4076,18.974299
4077,20.639846
4078,20.951660
4079,17.953905
4080,18.680255
4081,23.045478
4082,19.336312
4083,17.663122
4084,17.731353
4085,19.680440
4086,21.753103
4087,20.644513
4088,17.275689
4089,18.006356
4090,18.270627
4091,18.166034
4092,18.318911
4093,16.937438
4094,17.602981
4095,18.564314
4096,18.234430
4097,19.962338
4098,21.322485
4099,19.665541
4100,17.614229
4101,17.948837
4102,17.776796
4103,20.590963
4104,19.316523
4105,16.835575
4106,18.718518
4107,16.766973
4108,16.169263
4109,19.423247
4110,17.712322
4111,16.703432
4112,14.571588
4113,15.087110
4114,16.889403
4115,18.036707
4116,17.058987
4117,20.761965
4118,21.953381
4119,18.946594
4120,22.185538
4121,19.482203
4122,18.676505
4123,19.097815
4124,18.560721
4125,17.739507
4126,20.808943
4127,21.173602
4128,21.596100
4129,20.347035
4130,18.146405
4131,18.170147
4132,17.719269
4133,15.004355
4134,4.369740
4135,-0.531902
4136,0.877694
4137,-0.409890
4138,-0.680916
4139,-0.387015
4140,-0.409797
4141,-0.028972
4142,0.486374
4143,1.171070
4144,0.120716
4145,0.504165
4146,1.267134
4147,-1.632991
4148,-0.983937
4149,0.044990
4150,-0.966061
4151,-0.724202
4152,-0.246524
4153,-1.010025
4154,1.089175
4155,-0.010510
4156,-1.501711
4157,-1.807251
4158,1.075634
4159,1.118027
4160,-0.398470
4161,-0.363469
4162,0.334346
4163,1.436252
4164,1.075338
4165,-1.151332
4166,-1.386151
4167,0.445926
4168,1.158972
4169,1.881695
4170,0.032871
4171,0.826257
4172,0.220607
4173,-0.294931
4174,-0.946883
4175,-0.118490
4176,-0.353606
4177,1.884177
4178,2.552413
4179,0.440133
4180,-0.091601
4181,-0.405012
4182,-1.527823
4183,-1.588495
4184,0.220493
4185,0.855833
4186,0.029970
4187,-1.767792
4188,-1.370072
4189,-0.496247
4190,-0.416182
4191,-1.155776
4192,0.765604
4193,0.037032
4194,-0.113002
4195,-1.011500
4196,0.148505
4197,1.120026
4198,-0.041741
4199,-1.441746
4200,1.269222
4201,1.042861
4202,0.280093
4203,-0.683878
4204,-1.375914
4205,-1.380671
4206,0.444493
4207,1.777445
4208,1.180116
4209,0.195769
4210,1.016450
4211,0.509390
4212,1.403241
4213,1.951277
4214,3.162419
4215,0.306726
4216,-0.023586
4217,-1.521189
4218,1.275613
4219,1.232064
4220,-0.346585
4221,-2.446921
4222,0.457778
4223,-0.570950
4224,0.535446
4225,-1.456742
4226,-1.245780
4227,0.085815
4228,1.317217
4229,0.455419
4230,-1.597587
4231,0.304614
4232,0.114409
4233,-1.083614
4234,0.349836
4235,0.822110
4236,2.271233
4237,0.064038
4238,1.049290
4239,3.004639
4240,0.752002
4241,0.820814
4242,1.058285
4243,2.164528
4244,0.075578
4245,0.139128
4246,0.363661
4247,-0.604525
4248,0.344233
4249,-0.863350
4250,-0.535228
4251,0.430477
4252,-1.311058
4253,-0.694074
4254,-1.309950
4255,0.007072
4256,-0.869693
4257,1.407099
4258,-0.096315
4259,0.400619
4260,-2.087784
4261,0.116989
4262,-0.048761
4263,0.609107
4264,-0.142136
4265,-0.421952
4266,0.309699
4267,-0.441423
4268,-0.166084
4269,-0.549371
4270,-1.419691
4271,0.472242
4272,-0.386440
4273,0.526524
4274,-0.104686
4275,0.803014
4276,0.433798
4277,1.405867
4278,0.276693
4279,-0.019824
4280,1.642879
4281,-0.260060
4282,1.984859
4283,-0.311803
4284,-0.573865
4285,0.100808
4286,-1.145436
4287,-0.965642
4288,0.990852
4289,0.188366
4290,0.205125
4291,2.268192
4292,1.254729
4293,0.735191
4294,-0.470393
4295,-0.961228
4296,-0.851261
4297,-0.357080
4298,-0.251132
4299,0.391823
4300,1.061296
4301,0.626851
4302,-1.134887
4303,-2.788316
4304,-2.662854
4305,-1.682991
4306,-2.177922
4307,-0.003408
4308,1.856787
4309,1.512185
4310,0.375442
4311,-0.059569
4312,1.430438
4313,1.357019
4314,0.501808
4315,-1.714544
4316,-0.333526
4317,0.153272
4318,0.494978
4319,0.654932
4320,0.284852
4321,-0.644457
4322,-0.231724
4323,-0.264634
4324,-0.419750
4325,0.153413
4326,-1.748662
4327,0.151051
4328,-0.092986
4329,-0.102846
4330,-1.694831
4331,-0.689436
4332,-0.738149
4333,0.027253
4334,-1.027366
4335,0.941071
4336,0.149271
4337,0.865413
4338,-1.212357
4339,1.259533
4340,-0.567996
4341,-0.267650
4342,0.679696
4343,0.313685
4344,-1.646513
4345,-0.464800
4346,0.968687
4347,0.510955
4348,0.477902
4349,1.736990
4350,1.753867
4351,0.537246
4352,0.062170
4353,0.172998
4354,-0.906804
4355,-2.269701
4356,1.286624
4357,1.158564
4358,1.070735
4359,-1.551873
4360,-0.014119
4361,-1.170432
4362,-0.378084
4363,-1.622208
4364,15.522023
4365,21.197478
4366,20.371163
4367,21.049555
4368,23.513127
4369,21.114463
4370,22.826937
4371,19.902103
4372,19.190023
4373,20.241894
4374,19.221444
4375,17.901547
4376,19.844815
4377,20.103995
4378,19.421677
4379,18.526522
4380,19.954274
4381,21.881564
4382,22.826532
4383,25.005776
4384,22.199052
4385,23.616321
4386,22.422948
4387,21.346606
4388,23.706111
4389,23.363079
4390,23.043642
4391,19.785668
4392,26.172228
4393,21.405299
4394,20.229125
4395,18.227729
4396,17.363717
4397,19.325011
4398,23.991969
4399,20.949851
4400,18.301464
4401,18.395189
4402,18.041902
4403,19.795155
4404,21.547656
4405,22.539119
4406,20.081140
4407,24.540630
4408,23.480301
4409,20.620979
4410,21.909423
4411,22.220550
4412,20.524374
4413,22.675908
4414,25.132699
4415,20.009651
4416,15.256130
4417,21.213257
4418,23.432093
4419,24.264026
4420,19.768848
4421,19.847075
4422,21.654687
4423,22.114942
4424,22.079054
4425,22.128949
4426,21.336042
4427,19.259883
4428,23.247509
4429,21.923558
4430,21.972239
4431,20.764713
4432,21.343667
4433,21.538438
4434,22.853637
4435,23.201297
4436,19.816854
4437,21.850347
4438,23.040724
4439,22.737685
4440,22.736915
4441,23.906670
4442,20.078580
4443,21.574414
4444,21.712970
4445,21.164179
4446,21.398002
4447,21.869440
4448,18.641976
4449,18.044165
4450,19.140390
4451,17.496076
4452,20.162713
4453,19.941825
4454,17.760191
4455,18.553650
4456,22.483517
4457,24.021864
4458,21.490693
4459,24.605082
4460,24.460856
4461,18.216637
4462,19.634357
4463,22.221048
4464,22.546477
4465,24.909956
4466,23.532120
4467,17.243949
4468,21.273432
4469,20.595576
4470,22.763892
4471,20.906944
4472,20.381054
4473,24.238139
4474,23.414153
4475,24.561363
4476,19.822384
4477,19.117284
4478,20.240829
4479,18.371176
4480,19.093011
4481,24.631706
4482,21.175940
4483,22.394668
4484,21.694986
4485,21.592313
4486,18.601871
4487,20.089841
4488,24.031137
4489,21.740030
4490,22.484203
4491,22.054622
4492,24.767289
4493,22.991050
4494,23.176278
4495,23.001040
4496,16.568865
4497,17.781993
4498,20.608742
4499,22.101189
4500,21.302579
4501,20.910553
4502,22.729888
4503,24.125562
4504,22.301014
4505,18.309254
4506,19.757377
4507,16.834780
4508,15.442054
4509,18.702166
4510,19.867918
4511,19.194575
4512,19.585488
4513,19.807016
4514,25.227144
4515,24.986885
4516,20.827957
4517,21.901674
4518,21.520403
4519,20.471590
4520,18.327738
4521,20.983764
4522,23.055116
4523,25.543510
4524,23.881942
4525,21.231643
4526,18.652019
4527,22.857042
4528,22.970334
4529,25.340714
4530,22.899050
4531,21.083100
4532,19.785763
4533,19.707674
4534,18.955752
4535,22.158905
4536,19.181693
4537,22.703670
4538,23.707997
4539,23.865966
4540,21.953957
4541,22.622539
4542,20.338437
4543,18.787302
4544,24.131787
4545,21.937633
4546,20.176258
4547,24.170160
4548,24.360890
4549,19.984442
4550,16.235891
4551,16.281801
4552,21.428444
4553,19.085547
4554,17.208418
4555,19.482440
4556,23.114459
4557,19.546678
4558,18.490908
4559,25.436993
4560,25.554486
4561,25.516995
4562,25.837721
4563,23.413218
4564,21.649230
4565,23.163221
4566,24.516091
4567,20.621604
4568,20.629764
4569,21.418284
4570,18.585420
4571,21.173910
4572,24.648726
4573,19.531465
4574,20.845547
4575,21.132638
4576,20.345951
4577,20.159059
4578,23.512826
4579,19.388784
4580,19.090343
4581,19.495706
4582,20.068073
4583,21.974796
4584,17.926944
4585,18.328125
4586,17.694552
4587,23.784604
4588,22.861680
4589,19.119195
4590,20.075115
4591,22.320974
4592,21.817934
4593,20.219650
4594,20.368704
4595,23.772925
4596,21.055313
4597,23.358946
4598,24.489512
4599,25.120111
4600,23.189960
4601,21.597217
4602,21.291086
4603,22.225009
4604,21.384520
4605,20.310807
4606,18.651568
4607,17.849922
4608,19.325532
4609,19.108491
4610,23.605557
4611,22.522344
4612,22.273300
4613,20.984456
4614,18.152985
4615,23.496230
4616,21.957038
4617,19.599070
4618,16.256346
4619,19.543405
4620,21.138968
4621,17.509377
4622,18.238240
4623,18.987485
4624,20.883648
4625,24.252643
4626,17.692511
4627,18.066737
4628,5.605108
4629,2.354061
4630,-0.612244
4631,0.059581
4632,0.005553
4633,1.195358
4634,0.652743
4635,1.574080
4636,-0.938850
4637,0.403820
4638,-1.334733
4639,-0.484437
4640,-0.762082
4641,0.446089
4642,-1.374936
4643,-0.790396
4644,-1.190473
4645,1.237980
4646,0.398574
4647,-0.075333
4648,-0.211878
4649,2.315255
4650,1.906224
4651,2.394132
4652,0.359125
4653,-2.557559
4654,-0.942142
4655,0.122062
4656,1.326669
4657,-0.915484
4658,-0.662527
4659,-2.460865
4660,-1.421987
4661,-0.024345
4662,0.518302
4663,-0.477760
4664,-0.315963
4665,0.101034
4666,1.379786
4667,1.358456
4668,-0.266614
4669,-0.421837
4670,-0.964322
4671,-0.148612
4672,0.128170
4673,-1.232235
4674,-0.008566
4675,1.452428
4676,1.448353
4677,0.404760
4678,-0.746206
4679,0.516350
4680,1.068650
4681,-0.923547
4682,0.698176
4683,1.952582
4684,0.168197
4685,-1.184712
4686,0.332429
4687,-0.543216
4688,-0.598300
4689,0.596680
4690,-1.068514
4691,0.854137
4692,-0.617418
4693,-1.628852
4694,0.801195
4695,0.077799
4696,1.744661
4697,0.438936
4698,-2.328748
4699,-1.461881
4700,0.013226
4701,0.421208
4702,1.183280
4703,2.009021
4704,-0.723713
4705,-2.053976
4706,-0.079429
4707,-1.407223
4708,-0.021808
4709,0.707945
4710,1.434028
4711,0.818822
4712,-0.386434
4713,0.132984
4714,1.120368
4715,2.243790
4716,-0.007644
4717,-0.030581
4718,0.694454
4719,1.220695
4720,0.309488
4721,0.246965
4722,0.565703
4723,-0.022832
4724,-1.159958
4725,0.409801
4726,0.761001
4727,-0.291897
4728,0.435123
4729,2.230916
4730,1.228728
4731,-0.356222
4732,0.391804
4733,0.862634
4734,0.274994
4735,2.290867
4736,1.017571
4737,1.499151
4738,0.070824
4739,-0.009148
4740,0.419256
4741,-0.294791
4742,1.146703
4743,0.570831
4744,0.314570
4745,-2.075973
4746,-1.429149
4747,-0.093783
4748,-0.790505
4749,-0.122260
4750,0.574362
4751,-0.229469
4752,1.780536
4753,2.759448
4754,0.870349
4755,0.840628
4756,-0.585978
4757,-0.308959
4758,0.770087
4759,0.558062
4760,0.458908
4761,0.538914
4762,1.313806
4763,1.508635
4764,0.211257
4765,-0.016518
4766,-1.147925
4767,-1.351354
4768,-0.973734
4769,-0.634590
4770,0.207889
4771,0.425011
4772,0.593163
4773,0.294354
4774,1.347151
4775,-0.610202
4776,0.048763
4777,1.532990
4778,0.987033
4779,0.972725
4780,-0.975198
4781,0.588571
4782,-0.750946
4783,0.996824
4784,-2.099581
4785,0.522387
4786,0.624889
4787,0.946391
4788,2.008790
4789,-0.637108
4790,-0.315441
4791,-0.455234
4792,0.056617
4793,-0.008270
4794,0.246780
4795,0.757065
4796,0.047044
4797,-0.451437
4798,0.674198
4799,-0.511418
4800,-0.724810
4801,-1.569899
4802,0.269245
4803,0.497314
4804,-1.521053
4805,-0.616090
4806,-0.736990
4807,2.316925
4808,2.528808
4809,1.803615
4810,0.590349
4811,0.289259
4812,0.202639
4813,0.481452
4814,0.059819
4815,1.051248
4816,-0.028947
4817,-0.334170
4818,1.461689
4819,0.433301
4820,-0.573466
4821,-0.069169
4822,0.560442
4823,-0.346512
4824,-2.065944
4825,-1.843503
4826,-1.971130
4827,0.391879
4828,-2.208495
4829,-0.178374
4830,1.025388
4831,0.891547
4832,1.117131
4833,-0.248428
4834,0.669641
4835,-0.265558
4836,-0.990559
4837,-0.272134
4838,-0.615748
4839,0.355152
4840,0.518171
4841,-0.447771
4842,-0.121858
4843,0.528019
4844,-0.388747
4845,0.023374
4846,-0.776117
4847,0.047969
4848,-1.037307
4849,-0.499928
4850,-0.806603
4851,0.007133
4852,-0.994386
4853,-0.022729
4854,-1.785211
4855,1.560784
4856,0.619366
4857,-1.140328
4858,-1.295789
4859,-0.864887
4860,-0.800915
4861,-0.783722
4862,-1.780844
4863,0.514085
4864,-2.986599
4865,-0.409585
4866,-0.374031
4867,0.755581
4868,-1.438599
4869,-1.120219
4870,-2.419667
4871,-0.542128
4872,0.886906
4873,0.934362
4874,-0.883184
4875,0.222114
4876,-1.350634
4877,0.439019
4878,-0.751509
4879,2.326329
4880,0.517135
4881,0.729484
4882,-0.202086
4883,-0.108834
4884,-0.647245
4885,0.544820
4886,0.911703
4887,0.673691
4888,1.979339
4889,-0.408267
4890,0.439814
4891,1.332566
4892,-0.966957
4893,0.224726
4894,2.650915
4895,0.149646
4896,-1.169339
4897,-0.113535
4898,0.462527
4899,0.365021
4900,-0.702944
4901,1.232403
4902,0.785394
4903,1.972209
4904,-2.279918
4905,-0.168398
4906,-1.112142
4907,-0.994413
4908,-2.562729
4909,-0.766292
4910,1.176528
4911,-2.005510
4912,-2.055669
4913,-0.232204
4914,0.992832
4915,-0.503258
4916,0.017871
4917,-0.599560
4918,0.912135
4919,-1.760331
4920,0.457202
4921,-0.723395
4922,0.639514
4923,-0.005641
4924,-0.906130
4925,1.595401
4926,-1.546862
4927,0.400522
4928,0.746404
4929,1.453596
4930,0.282719
4931,0.057385
4932,2.000546
4933,1.648831
4934,0.131462
4935,0.306240
4936,-0.044090
4937,0.097809
4938,-0.009126
4939,-1.167203
4940,-1.506916
4941,-0.348231
4942,-0.049671
4943,-0.316502
4944,-1.613698
4945,1.650298
4946,0.662484
4947,-1.341544
4948,1.482145
4949,1.114555
4950,1.366188
4951,0.939741
4952,-0.208911
4953,2.464105
4954,0.788483
4955,-0.114495
4956,-0.200543
4957,-0.540945
4958,-0.115223
4959,0.474836
4960,0.079630
4961,1.682051
4962,0.660310
4963,-0.311376
4964,0.261469
4965,0.350137
4966,-1.512145
4967,0.304590
4968,0.233745
4969,0.494363
4970,-2.068708
4971,-1.422613
4972,-1.081134
4973,0.962336
4974,1.074275
4975,-1.183903
4976,-1.970152
4977,-1.625938
4978,-0.310191
4979,0.352051
4980,-1.259603
4981,-0.141004
4982,-0.576295
4983,-0.300181
4984,0.310679
4985,-1.077387
4986,0.539521
4987,-0.242917
4988,0.595941
4989,-1.226730
4990,-1.196905
4991,0.757286
4992,0.158894
4993,-0.378074
4994,-0.942469
4995,-1.125626
4996,1.692399
4997,0.874155
4998,-0.178738
4999,-2.038048
5000,-0.538711
5001,0.523944
5002,0.673538
5003,-0.056137
5004,1.977757
5005,1.033782
5006,1.302438
5007,-0.020260
5008,0.699869
5009,0.337181
5010,1.104864
5011,0.706994
5012,-0.882713
5013,-0.244225
5014,-0.239182
5015,-0.553800
5016,0.595056
5017,-0.213959
5018,-1.373811
5019,-0.004899
5020,0.076365
5021,-1.536875
5022,-0.410081
5023,-1.223432
5024,-0.623472
5025,0.071150
5026,-1.126091
5027,-0.735040
5028,-0.833585
5029,1.132104
5030,2.083477
5031,1.636134
5032,-0.721684
5033,-1.935468
5034,-0.797187
5035,-0.562934
5036,2.071616
5037,0.785793
5038,0.806812
5039,-1.370094
5040,-0.038569
5041,-0.713523
5042,0.048050
5043,1.183507
5044,0.457133
5045,-0.399644
5046,0.236890
5047,-0.629983
5048,-0.560172
5049,0.719702
5050,-0.785128
5051,-0.492830
5052,-1.383689
5053,-0.438119
5054,0.094544
5055,-0.213591
5056,0.435106
5057,-1.907726
5058,-0.695354
5059,-0.250742
5060,-2.345179
5061,-2.097665
5062,0.675618
5063,-1.482079
5064,-1.427683
5065,0.759411
5066,1.467921
5067,1.615830
5068,-0.098688
5069,3.110321
5070,-0.118648
5071,-1.149691
5072,-0.691167
5073,-1.246038
5074,-0.800796
5075,-0.033619
5076,-0.975545
5077,-0.009145
5078,-1.824262
5079,-0.471738
5080,-0.412610
5081,1.036594
5082,0.160217
5083,-0.891059
5084,-1.265976
5085,-0.185709
5086,-1.030423
5087,-1.450771
5088,-0.568087
5089,0.857002
5090,-0.143518
5091,0.130976
5092,-0.162385
5093,0.398074
5094,-0.107269
5095,1.480505
5096,-0.436253
5097,-1.608993
5098,-1.382444
5099,-1.432163
5100,-1.286986
5101,-0.535521
5102,0.608748
5103,0.664216
5104,0.045281
5105,-0.488071
5106,-0.350945
5107,-0.897139
5108,-0.371135
5109,-0.175775
5110,-1.341526
5111,-0.747865
5112,-0.506605
5113,-0.666497
5114,-1.128683
5115,0.807852
5116,0.720721
5117,-1.926465
5118,-0.919622
5119,0.657867
5120,-0.049332
5121,0.936885
5122,-0.284089
5123,0.244638
5124,1.182172
5125,-1.468307
5126,-0.592237
5127,-0.993768
5128,-0.771229
5129,-1.176292
5130,-0.564711
5131,-0.922794
5132,0.891278
5133,-0.233607
5134,0.783432
5135,-0.837598
5136,1.450135
5137,1.352091
5138,-0.137515
5139,1.122267
5140,1.061877
5141,2.033927
5142,0.188010
5143,-0.972851
5144,-0.362166
5145,-1.448558
5146,-1.369899
5147,-0.487517
5148,-0.358552
5149,-1.381329
5150,-2.815682
5151,-0.092158
5152,0.847617
5153,0.778090
5154,0.732604
5155,-0.935406
5156,1.115875
5157,-0.488711
5158,-1.123937
5159,-0.357760
5160,-0.843729
5161,1.597868
5162,0.042781
5163,0.498882
5164,-0.037742
5165,0.708306
5166,-0.341635
5167,-0.512412
5168,-0.077825
5169,-0.235873
5170,-1.141886
5171,0.557116
5172,-0.613509
5173,1.078354
5174,0.313282
5175,0.022258
5176,0.689534
5177,-1.337833
5178,-0.085101
5179,-0.479064
5180,0.495155
5181,0.533619
5182,0.814381
5183,1.372462
5184,0.365927
5185,-1.149388
5186,-0.922241
5187,1.300746
5188,0.584554
5189,0.088348
5190,-0.392651
5191,-0.427789
5192,-0.238144
5193,-1.253227
5194,-0.781849
5195,0.012834
5196,-1.405905
5197,0.297159
5198,0.948102
5199,-0.462712
5200,0.264125
5201,0.357386
5202,0.552438
5203,1.042776
5204,-0.042859
5205,-1.391236
5206,0.761332
5207,2.126644
5208,0.942584
5209,0.148086
5210,-1.522252
5211,-1.277758
5212,0.630273
5213,-1.063415
5214,-0.635697
5215,0.294669
5216,-0.812318
5217,0.411536
5218,-1.009627
5219,-1.376649
5220,-0.983185
5221,-0.526743
5222,-0.013820
5223,0.488699
5224,-0.967036
5225,0.243001
5226,0.489747
5227,0.329816
5228,-0.256393
5229,-0.572488
5230,-1.575877
5231,-1.246660
5232,-1.687677
5233,-1.221469
5234,-1.011203
5235,0.921385
5236,0.132463
5237,-0.474491
5238,1.379209
5239,-0.159697
5240,-0.601967
5241,-0.951770
5242,-2.471399
5243,0.000936
5244,-1.308875
5245,-1.126551
5246,-1.415704
5247,-0.608078
5248,-0.172457
5249,-1.040399
5250,0.608934
5251,2.545904
5252,-0.124039
5253,-0.417955
5254,-0.015043
5255,-0.508527
5256,-0.642517
5257,0.527215
5258,0.944141
5259,-0.352579
5260,-0.817029
5261,1.965754
5262,0.761624
5263,1.148627
5264,0.597091
5265,-0.650289
5266,-0.053150
5267,-1.962371
5268,0.281275
5269,1.880741
5270,1.032852
5271,-0.361779
5272,-0.014452
5273,-0.788570
5274,-0.949927
5275,-1.699196
5276,-1.365424
5277,-0.185258
5278,0.730082
5279,-0.289408
5280,0.403857
5281,0.717212
5282,2.438567
5283,1.663006
5284,0.202628
5285,0.139093
5286,1.338112
5287,-0.347274
5288,2.067282
5289,-0.469484
5290,1.021076
5291,0.640311
5292,-0.190636
5293,0.665761
5294,0.718333
5295,1.500000
5296,-0.094561
5297,1.468002
5298,1.719361
5299,0.623352
5300,0.154967
5301,0.974216
5302,0.203670
5303,-0.781030
5304,0.954516
5305,-0.980910
5306,1.124298
5307,-1.178691
5308,-0.783109
5309,-2.788285
5310,-1.523125
5311,-0.115583
5312,1.117509
5313,1.244625
5314,0.279295
5315,-0.118966
5316,-1.593304
5317,1.530035
5318,0.110107
5319,-1.650386
5320,0.090889
5321,0.679095
5322,-0.423668
5323,0.890122
5324,1.482721
5325,-0.133661
5326,1.297543
5327,1.012712
5328,-0.724594
5329,0.004370
5330,1.618830
5331,0.479413
5332,1.729358
5333,1.101945
5334,1.549251
5335,0.643726
5336,-0.032350
5337,-0.868287
5338,-1.562524
5339,0.671035
5340,-1.256490
5341,-1.859078
5342,0.738455
5343,0.120575
5344,-1.460078
5345,-1.085180
5346,-0.163256
5347,-0.421625
5348,-0.177516
5349,-0.809195
5350,1.425789
5351,-0.164154
5352,0.491460
5353,0.342516
5354,-0.891129
5355,0.307622
5356,0.374624
5357,-0.302164
5358,-1.903893
5359,-0.395297
5360,0.109330
5361,-1.228611
5362,1.776988
5363,1.480252
5364,0.401320
5365,2.192227
5366,1.075857
5367,-0.409718
5368,-0.825449
5369,0.797400
5370,0.179037
5371,-1.169007
5372,1.598051
5373,1.232075
5374,1.377515
5375,2.694200
5376,0.135253
5377,0.717501
5378,1.152201
5379,0.791691
5380,1.018494
5381,0.229817
5382,0.212874
5383,2.207786
5384,-0.359356
5385,0.141996
5386,-0.355887
5387,-0.672693
5388,0.863887
5389,0.136596
5390,-0.774322
5391,1.554349
5392,-1.290436
5393,0.923122
5394,-1.259302
5395,-2.709489
5396,-1.156060
5397,-0.808623
5398,-0.038502
5399,-1.779080
5400,-0.210409
5401,-0.514452
5402,-0.661705
5403,-1.023503
5404,-0.258545
5405,0.185584
5406,0.868127
5407,0.646903
5408,-0.275080
5409,0.293963
5410,2.085383
5411,1.522483
5412,0.787689
5413,0.243359
5414,-0.393046
5415,-0.827613
5416,1.172020
5417,-0.794388
5418,-1.652540
5419,2.401195
5420,1.285430
5421,0.807102
5422,0.210733
5423,0.947076
5424,0.070426
5425,-0.454474
5426,1.295203
5427,-0.545080
5428,-1.665617
5429,-0.303773
5430,1.591406
5431,0.738974
5432,0.932007
5433,-1.223920
5434,0.267832
5435,-0.543665
5436,-1.380555
5437,-0.764688
5438,0.203789
5439,1.212468
5440,-0.506403
5441,-0.051226
5442,0.188025
5443,0.347968
5444,0.242892
5445,-0.209749
5446,-0.585899
5447,-1.227890
5448,0.615237
5449,0.531209
5450,-0.582257
5451,1.024579
5452,-0.890820
5453,0.685098
5454,0.142744
5455,-0.553424
5456,0.409610
5457,0.186784
5458,-0.204708
5459,-0.872310
5460,0.193959
5461,-0.347270
5462,1.762739
5463,0.982520
5464,-0.408373
5465,0.455314
5466,1.451775
5467,-0.495334
5468,0.356066
5469,0.694263
5470,-1.510193
5471,0.668235
5472,0.859874
5473,-0.764268
5474,0.370555
5475,-0.634813
5476,-0.317575
5477,-0.771329
5478,0.377595
5479,-0.033882
5480,-0.113138
5481,0.903398
5482,0.593472
5483,-1.203676
5484,-1.341337
5485,1.094776
5486,-1.958957
5487,-1.829242
5488,-0.827969
5489,0.059763
5490,1.140126
5491,1.720050
5492,0.170390
5493,0.053905
5494,1.823255
5495,1.158940
5496,0.798370
5497,-0.349716
5498,-0.326118
5499,-1.117519
5500,0.319763
5501,-0.933648
5502,-1.126940
5503,0.550138
5504,0.089801
5505,0.072623
5506,-0.347407
5507,0.493933
5508,0.383332
5509,-1.216035
5510,-1.743765
5511,-0.777333
5512,0.188649
5513,0.173589
5514,-0.937781
5515,-0.970398
5516,0.156241
5517,-2.943703
5518,1.257566
5519,0.355975
5520,-0.275373
5521,-0.008215
5522,1.242329
5523,-0.439408
5524,0.624889
5525,1.583087
5526,-1.255878
5527,0.611304
5528,0.453239
5529,-0.338732
5530,1.158402
5531,0.587828
5532,-0.018008
5533,1.994201
5534,-0.050440
5535,-0.097032
5536,-0.249394
5537,2.513778
5538,1.841863
5539,2.132850
5540,-0.241400
5541,0.035794
5542,1.985169
5543,0.606931
5544,0.109028
5545,1.462509
5546,1.595094
5547,1.406044
5548,-0.415847
5549,0.796232
5550,0.692444
5551,-0.567839
5552,-0.956082
5553,-0.534776
5554,1.921730
5555,0.280034
5556,-0.693906
5557,-1.359512
5558,-1.422596
5559,-0.944309
5560,0.372271
5561,-0.599266
5562,0.487631
5563,-0.544206
5564,-0.765194
5565,-0.418984
5566,0.646537
5567,-1.209858
5568,1.456193
5569,-1.420876
5570,-1.154227
5571,0.009019
5572,0.603455
5573,1.584905
5574,0.787050
5575,-0.552912
5576,-0.271796
5577,-0.763847
5578,2.228667
5579,-0.495811
5580,-0.308231
5581,0.282691
5582,0.302952
5583,0.132090
5584,0.656805
5585,-0.592687
5586,0.148187
5587,1.860766
5588,0.279492
5589,-0.081546
5590,-0.792397
5591,-1.158861
5592,-1.060032
5593,-1.087331
5594,-1.029637
5595,-0.506413
5596,-0.309750
5597,1.355258
5598,-1.518949
5599,0.252988
5600,-0.474286
5601,-1.074338
5602,-0.601260
5603,0.387211
5604,-1.407801
5605,-1.027640
5606,0.104009
5607,-0.461631
5608,-0.475292
5609,-1.311718
5610,-0.636771
5611,-1.169250
5612,-0.871906
5613,1.446335
5614,3.355864
5615,-0.274184
5616,0.035041
5617,1.945513
5618,0.769612
5619,-2.791378
5620,-0.199668
5621,-0.053573
5622,2.536013
5623,1.971522
5624,-0.491698
5625,-0.719981
5626,0.496276
5627,1.837604
5628,-0.482603
5629,0.663034
5630,0.168270
5631,1.330813
5632,1.724835
5633,1.400838
5634,0.628572
5635,-0.809180
5636,0.502915
5637,-0.790615
5638,-1.270930
5639,-0.270232
5640,-0.763767
5641,-0.173669
5642,0.268823
5643,1.596509
5644,-0.812872
5645,-0.251734
5646,-0.529154
5647,-0.515772
5648,-0.008360
5649,-0.009814
5650,-1.153554
5651,0.577490
5652,-0.416405
5653,-0.673458
5654,-2.350531
5655,-1.047060
5656,-1.087474
5657,0.447535
5658,0.767054
5659,-0.749965
5660,0.283894
5661,-1.220003
5662,1.148535
5663,0.434876
5664,-0.188810
5665,0.829972
5666,0.523720
5667,0.028314
5668,-0.751656
5669,-0.263826
5670,-0.444603
5671,-0.133789
5672,-0.384400
5673,0.921008
5674,-0.762006
5675,-1.103957
5676,0.779442
5677,1.747436
5678,-0.449053
5679,0.475791
5680,-1.241616
5681,-0.320533
5682,-0.296168
5683,-0.428714
5684,-0.098115
5685,0.934985
5686,-0.372549
5687,1.181727
5688,-0.577928
5689,0.020508
5690,0.145467
5691,-1.377005
5692,-0.328182
5693,-2.115318
5694,-0.123603
5695,-1.098081
5696,1.425649
5697,0.234536
5698,0.259119
5699,1.492867
5700,-0.364369
5701,-0.503940
5702,0.153746
5703,0.839193
5704,-2.920476
5705,-0.359711
5706,1.074328
5707,0.737320
5708,0.368433
5709,-0.995186
5710,-0.327988
5711,0.025271
5712,-1.041508
5713,-0.601359
5714,-2.154617
5715,-0.732773
5716,-0.185977
5717,-1.346537
5718,-2.530481
5719,0.581134
5720,0.528309
5721,0.837243
5722,0.075336
5723,1.312606
5724,1.787931
5725,0.319208
5726,0.447315
5727,-0.893793
5728,-1.215569
5729,-0.123949
5730,-1.788896
5731,-1.275948
5732,-0.141769
5733,0.033853
5734,-0.209447
5735,-1.664316
5736,0.131128
5737,0.491288
5738,0.231646
5739,-1.871669
5740,-1.473527
5741,0.229597
5742,-0.964790
5743,-1.692226
5744,0.062804
5745,-0.630395
5746,-0.089172
5747,0.595333
5748,0.171008
5749,1.216383
5750,1.440945
5751,0.935545
5752,0.043814
5753,-1.646718
5754,0.622562
5755,-0.030151
5756,1.068925
5757,-0.615607
5758,0.518576
5759,-1.530529
5760,0.142002
5761,-0.028739
5762,0.528055
5763,0.308186
5764,1.559811
5765,2.318424
5766,0.462965
5767,1.460120
5768,2.205762
5769,0.038566
5770,-1.575237
5771,1.383212
5772,0.210661
5773,0.810671
5774,0.713148
5775,0.153101
5776,-1.139156
5777,0.937923
5778,-0.831695
5779,-0.147283
5780,0.641573
5781,-1.406849
5782,-1.067941
5783,0.443245
5784,1.233527
5785,-0.166256
5786,-0.670113
5787,-0.440228
5788,0.644454
5789,-0.547352
5790,1.740281
5791,-0.661006
5792,1.502453
5793,1.428203
5794,1.169308
5795,0.659524
5796,-1.174361
5797,0.466800
5798,-0.872516
5799,0.604752
5800,-0.440020
5801,-0.044201
5802,-1.423216
5803,-0.142945
5804,-0.461224
5805,0.059786
5806,0.172549
5807,2.745352
5808,1.608240
5809,-0.975500
5810,0.955957
5811,-1.785612
5812,0.046561
5813,0.398491
5814,1.894483
5815,-0.559449
5816,-0.223272
5817,0.882482
5818,-1.191109
5819,0.137519
5820,0.374282
5821,1.141145
5822,-0.459897
5823,1.883853
5824,-1.424061
5825,0.271751
5826,-0.094685
5827,1.221111
5828,0.932011
5829,0.559695
5830,0.503381
5831,-0.682510
5832,-1.966731
5833,-0.020954
5834,0.830261
5835,0.680405
5836,0.561685
5837,0.493967
5838,-0.816015
5839,-1.714538
5840,-0.345086
5841,-0.401297
5842,0.029021
5843,-0.104619
5844,-1.128811
5845,-0.097815
5846,0.334042
5847,-0.123725
5848,-1.573068
5849,-0.351826
5850,1.258728
5851,0.278481
5852,-1.345585
5853,-0.197676
5854,0.970760
5855,1.976017
5856,0.178539
5857,2.051525
5858,-0.582379
5859,-1.001565
5860,0.167823
5861,2.033419
5862,0.312062
5863,-1.233568
5864,-1.022161
5865,-1.209859
5866,0.180863
5867,-0.022358
5868,-0.162122
5869,1.470738
5870,1.034532
5871,-0.320552
5872,1.728715
5873,1.309351
5874,-1.066573
5875,0.163562
5876,1.427603
5877,1.974709
5878,2.745939
5879,0.141397
5880,0.899854
5881,0.752087
5882,-1.617145
5883,-2.627531
5884,0.336980
5885,1.005458
5886,-0.432866
5887,0.360309
5888,-0.176120
5889,0.001459
5890,1.087756
5891,1.908173
5892,-0.139595
5893,0.953333
5894,0.845182
5895,0.283319
5896,0.250151
5897,-1.325684
5898,1.961368
5899,1.533280
5900,0.939386
5901,2.060203
5902,0.052713
5903,-1.378081
5904,-1.006791
5905,0.608449
5906,-0.145664
5907,0.465046
5908,1.037785
5909,-0.569820
5910,2.988230
5911,0.064492
5912,-0.910482
5913,-0.391995
5914,-0.415752
5915,0.147842
5916,-0.039360
5917,1.072249
5918,2.048710
5919,0.071861
5920,0.573580
5921,-1.463468
5922,-1.882394
5923,1.653220
5924,0.649440
5925,0.759924
5926,0.271626
5927,-0.522905
5928,0.350651
5929,2.269692
5930,1.109147
5931,0.299826
5932,-1.476562
5933,-1.435571
5934,-0.990871
5935,-0.340360
5936,-0.404665
5937,0.435354
5938,0.655160
5939,0.346806
5940,-0.338138
5941,-1.079577
5942,0.738860
5943,-0.170937
5944,0.721017
5945,-0.684835
5946,0.282586
5947,1.110869
5948,1.913825
5949,-0.157763
5950,-1.597706
5951,-0.713661
5952,-0.454500
5953,1.761053
5954,1.092245
5955,-0.463931
5956,1.193399
5957,-0.516895
5958,1.310026
5959,0.346986
5960,1.631537
5961,0.601533
5962,2.021496
5963,1.605806
5964,-0.158712
5965,0.070680
5966,-1.552698
5967,0.548147
5968,-0.901785
5969,-0.558848
5970,-0.326590
5971,-0.510585
5972,-1.082437
5973,0.170515
5974,0.094820
5975,0.705010
5976,0.337362
5977,0.908231
5978,0.332383
5979,0.551807
5980,0.667229
5981,-1.263080
5982,-1.004012
5983,-1.264112
5984,-1.343463
5985,-0.695236
5986,-0.122461
5987,-1.106535
5988,0.328143
5989,-0.115438
5990,0.169417
5991,-0.039738
5992,0.662941
5993,0.530475
5994,0.808676
5995,0.752392
5996,1.265234
5997,0.667245
5998,-0.135823
5999,-0.916330
6000,0.570793
6001,0.397082
6002,-0.069586
6003,-0.236258
6004,1.117005
6005,0.987033
6006,0.397775
6007,0.421379
6008,-0.226210
6009,-4.033039
6010,-1.346121
6011,-1.558355
6012,0.607365
6013,0.656214
6014,0.438669
6015,-0.373584
6016,-0.963189
6017,-0.191320
6018,0.528239
6019,-0.136538
6020,-1.084737
6021,-1.422035
6022,-1.017946
6023,0.044393
6024,1.010078
6025,-0.928080
6026,0.224303
6027,-0.054245
6028,0.711695
6029,-0.803967
6030,2.409789
6031,2.643317
6032,1.232957
6033,-0.157118
6034,-1.800407
6035,-0.108084
6036,-1.347596
6037,-0.224361
6038,-0.103301
6039,-1.219324
6040,-0.116766
6041,1.612657
6042,1.546798
6043,1.944789
6044,-0.129354
6045,0.274121
6046,0.473271
6047,0.194751
6048,0.900095
6049,0.346125
6050,0.082279
6051,0.367600
6052,1.253335
6053,-0.176239
6054,-1.960364
6055,-0.429752
6056,0.128807
6057,2.146089
6058,0.752955
6059,1.530900
6060,-0.545907
6061,-0.526761
6062,0.154366
6063,0.653241
6064,0.987610
6065,0.374763
6066,-0.577769
6067,-0.131184
6068,-0.307525
6069,1.105441
6070,-1.179657
6071,-0.221528
6072,0.459188
6073,1.248682
6074,-0.336331
6075,1.241057
6076,-0.112448
6077,0.113900
6078,1.156150
6079,-1.126863
6080,0.183119
6081,0.045863
6082,0.013826
6083,-0.039628
6084,0.502415
6085,0.030806
6086,-1.006443
6087,1.381135
6088,-1.005883
6089,-1.026110
6090,-1.749971
6091,-1.130035
6092,0.397471
6093,-0.231565
6094,-1.036177
6095,-1.086414
6096,1.575012
6097,1.582302
6098,0.073282
6099,0.893778
6100,0.493223
6101,-0.100229
6102,-0.873747
6103,0.427665
6104,0.613878
6105,0.786496
6106,1.142910
6107,-0.604554
6108,-0.664715
6109,-0.296934
6110,1.226232
6111,0.762286
6112,-0.972462
6113,0.626412
6114,-0.012331
6115,0.948576
6116,0.256012
6117,-0.941424
6118,-0.040744
6119,1.975003
6120,-1.395263
6121,-1.484595
6122,-1.780862
6123,-1.794125
6124,-1.363443
6125,0.072740
6126,0.240660
6127,-0.375457
6128,-0.007921
6129,-0.248832
6130,0.853723
6131,-0.033719
6132,-0.263374
6133,1.514190
6134,0.948738
6135,0.505330
6136,0.186451
6137,-0.047917
6138,1.193174
6139,1.414729
6140,-0.143237
6141,0.241941
6142,-0.691396
6143,-0.622653
6144,0.812382
6145,0.879101
6146,0.927117
6147,-1.368015
6148,-1.141499
6149,-1.101091
6150,-2.081234
6151,0.435202
6152,1.301438
6153,2.477330
6154,0.877907
6155,0.326773
6156,1.801818
6157,0.027978
6158,-0.539341
6159,0.965803
6160,0.875227
6161,-1.207857
6162,-0.150775
6163,1.256174
6164,-0.027662
6165,-0.376430
6166,0.382934
6167,-0.029733
6168,-1.690635
6169,0.259996
6170,0.543398
6171,0.379706
6172,0.457014
6173,0.517604
6174,0.517764
6175,-0.640033
6176,0.140861
6177,-1.066856
6178,0.791142
6179,0.354976
6180,0.162342
6181,0.171148
6182,0.258495
6183,-1.587321
6184,0.544787
6185,-1.653603
6186,-0.703412
6187,0.800983
6188,-2.116226
6189,0.169246
6190,0.632638
6191,0.621088
6192,-0.514717
6193,0.106734
6194,1.557912
6195,-0.451897
6196,0.621856
6197,1.120245
6198,-0.612834
6199,-1.101258
6200,-0.933837
6201,0.849381
6202,1.642616
6203,0.614842
6204,2.338416
6205,2.212558
6206,-0.521961
6207,1.699419
6208,-0.215610
6209,0.016646
6210,-0.544842
6211,0.967479
6212,-1.764573
6213,0.561684
6214,1.447020
6215,0.015430
6216,0.444010
6217,0.035292
6218,1.289368
6219,0.866790
6220,1.439252
6221,0.873023
6222,1.285348
6223,-0.908637
6224,1.783002
6225,0.140477
6226,-0.076737
6227,0.235226
6228,-0.829928
6229,-0.272677
6230,0.064248
6231,-0.704553
6232,0.047719
6233,-0.444831
6234,-1.061590
6235,1.795414
6236,0.959860
6237,0.577977
6238,-1.206243
6239,0.651649
6240,-0.220209
6241,-0.729843
6242,-1.195739
6243,-0.519781
6244,0.844159
6245,-0.609780
6246,1.252153
6247,-0.676850
6248,-0.296910
6249,-0.093412
6250,0.483072
6251,0.805054
6252,0.820220
6253,1.479722
6254,-0.955307
6255,-0.583759
6256,0.216209
6257,0.844650
6258,0.828222
6259,-0.174865
6260,-2.345797
6261,-0.490864
6262,1.074175
6263,0.049779
6264,0.507699
6265,-1.174949
6266,-0.298327
6267,-0.032035
6268,-0.108440
6269,0.485363
6270,0.418718
6271,0.423230
6272,-0.270435
6273,-1.126803
6274,0.149905
6275,-0.839353
6276,-1.933018
6277,0.113165
6278,0.075868
6279,1.634708
6280,0.582961
6281,1.428748
6282,1.705164
6283,0.685377
6284,0.419873
6285,1.514592
6286,-0.324842
6287,0.865569
6288,1.113931
6289,1.594417
6290,0.200586
6291,-1.016602
6292,-1.337956
6293,0.135569
6294,0.977425
6295,-0.710107
6296,-0.348365
6297,0.322500
6298,0.321075
6299,1.174941
6300,0.105620
6301,0.722553
6302,1.488792
6303,1.833836
6304,-0.153915
6305,0.198988
6306,0.573184
6307,0.962954
6308,-0.296963
6309,1.227062
6310,0.385892
6311,-1.041804
6312,0.392496
6313,1.396613
6314,0.634488
6315,-0.566860
6316,0.163423
6317,-0.121475
6318,0.809643
6319,-0.068012
6320,0.531596
6321,0.246736
6322,0.349411
6323,0.500359
6324,-0.559892
6325,-0.905653
6326,-2.124562
6327,-0.351694
6328,-2.811275
6329,-1.198876
6330,-0.319281
6331,-0.548028
6332,0.469096
6333,0.912607
6334,-0.488182
6335,0.848753
6336,-1.183093
6337,1.260136
6338,1.390726
6339,0.927603
6340,-0.853317
6341,0.189314
6342,-0.447301
6343,-0.931089
6344,0.613975
6345,-0.391473
6346,-0.228793
6347,-0.932367
6348,-0.864318
6349,-1.106376
6350,-0.427096
6351,-1.432504
6352,-0.885684
6353,-0.101741
6354,2.135690
6355,-0.284576
6356,-0.026154
6357,1.456732
6358,-0.776286
6359,-0.041256
6360,0.387261
6361,0.356651
6362,-0.339162
6363,-0.618799
6364,-1.725295
6365,-0.479171
6366,0.029868
6367,0.589114
6368,-0.283711
6369,-1.274658
6370,-0.140059
6371,-0.005280
6372,-0.942904
6373,0.637640
6374,-1.326077
6375,0.197591
6376,-0.072069
6377,0.445220
6378,0.469508
6379,1.476619
6380,0.259677
6381,0.217314
6382,-2.342778
6383,-2.014517
6384,0.490531
6385,-1.847608
6386,-0.941909
6387,1.743252
6388,0.226142
6389,-0.733365
6390,-1.180545
6391,-0.295866
6392,-0.375653
6393,-0.345899
6394,0.264022
6395,0.058070
6396,1.664397
6397,0.686262
6398,-0.106981
6399,-0.159697
6400,1.395337
6401,1.455626
6402,-0.134284
6403,0.847903
6404,-0.821605
6405,0.774520
6406,-0.094975
6407,-0.655920
6408,-1.457861
6409,-0.180339
6410,0.052671
6411,-0.358603
6412,0.756492
6413,0.511612
6414,0.134853
6415,0.073029
6416,1.000088
6417,-0.866943
6418,-0.150040
6419,-0.256838
6420,0.573681
6421,0.014238
6422,0.083637
6423,-1.152850
6424,-0.650442
6425,1.109704
6426,0.809562
6427,1.994884
6428,-0.247019
6429,0.238385
6430,0.018585
6431,0.242396
6432,-0.808138
6433,-0.757264
6434,0.128533
6435,0.575725
6436,0.170491
6437,0.425162
6438,1.959588
6439,0.212807
6440,-0.996212
6441,-0.337007
6442,1.025911
6443,0.569367
6444,0.818766
6445,-0.765637
6446,-0.097925
6447,0.261035
6448,-0.389618
6449,-1.713013
6450,0.034483
6451,-0.719256
6452,-1.290928
6453,-0.532102
6454,0.087869
6455,1.982750
6456,0.441392
6457,-0.455945
6458,0.482696
6459,1.786465
6460,1.757190
6461,0.622672
6462,1.786851
6463,-2.004296
6464,-0.708931
6465,1.595696
6466,0.121988
6467,0.995074
6468,-0.454504
6469,-1.456450
6470,-0.569023
6471,1.983524
6472,2.024596
6473,-0.520779
6474,-0.433633
6475,-0.162018
6476,-1.094681
6477,-0.831361
6478,0.286200
6479,0.742163
6480,1.078018
6481,-1.352542
6482,-0.770762
6483,-0.491307
6484,-2.071954
6485,-1.481731
6486,-0.635355
6487,-0.631369
6488,-1.799295
6489,-0.101143
6490,-0.322647
6491,-0.327360
6492,2.419842
6493,1.565953
6494,-0.428598
6495,-0.853132
6496,-0.945445
6497,2.087626
6498,0.033114
6499,-0.584877
6500,-0.812845
6501,-1.786961
6502,-1.260519
6503,-1.505447
6504,0.009879
6505,-0.409284
6506,-1.153877
6507,-0.541553
6508,-0.374332
6509,-0.174029
6510,0.473257
6511,-0.442576
6512,1.978120
6513,0.439666
6514,0.923565
6515,-0.162076
6516,0.102917
6517,0.153425
6518,-0.544901
6519,0.250607
6520,1.892775
6521,1.475116
6522,1.248642
6523,-0.838532
6524,-2.160813
6525,-1.432788
6526,0.668427
6527,-0.483829
6528,1.589007
6529,2.155443
6530,1.017321
6531,2.022426
6532,-0.231895
6533,0.544786
6534,-0.496805
6535,-1.253686
6536,0.897180
6537,-0.044809
6538,1.748770
6539,0.873369
6540,-0.720295
6541,0.125695
6542,-0.585809
6543,1.291958
6544,0.429530
6545,0.437022
6546,-1.413091
6547,-1.489529
6548,0.118345
6549,-2.039598
6550,-0.610500
6551,-0.980207
6552,-0.800839
6553,-1.334973
6554,-0.300324
6555,-0.928834
6556,0.542230
6557,0.965743
6558,1.361655
6559,0.295267
6560,-0.087770
6561,0.083224
6562,0.928518
6563,0.340692
6564,1.526129
6565,0.642145
6566,0.704106
6567,-1.770942
6568,-1.023737
6569,-0.584262
6570,-1.080212
6571,-0.279496
6572,1.388510
6573,0.618468
6574,-0.363845
6575,-1.228964
6576,-1.843105
6577,1.611901
6578,0.132037
6579,-0.377618
6580,1.469990
6581,-0.601727
6582,-0.228496
6583,0.215270
6584,0.665506
6585,-0.512939
6586,-0.178553
6587,0.352115
6588,-0.007375
6589,1.737649
6590,0.378263
6591,0.055204
6592,1.100377
6593,1.185236
6594,0.378484
6595,1.572277
6596,1.015123
6597,-2.176820
6598,-0.866016
6599,-0.517138
6600,0.087669
6601,-0.640021
6602,-0.059735
6603,-1.546297
6604,2.465628
6605,0.831514
6606,-0.557779
6607,-1.078590
6608,-1.367819
6609,-0.267260
6610,-0.493396
6611,1.467069
6612,0.984330
6613,-0.193047
6614,0.992385
6615,1.075195
6616,-0.453451
6617,0.109529
6618,-1.568135
6619,-1.566367
6620,-0.645781
6621,-0.508492
6622,-2.687850
6623,-3.005575
6624,0.228535
6625,-1.277125
6626,-1.383537
6627,-1.039529
6628,0.706208
6629,0.331233
6630,-0.557134
6631,-0.167209
6632,-0.064304
6633,-1.655951
6634,0.523362
6635,-0.424509
6636,1.304616
6637,1.381854
6638,1.018303
6639,-0.610850
6640,-0.326609
6641,-0.233770
6642,0.528243
6643,0.691758
6644,-0.896262
6645,-1.207024
6646,-0.423504
6647,-0.348499
6648,-0.348713
6649,-0.084370
6650,-0.725737
6651,-1.478705
6652,-0.520006
6653,-0.979413
6654,1.101887
6655,-0.346721
6656,0.558147
6657,-0.896314
6658,1.337041
6659,0.527324
6660,0.883559
6661,-1.474701
6662,-0.060004
6663,0.754325
6664,1.038409
6665,0.342860
6666,0.051411
6667,0.391141
6668,-1.501330
6669,-0.127480
6670,0.383439
6671,-0.727419
6672,0.870100
6673,-0.897323
6674,-0.660556
6675,-0.215180
6676,1.683762
6677,-0.076676
6678,-1.508721
6679,-0.237680
6680,1.200872
6681,0.533075
6682,1.229603
6683,-0.731279
6684,-1.136818
6685,0.831061
6686,-0.017992
6687,-0.015128
6688,-0.682540
6689,1.855406
6690,0.070799
6691,-0.054110
6692,0.868672
6693,0.499054
6694,1.765789
6695,-0.945986
6696,0.286917
6697,0.428058
6698,-0.766160
6699,0.312356
6700,-0.869790
6701,-0.586251
6702,-1.986818
6703,-1.412125
6704,-1.414823
6705,-0.999845
6706,-0.631743
6707,1.284058
6708,0.437239
6709,0.785723
6710,-0.325446
6711,-1.178974
6712,2.736206
6713,0.166102
6714,-0.142910
6715,-0.380932
6716,-0.424918
6717,-1.476487
6718,-0.420418
6719,1.527234
6720,-0.875494
6721,-1.360124
6722,-1.436883
6723,-0.988618
6724,0.466198
6725,0.074647
6726,0.745469
6727,-0.303421
6728,1.981688
6729,0.632129
6730,0.712510
6731,-0.136847
6732,-0.680144
6733,0.667130
6734,-0.660249
6735,1.299543
6736,0.478254
6737,0.468566
6738,-0.946617
6739,-2.597092
6740,-2.929495
6741,-1.685479
6742,0.925600
6743,0.946904
6744,0.763933
6745,-0.941444
6746,0.612083
6747,1.149217
6748,0.414828
6749,-0.685952
6750,-0.461623
6751,1.160783
6752,0.474730
6753,-0.286109
6754,0.844372
6755,0.273953
6756,0.200515
6757,-0.371679
6758,1.388906
6759,-1.732000
6760,0.040373
6761,-1.054401
6762,0.201888
6763,2.172803
6764,0.924704
6765,1.309348
6766,0.337757
6767,-0.998413
6768,-0.037037
6769,-1.049422
6770,-0.299460
6771,1.698248
6772,0.211975
6773,0.086288
6774,0.203229
6775,-0.716131
6776,0.888066
6777,0.505262
6778,0.414803
6779,0.549847
6780,-1.190256
6781,0.786852
6782,0.380548
6783,0.619089
6784,-0.060519
6785,-0.734906
6786,-0.228621
6787,-2.255886
6788,-1.370388
6789,1.335996
6790,2.280913
6791,0.921870
6792,0.754510
6793,-0.341764
6794,0.655550
6795,0.310021
6796,-0.561746
6797,0.738182
6798,1.885415
6799,0.498079
6800,-0.010492
6801,-0.149469
6802,-1.264049
6803,0.297921
6804,0.183676
6805,-0.633750
6806,-1.116663
6807,-0.305663
6808,-1.330590
6809,0.042980
6810,0.545414
6811,0.938281
6812,0.755673
6813,1.109522
6814,2.452172
6815,0.921135
6816,0.046347
6817,2.253020
6818,0.042600
6819,0.334083
6820,0.035407
6821,0.571941
6822,1.689432
6823,0.188931
6824,0.858082
6825,0.119832
6826,-0.182931
6827,0.592641
6828,-0.802750
6829,-0.849455
6830,0.335778
6831,2.099418
6832,0.962741
6833,0.944454
6834,1.112404
6835,0.297536
6836,0.820571
6837,1.185603
6838,1.008071
6839,0.093554
6840,-0.292943
6841,0.458591
6842,1.731241
6843,2.212104
6844,0.130924
6845,-0.651451
6846,0.090320
6847,-1.595579
6848,-1.205340
6849,-0.574689
6850,0.015022
6851,0.267570
6852,-0.074010
6853,0.388155
6854,1.506953
6855,1.081351
6856,1.131190
6857,0.411971
6858,2.506504
6859,0.599239
6860,0.284609
6861,0.912931
6862,0.135178
6863,-0.657236
6864,0.956056
6865,-1.147230
6866,1.484341
6867,-0.264687
6868,-1.086891
6869,1.543945
6870,0.412008
6871,-0.566797
6872,-0.062084
6873,-0.437006
6874,0.031454
6875,0.631458
6876,-0.820325
6877,0.570195
6878,-0.601094
6879,0.534644
6880,0.937665
6881,-1.113012
6882,0.972707
6883,2.655796
6884,-0.474136
6885,-1.974497
6886,1.516019
6887,0.029868
6888,0.560333
6889,0.805050
6890,0.252315
6891,1.601326
6892,0.903526
6893,1.343637
6894,-0.531572
6895,1.230375
6896,-0.100338
6897,1.671570
6898,-0.159654
6899,-1.506737
6900,0.998515
6901,0.988862
6902,-0.396559
6903,-0.011793
6904,0.002703
6905,-1.311138
6906,1.545680
6907,0.493618
6908,-0.670404
6909,-1.756043
6910,-0.910206
6911,0.821651
6912,-0.604728
6913,0.369055
6914,-0.204866
6915,-1.727415
6916,-0.994341
6917,-0.494825
6918,1.113728
6919,1.698795
6920,-0.314113
6921,0.278074
6922,-0.103215
6923,0.814685
6924,-1.897951
6925,-0.213838
6926,2.064362
6927,1.550320
6928,1.012297
6929,-0.044633
6930,-0.591717
6931,-0.148981
6932,1.125368
6933,1.540889
6934,0.841426
6935,-0.688201
6936,0.470341
6937,-0.739190
6938,-0.550908
6939,-1.151440
6940,0.577577
6941,0.982525
6942,0.898700
6943,0.516589
6944,-0.701206
6945,-0.937420
6946,-0.808099
6947,-1.704851
6948,-1.161116
6949,-0.852017
6950,-1.033022
6951,-1.408338
6952,-0.797540
6953,-0.951562
6954,-1.151871
6955,-0.379850
6956,-0.694771
6957,-1.908748
6958,0.394029
6959,1.126001
6960,1.202966
6961,-0.183621
6962,0.422504
6963,0.329435
6964,0.261662
6965,0.154401
6966,-1.124267
6967,-1.787889
6968,-1.063781
6969,-2.386898
6970,-2.383524
6971,-2.766396
6972,-1.208746
6973,0.213650
6974,0.163321
6975,-0.044553
6976,1.317647
6977,1.135027
6978,0.852128
6979,1.901851
6980,2.246644
6981,1.425772
6982,-0.558053
6983,-0.240800
6984,-1.240312
6985,1.356216
6986,-0.157020
6987,0.065269
6988,-0.529870
6989,0.483390
6990,0.508678
6991,1.246766
6992,-0.017017
6993,0.841332
6994,0.436130
6995,-0.235519
6996,1.810023
6997,0.556029
6998,1.099465
6999,0.757403
7000,1.544886
7001,0.353634
7002,0.765762
7003,0.974227
7004,-0.884372
7005,-1.044563
7006,-0.756238
7007,-0.243397
7008,0.258470
7009,-0.023931
7010,-0.043667
7011,-0.065755
7012,-1.189125
7013,-0.085210
7014,0.438731
7015,0.963536
7016,0.150151
7017,-0.994472
7018,-0.175202
7019,-2.894629
7020,-0.709504
7021,-1.290854
7022,-0.639593
7023,-0.739216
7024,1.090775
7025,-0.143040
7026,1.269683
7027,-0.920276
7028,-0.135998
7029,0.870496
7030,-1.136444
7031,1.196378
7032,0.875803
7033,-0.664074
7034,0.443513
7035,-0.062466
7036,-0.933338
7037,0.877136
7038,-0.202985
7039,-1.072355
7040,-2.220206
7041,0.739053
7042,1.453255
7043,-0.568601
7044,0.102683
7045,0.143661
7046,0.308461
7047,0.760479
7048,1.385080
7049,0.449780
7050,-0.699587
7051,-0.545758
7052,-1.050032
7053,-0.600223
7054,-0.346111
7055,0.216877
7056,1.589762
7057,0.936404
7058,0.365569
7059,1.597796
7060,1.177925
7061,-0.175252
7062,0.434004
7063,1.856663
7064,-0.937840
7065,-1.161376
7066,-0.286579
7067,-0.844816
7068,0.317425
7069,-1.337247
7070,-0.331192
7071,-1.588337
7072,-0.422230
7073,-0.142157
7074,1.117824
7075,-0.181630
7076,1.558573
7077,-0.034995
7078,-0.460649
7079,0.370552
7080,0.288154
7081,-1.262375
7082,-1.129162
7083,-0.654675
7084,-1.902279
7085,0.038778
7086,-0.727345
7087,-0.071104
7088,-0.874286
7089,-0.189346
7090,-1.265702
7091,-0.141622
7092,-1.833233
7093,0.252711
7094,0.630953
7095,0.018742
7096,0.915424
7097,-0.631002
7098,0.909514
7099,1.003108
7100,1.212600
7101,0.736415
7102,-0.936453
7103,-0.162078
7104,1.152361
7105,1.412765
7106,1.527730
7107,0.391366
7108,0.376862
7109,-0.565903
7110,-0.675034
7111,1.529283
7112,-0.979610
7113,-1.231095
7114,-0.983881
7115,0.646760
7116,-0.559360
7117,0.009198
7118,-0.686558
7119,0.987438
7120,-0.259617
7121,-0.187216
7122,-0.237607
7123,-1.181137
7124,-2.239949
7125,0.687034
7126,1.200131
7127,0.686376
7128,1.329780
7129,0.171142
7130,-1.821207
7131,-0.059403
7132,-0.047766
7133,-0.019105
7134,2.687322
7135,-0.687586
7136,0.238133
7137,1.414563
7138,-0.664016
7139,-0.300751
7140,-0.501691
7141,0.167676
7142,0.433971
7143,-0.614115
7144,-1.143021
7145,-1.430677
7146,0.729473
7147,-1.993371
7148,-0.936361
7149,0.019201
7150,0.414968
7151,-0.168084
7152,-1.931210
7153,0.464888
7154,0.660753
7155,1.868133
7156,0.065733
7157,-1.145518
7158,-0.263731
7159,0.106032
7160,1.019905
7161,0.522701
7162,0.842736
7163,1.462778
7164,-0.624939
7165,0.042520
7166,-0.270796
7167,-0.740796
7168,0.321799
7169,1.732361
7170,1.591184
7171,0.712582
7172,0.061155
7173,0.632709
7174,1.846690
7175,0.101342
7176,-2.371189
7177,1.082251
7178,0.264282
7179,0.498501
7180,-2.148600
7181,0.786997
7182,1.863245
7183,0.764536
7184,1.212193
7185,0.675456
7186,1.276696
7187,-1.036276
7188,0.903236
7189,-0.237286
7190,-1.581396
7191,0.550027
7192,-0.091472
7193,1.244282
7194,0.410646
7195,1.260278
7196,0.821095
7197,1.813977
7198,-0.851756
7199,-0.700245
7200,-0.053237
7201,0.753613
7202,-0.596099
7203,1.075725
7204,1.182291
7205,0.413207
7206,-0.150040
7207,0.750843
7208,1.783167
7209,0.722717
7210,0.054242
7211,0.419892
7212,1.018625
7213,-0.315714
7214,0.365717
7215,0.475058
7216,-0.620375
7217,-1.359047
7218,-1.061977
7219,-0.180404
7220,0.890392
7221,-0.419244
7222,-0.409044
7223,-1.252943
7224,0.325272
7225,0.412468
7226,-0.391347
7227,-0.328855
7228,-1.769099
7229,-0.612734
7230,-0.398310
7231,-1.041325
7232,0.001380
7233,-0.837083
7234,2.427059
7235,0.264041
7236,1.386869
7237,0.765322
7238,0.153482
7239,1.715072
7240,0.423524
7241,-2.836350
7242,0.387416
7243,-0.051487
7244,-1.127339
7245,1.673331
7246,1.544287
7247,-0.060422
7248,-0.584498
7249,0.278433
7250,-1.041640
7251,1.193131
7252,1.504956
7253,-0.843365
7254,-1.931412
7255,-0.312499
7256,-0.308163
7257,-2.088081
7258,-1.059694
7259,1.348462
7260,1.105402
7261,0.289239
7262,1.610441
7263,0.576090
7264,-1.524449
7265,-0.500863
7266,0.396268
7267,-0.472985
7268,1.211302
7269,0.130657
7270,0.687717
7271,0.443772
7272,-2.394865
7273,-1.128746
7274,-0.253295
7275,-0.731244
7276,-1.039612
7277,-0.159038
7278,1.266410
7279,-1.134992
7280,0.225762
7281,-1.350857
7282,0.002450
7283,-1.532581
7284,-1.297082
7285,-2.011056
7286,-0.587625
7287,0.609126
7288,-0.846628
7289,0.827682
7290,0.514256
7291,1.406464
7292,0.120587
7293,-1.221934
7294,0.623119
7295,1.501233
7296,0.886547
7297,0.211833
7298,-0.361454
7299,-1.206958
7300,-0.187344
7301,0.257459
7302,1.185121
7303,-1.719734
7304,-0.245263
7305,0.567462
7306,0.028535
7307,-1.678604
7308,1.238177
7309,-1.233346
7310,-0.472084
7311,-1.085197
7312,-1.806426
7313,-0.842411
7314,-0.094018
7315,-0.768918
7316,1.333900
7317,-0.540142
7318,-1.191034
7319,0.772835
7320,0.783177
7321,0.852589
7322,0.220419
7323,-2.075552
7324,0.114164
7325,0.760884
7326,1.407680
7327,-3.371052
7328,-2.446653
7329,-1.665413
7330,-0.624703
7331,0.177894
7332,-1.098266
7333,-0.156929
7334,-1.165481
7335,-0.086292
7336,0.614465
7337,-0.476137
7338,-0.814404
7339,0.100138
7340,-1.024248
7341,-2.689816
7342,0.258092
7343,-1.955128
7344,-0.590346
7345,-0.022494
7346,-0.816758
7347,-0.125799
7348,0.516175
7349,0.237670
7350,-0.273491
7351,0.551834
7352,1.542643
7353,-0.205891
7354,0.251445
7355,-0.496340
7356,1.413786
7357,-0.204144
7358,0.400138
7359,-0.440438
7360,1.901773
7361,-0.734872
7362,-0.073237
7363,-2.190869
7364,0.402601
7365,0.330261
7366,0.891748
7367,-0.542030
7368,-2.559973
7369,0.475844
7370,1.233477
7371,-0.352503
7372,-0.636463
7373,-0.555825
7374,-0.048900
7375,0.184031
7376,-0.013995
7377,-0.294745
7378,0.341764
7379,2.622964
7380,-0.576424
7381,0.109883
7382,-0.963602
7383,-0.881190
7384,-0.131590
7385,-1.389326
7386,1.629105
7387,-0.369439
7388,-1.048244
7389,-0.253483
7390,-2.075950
7391,-2.786078
7392,-1.777978
7393,0.708671
7394,1.418369
7395,-1.005979
7396,0.427661
7397,-0.077389
7398,-1.006386
7399,0.751540
7400,-1.347674
7401,-0.163489
7402,-0.353866
7403,0.347513
7404,1.036620
7405,-0.738432
7406,-1.725364
7407,-1.896280
7408,-0.568742
7409,-0.633287
7410,-0.818278
7411,-0.240868
7412,-0.776588
7413,0.969655
7414,0.191161
7415,0.938825
7416,-0.315836
7417,0.494500
7418,1.015406
7419,0.523827
7420,-0.549217
7421,-0.117328
7422,-2.023679
7423,-0.311895
7424,-0.188984
7425,0.691647
7426,2.014833
7427,0.514112
7428,0.026226
7429,0.555733
7430,0.056004
7431,0.507217
7432,-0.760556
7433,-0.319954
7434,1.158808
7435,-0.094167
7436,0.743379
7437,0.716219
7438,-0.214188
7439,0.349783
7440,0.853113
7441,-0.862161
7442,-0.531276
7443,-0.116559
7444,0.814100
7445,-0.029266
7446,0.395733
7447,-0.541150
7448,0.447678
7449,-0.367965
7450,-1.675995
7451,-0.763753
7452,-1.582332
7453,-0.483597
7454,0.338186
7455,0.774939
7456,1.842371
7457,2.452648
7458,1.487135
7459,1.769154
7460,-0.904897
7461,0.054874
7462,1.074933
7463,0.756544
7464,0.186229
7465,0.931935
7466,-0.320351
7467,-1.528183
7468,0.464760
7469,0.188860
7470,1.195868
7471,0.109503
7472,0.675040
7473,-1.628668
7474,-0.087338
7475,-0.759616
7476,-0.070674
7477,1.348854
7478,1.494494
7479,-2.063630
7480,0.766402
7481,0.357704
7482,0.517735
7483,1.059157
7484,-0.429887
7485,-0.857648
7486,0.722969
7487,0.096783
7488,-0.219397
7489,-0.259995
7490,-0.067393
7491,0.367381
7492,0.039342
7493,-0.266687
7494,-0.107400
7495,0.499060
7496,-1.497384
7497,-0.422357
7498,0.689066
7499,1.034477
7500,-1.767231
7501,-0.390716
7502,0.583853
7503,0.832953
7504,2.427118
7505,1.519422
7506,0.233868
7507,0.512484
7508,0.400000
7509,-0.056136
7510,-0.418306
7511,-0.906713
7512,-0.067770
7513,-1.682391
7514,0.450931
7515,-0.529607
7516,-1.328870
7517,-0.564380
7518,-0.398230
7519,-0.812937
7520,-0.198993
7521,1.114889
7522,-1.400837
7523,-0.627178
7524,-0.953369
7525,-0.512651
7526,-1.557102
7527,-0.777791
7528,0.371087
7529,0.142995
7530,-0.046850
7531,-0.408141
7532,-2.702294
7533,-0.119853
7534,-0.340811
7535,2.380698
7536,2.450656
7537,1.302460
7538,1.423220
7539,1.824889
7540,1.888716
7541,0.005449
7542,1.406936
7543,0.960702
7544,1.576911
7545,0.440222
7546,-0.127448
7547,-1.734848
7548,-1.272195
7549,-0.809952
7550,0.347899
7551,0.089019
7552,0.841949
7553,-1.444083
7554,2.075369
7555,0.594271
7556,-0.334298
7557,1.933894
7558,-0.393864
7559,-1.006662
7560,-1.683693
7561,0.389784
7562,0.555860
7563,2.003058
7564,2.323251
7565,1.330154
7566,-1.047207
7567,-0.421477
7568,-1.566948
7569,-0.670624
7570,0.894154
7571,0.353375
7572,0.324202
7573,-0.818763
7574,-0.349639
7575,0.270482
7576,-0.894142
7577,-0.033521
7578,-1.519786
7579,-0.605607
7580,0.943421
7581,-1.401340
7582,-0.934190
7583,0.732963
7584,1.299199
7585,-0.794647
7586,-1.091765
7587,-1.221726
7588,0.279027
7589,0.343313
7590,-1.689085
7591,0.627172
7592,-0.470885
7593,-0.999382
7594,-1.510249
7595,0.784317
7596,-0.312289
7597,-2.013129
7598,-0.417228
7599,0.246726
7600,-0.192666
7601,0.878262
7602,1.678487
7603,-1.014003
7604,-2.035096
7605,1.129951
7606,1.120893
7607,-0.644106
7608,-1.994252
7609,-1.734032
7610,0.366613
7611,-0.720722
7612,-1.558699
7613,-1.964788
7614,0.370459
7615,-1.258086
7616,-0.712629
7617,-0.839738
7618,1.224263
7619,2.732111
7620,2.101770
7621,-0.459435
7622,0.111224
7623,0.160434
7624,-1.398942
7625,0.079205
7626,0.447921
7627,-0.318237
7628,0.649934
7629,0.183299
7630,0.736209
7631,1.308721
7632,1.657316
7633,-0.895703
7634,0.239482
7635,-0.722449
7636,-2.680916
7637,-1.145499
7638,-0.712732
7639,-0.846858
7640,-0.710488
7641,-0.378807
7642,-0.005008
7643,-0.009670
7644,1.301390
7645,-1.016737
7646,1.714123
7647,-0.963414
7648,-0.506126
7649,-1.703171
7650,0.931401
7651,1.834863
7652,0.838970
7653,-0.280442
7654,0.811811
7655,-0.377806
7656,-0.524150
7657,-0.515123
7658,0.082223
7659,1.393570
7660,-0.922647
7661,-0.348410
7662,0.823012
7663,1.733195
7664,2.750089
7665,2.502182
7666,2.845406
7667,1.166581
7668,-0.467131
7669,-1.507489
7670,-0.211823
7671,0.278146
7672,-0.569703
7673,-1.443457
7674,-2.660251
7675,-2.141659
7676,-0.279730
7677,-1.194024
7678,0.994118
7679,1.463778
7680,-0.000571
7681,-1.600827
7682,-1.469272
7683,-1.689176
7684,0.616707
7685,-2.111068
7686,1.081999
7687,-1.018770
7688,-1.181301
7689,1.483654
7690,-0.656058
7691,-0.220257
7692,0.159999
7693,0.452274
7694,0.176428
7695,0.701886
7696,0.309971
7697,-0.397817
7698,0.407470
7699,1.251042
7700,0.504692
7701,-1.666755
7702,-0.751682
7703,-1.675006
7704,-1.253979
7705,-0.124571
7706,-1.302951
7707,-1.261562
7708,-0.835289
7709,-1.697789
7710,-1.920828
7711,-1.405643
7712,-1.235239
7713,0.258282
7714,-0.016390
7715,-0.408159
7716,1.473002
7717,1.165751
7718,-0.031215
7719,-2.169958
7720,-1.339143
7721,-0.461720
7722,1.565265
7723,3.388302
7724,0.967141
7725,-0.164521
7726,-0.368460
7727,0.395478
7728,1.615048
7729,-0.370151
7730,0.071044
7731,-1.860406
7732,-0.844822
7733,0.399355
7734,1.393590
7735,0.200282
7736,0.661197
7737,0.032753
7738,0.770760
7739,0.619285
7740,-0.538706
7741,0.383880
7742,0.180418
7743,0.466843
7744,-0.841875
7745,0.917543
7746,0.371057
7747,0.463753
7748,-0.802186
7749,-0.324387
7750,1.012352
7751,1.184557
7752,-0.859100
7753,0.357863
7754,-0.984042
7755,-1.372685
7756,-0.702859
7757,-1.131999
7758,-2.193171
7759,0.033884
7760,-0.557568
7761,0.804135
7762,3.056642
7763,0.520617
7764,-0.606277
7765,1.804501
7766,-0.447621
7767,0.146706
7768,-0.737918
7769,-2.107928
7770,-0.037605
7771,0.606587
7772,-1.512426
7773,0.014212
7774,0.533514
7775,-1.672928
7776,0.659655
7777,-0.071855
7778,-0.776066
7779,-0.032456
7780,-0.309315
7781,0.169226
7782,0.652312
7783,-0.377951
7784,1.256877
7785,1.797719
7786,-0.120188
7787,-0.015453
7788,-0.242418
7789,-0.256921
7790,-0.531076
7791,0.595828
7792,0.536137
7793,0.188221
7794,0.612736
7795,0.461067
7796,-0.794637
7797,-1.884426
7798,-0.945882
7799,0.515387
7800,1.069297
7801,-0.118786
7802,0.186707
7803,0.847370
7804,0.105046
7805,-0.340261
7806,0.572955
7807,0.924641
7808,-0.711092
7809,-0.095431
7810,0.688168
7811,-1.439897
7812,0.988875
7813,1.017460
7814,-0.679239
7815,-1.277231
7816,-1.122102
7817,0.341735
7818,1.452898
7819,-0.685872
7820,-0.055352
7821,2.112205
7822,2.050554
7823,-0.249770
7824,0.251390
7825,0.964775
7826,0.325174
7827,-2.077185
7828,-1.291412
7829,1.073346
7830,1.167830
7831,2.646385
7832,0.105975
7833,-2.361979
7834,-2.242520
7835,0.002302
7836,-0.401147
7837,-0.742075
7838,-1.034669
7839,-1.397555
7840,-0.661523
7841,0.552469
7842,3.081424
7843,-0.222723
7844,0.700049
7845,0.251138
7846,0.756919
7847,0.863204
7848,1.168526
7849,-1.070454
7850,-0.314511
7851,0.326224
7852,1.308058
7853,-0.289809
7854,-1.938777
7855,-1.247709
7856,-0.799605
7857,-0.428371
7858,0.172438
7859,-0.447145
7860,-0.475750
7861,0.718236
7862,0.757962
7863,1.976873
7864,0.472201
7865,1.415571
7866,-0.545167
7867,-2.874696
7868,-0.522444
7869,-0.487085
7870,-0.448134
7871,-1.302683
7872,0.260367
7873,-0.544427
7874,0.149594
7875,-0.114245
7876,0.458337
7877,-0.036619
7878,1.499766
7879,1.691281
7880,-0.319166
7881,-0.844953
7882,1.182319
7883,0.309351
7884,0.445067
7885,0.054499
7886,-0.109758
7887,0.039423
7888,0.148325
7889,-0.501998
7890,0.609353
7891,1.880261
7892,1.047748
7893,-0.453295
7894,-0.526589
7895,-1.877606
7896,-0.675485
7897,0.612085
7898,-0.696302
7899,-1.048074
7900,-1.117210
7901,2.111529
7902,-1.501427
7903,-0.576766
7904,1.249132
7905,0.807459
7906,-0.460779
7907,-1.087245
7908,-0.437257
7909,-3.122700
7910,-2.208466
7911,-3.294544
7912,-0.263645
7913,-1.654006
7914,-1.025286
7915,-0.642764
7916,0.287902
7917,-0.011936
7918,0.187850
7919,-1.091194
7920,0.818900
7921,-1.559002
7922,0.032299
7923,1.728013
7924,-0.299724
7925,-0.900914
7926,0.606754
7927,2.999638
7928,0.064394
7929,1.984730
7930,0.180463
7931,0.396688
7932,0.968896
7933,0.023594
7934,-1.917452
7935,1.059707
7936,0.629429
7937,-0.233881
7938,2.591899
7939,1.383965
7940,0.415940
7941,0.580411
7942,-1.186045
7943,-1.260528
7944,-1.741117
7945,-0.319694
7946,-1.363732
7947,0.543069
7948,0.583866
7949,0.286670
7950,-0.703531
7951,-1.255090
7952,-1.021333
7953,1.762254
7954,-0.790408
7955,0.834939
7956,-0.311905
7957,1.117417
7958,-0.764397
7959,-1.179492
7960,-1.771504
7961,0.289175
7962,0.462852
7963,1.016552
7964,0.680877
7965,-0.349350
7966,-0.234448
7967,-0.101528
7968,0.906320
7969,-0.323367
7970,0.451251
7971,-0.626397
7972,-0.068566
7973,0.146498
7974,0.208750
7975,3.242881
7976,0.822555
7977,-0.756292
7978,0.841776
7979,0.999991
7980,-0.659371
7981,-1.346393
7982,-1.429026
7983,0.355436
7984,0.836514
7985,-0.395252
7986,-0.991651
7987,-0.107386
7988,-0.760123
7989,-1.022725
7990,-1.291123
7991,-1.341038
7992,0.702344
7993,-0.709337
7994,-1.036680
7995,-2.601601
7996,-0.697124
7997,0.175736
7998,-0.034575
7999,0.936951
8000,2.090067
8001,1.122910
8002,-0.001190
8003,0.832281
8004,0.076507
8005,-0.833859
8006,0.904904
8007,-0.934453
8008,-2.704740
8009,0.784640
8010,-0.955548
8011,1.020458
8012,2.185366
8013,0.508126
8014,0.261038
8015,0.186374
8016,0.790542
8017,1.616218
8018,0.246149
8019,1.182397
8020,-0.011391
8021,0.371210
8022,0.337235
8023,1.584820
8024,-0.670165
8025,-0.416163
8026,-0.209197
8027,1.417848
8028,2.684899
8029,2.364479
8030,-0.119182
8031,0.880255
8032,1.166998
8033,0.045386
8034,-0.911819
8035,-0.100717
8036,0.934850
8037,0.738488
8038,0.155134
8039,-0.672794
8040,-1.129403
8041,-2.280213
8042,-1.182766
8043,-1.948193
8044,-0.653245
8045,0.167073
8046,-1.616152
8047,-1.078832
8048,-0.041925
8049,0.341823
8050,-1.104651
8051,1.742457
8052,0.252526
8053,0.238498
8054,0.223195
8055,-0.149925
8056,-0.939457
8057,0.755582
8058,0.961881
8059,-1.844993
8060,1.167175
8061,0.914321
8062,1.558190
8063,-0.058766
8064,0.028599
8065,-0.485166
8066,0.008372
8067,0.396807
8068,-0.036251
8069,-0.769760
8070,-1.288843
8071,0.539930
8072,0.455846
8073,0.158191
8074,0.959954
8075,-0.948269
8076,-0.562468
8077,0.626503
8078,-1.245385
8079,-0.181535
8080,-0.376527
8081,-0.413047
8082,0.350469
8083,1.619044
8084,0.701405
8085,0.707663
8086,0.461118
8087,-0.358930
8088,-1.760944
8089,-1.172149
8090,-1.196893
8091,-0.448325
8092,-0.730765
8093,0.862391
8094,1.573107
8095,-0.167454
8096,-1.283560
8097,-2.659756
8098,-0.671058
8099,-2.346199
8100,-0.862764
8101,-0.314613
8102,0.813853
8103,-0.058518
8104,0.771393
8105,1.703930
8106,0.572058
8107,1.020755
8108,-0.762924
8109,-0.420642
8110,-0.436370
8111,2.647944
8112,-0.360368
8113,-0.603461
8114,-1.468943
8115,-0.018727
8116,0.018456
8117,-0.650503
8118,0.730639
8119,0.774774
8120,-0.628758
8121,-2.682532
8122,-2.764440
8123,0.007500
8124,0.311628
8125,-0.458894
8126,1.041283
8127,2.291106
8128,-0.827320
8129,0.289189
8130,1.497634
8131,0.060004
8132,0.073479
8133,-1.421274
8134,0.202740
8135,1.829858
8136,-0.100790
8137,-0.421685
8138,-1.119425
8139,0.724653
8140,1.228501
8141,-0.718671
8142,0.763316
8143,-0.878263
8144,-0.134627
8145,-0.789325
8146,-0.077350
8147,1.478812
8148,-0.706052
8149,0.345815
8150,-0.815355
8151,0.323742
8152,-0.735721
8153,0.388267
8154,0.997210
8155,-0.116476
8156,-0.975154
8157,-0.464669
8158,1.652238
8159,1.326767
8160,0.588312
8161,-1.163227
8162,0.311667
8163,0.848246
8164,0.348751
8165,0.493159
8166,1.151814
8167,-0.210377
8168,-0.546303
8169,2.103473
8170,1.046266
8171,0.054266
8172,-0.111505
8173,-1.468069
8174,-0.873816
8175,-1.455535
8176,-0.025889
8177,0.251092
8178,-0.405877
8179,-0.059688
8180,0.085749
8181,-0.555465
8182,1.368948
8183,0.003493
8184,-0.572501
8185,-0.368224
8186,0.590930
8187,-0.015032
8188,-1.926269
8189,-1.642787
8190,-0.129773
8191,-1.249544
8192,0.077173
8193,-0.260897
8194,0.371214
8195,-0.983322
8196,-0.806764
8197,-1.580503
8198,-1.158153
8199,-0.060417
8200,0.565574
8201,1.412138
8202,-1.612143
8203,1.270213
8204,-1.581504
8205,1.271614
8206,1.070823
8207,1.319676
8208,1.378057
8209,-1.076960
8210,-0.170083
8211,-0.169350
8212,-2.103569
8213,-1.828388
8214,-0.403152
8215,0.076193
8216,-1.832426
8217,-1.175261
8218,-0.328929
8219,-0.589016
8220,-0.510380
8221,-0.251554
8222,0.643318
8223,-0.159647
8224,1.015389
8225,0.563064
8226,-1.629783
8227,-0.156541
8228,0.871149
8229,0.760221
8230,0.653777
8231,-0.628021
8232,-0.269498
8233,0.365655
8234,-1.188259
8235,0.696892
8236,0.130856
8237,0.347590
8238,-2.738601
8239,-1.464643
8240,-1.123129
8241,-0.607717
8242,1.444764
8243,0.509207
8244,0.319002
8245,-0.390185
8246,-1.132546
8247,0.448688
8248,-0.009954
8249,-0.659390
8250,0.748289
8251,-0.975685
8252,-0.039539
8253,0.387556
8254,-1.303284
8255,0.361344
8256,1.392178
8257,-3.137948
8258,-0.092782
8259,-0.101833
8260,-0.106350
8261,-0.795159
8262,-0.258622
8263,-0.411441
8264,1.266340
8265,0.314173
8266,2.428998
8267,1.990966
8268,0.149711
8269,0.435167
8270,0.376656
8271,0.248428
8272,-1.075805
8273,-0.498598
8274,0.341231
8275,-0.827455
8276,1.542915
8277,1.931463
8278,0.152936
8279,0.618794
8280,0.243795
8281,0.772968
8282,-0.824405
8283,-0.305412
8284,-1.039898
8285,1.603489
8286,0.155796
8287,-0.820300
8288,-1.823429
8289,0.809091
8290,0.403774
8291,-0.222501
8292,1.534457
8293,0.309366
8294,0.060427
8295,0.664541
8296,-1.609603
8297,-0.773583
8298,-1.903030
8299,-0.241571
8300,0.525969
8301,-1.446092
8302,0.253141
8303,0.834843
8304,-0.875262
8305,1.112426
8306,-0.420032
8307,0.051980
8308,0.400536
8309,0.543193
8310,-0.042934
8311,-1.510872
8312,-0.415919
8313,-0.611227
8314,-1.564825
8315,-1.473604
8316,2.407802
8317,0.841020
8318,0.244973
8319,-1.334385
8320,0.557816
8321,-1.020915
8322,-1.130493
8323,-1.885441
8324,-1.073947
8325,-0.336375
8326,-0.977921
8327,1.833983
8328,-1.425801
8329,-1.601061
8330,1.273210
8331,1.053615
8332,0.457277
8333,-2.137490
8334,-0.217860
8335,0.418377
8336,-0.563639
8337,0.994720
8338,0.179897
8339,-0.803437
8340,-0.210493
8341,0.395674
8342,-0.844887
8343,-2.522669
8344,0.808232
8345,0.690376
8346,-0.888533
8347,1.120785
8348,0.212689
8349,-0.472291
8350,-0.058231
8351,0.051964
8352,1.348220
8353,1.447529
8354,-0.250714
8355,1.097052
8356,-0.942584
8357,-0.352059
8358,-0.300094
8359,-0.403468
8360,1.126264
8361,-1.306629
8362,0.008878
8363,0.249231
8364,1.161439
8365,1.148697
8366,0.412255
8367,0.009516
8368,-0.377847
8369,0.405110
8370,1.359793
8371,0.332523
8372,0.335524
8373,-1.168977
8374,-1.619137
8375,-0.129795
8376,-0.331198
8377,1.484536
8378,0.317328
8379,-0.290416
8380,-0.711501
8381,1.295950
8382,0.064165
8383,0.259174
8384,2.549916
8385,-0.235369
8386,-0.111935
8387,0.147553
8388,-1.141105
8389,0.205441
8390,-0.408934
8391,-0.238059
8392,-0.232759
8393,-0.126789
8394,-0.478562
8395,-0.597050
8396,0.344819
8397,-0.309427
8398,-0.838750
8399,0.460774
8400,-0.691892
8401,0.025364
8402,1.663505
8403,0.655986
8404,-1.934235
8405,-0.054991
8406,2.222410
8407,1.295358
8408,-0.470131
8409,1.101374
8410,-0.513728
8411,-0.314762
8412,-1.469065
8413,0.352513
8414,1.433390
8415,0.439314
8416,-0.222814
8417,-1.125363
8418,-0.912357
8419,1.982319
8420,0.702267
8421,0.571698
8422,0.966835
8423,1.435306
8424,0.613137
8425,1.498873
8426,0.485086
8427,-0.443670
8428,-0.835474
8429,-2.283950
8430,-0.072914
8431,0.263694
8432,-0.999028
8433,-1.668275
8434,0.236737
8435,-1.065205
8436,-0.625892
8437,-1.020450
8438,-1.507556
8439,0.434919
8440,-0.469453
8441,0.364120
8442,0.269880
8443,1.331270
8444,1.038768
8445,0.110928
8446,0.367637
8447,-0.774253
8448,1.246135
8449,-0.588763
8450,0.050823
8451,-1.797084
8452,-2.335499
8453,1.203268
8454,0.338626
8455,-2.379903
8456,-0.501272
8457,1.076844
8458,0.895345
8459,-0.995935
8460,0.445987
8461,-0.318985
8462,0.655502
8463,-0.167901
8464,1.170772
8465,-0.466457
8466,0.335715
8467,-0.725945
8468,-0.317758
8469,-0.236129
8470,-0.882443
8471,0.230786
8472,0.949037
8473,-0.451233
8474,-0.967071
8475,1.765609
8476,0.305261
8477,-1.945524
8478,-1.191568
8479,-2.641858
8480,-1.362670
8481,-0.450938
8482,-0.099733
8483,0.935635
8484,2.453773
8485,0.956168
8486,0.291362
8487,1.258284
8488,0.444806
8489,1.540941
8490,-0.354897
8491,0.672154
8492,-1.578886
8493,-0.695962
8494,-1.188526
8495,-0.778013
8496,-1.634680
8497,-2.316057
8498,1.775628
8499,1.475036
8500,0.584281
8501,-1.246557
8502,-0.523498
8503,-1.414872
8504,0.716032
8505,2.360301
8506,-0.656712
8507,1.240790
8508,0.759956
8509,0.665179
8510,0.823824
8511,1.240967
8512,1.065281
8513,0.086468
8514,-1.143014
8515,-1.450428
8516,-0.004889
8517,-0.088722
8518,0.062252
8519,-0.535901
8520,0.620710
8521,-0.160945
8522,1.410985
8523,-0.615141
8524,0.150878
8525,2.688461
8526,-1.169797
8527,0.143004
8528,1.987854
8529,0.534548
8530,0.579963
8531,-0.938315
8532,0.326226
8533,2.066473
8534,0.290986
8535,-0.833176
8536,-1.061506
8537,-0.067385
8538,-1.746319
8539,-3.395192
8540,-2.848854
8541,-1.662873
8542,0.422115
8543,1.393150
8544,-1.070645
8545,1.561950
8546,1.947651
8547,1.514512
8548,-0.615678
8549,-0.913855
8550,-0.988769
8551,0.561107
8552,-0.062517
8553,-0.863159
8554,-0.107763
8555,0.324884
8556,1.010127
8557,0.195458
8558,-0.084121
8559,1.771352
8560,0.506857
8561,2.517728
8562,-0.701925
8563,1.905089
8564,0.873311
8565,0.685971
8566,1.164764
8567,1.249290
8568,-1.566325
8569,-1.109865
8570,0.065134
8571,-0.004198
8572,-0.270899
8573,-1.574709
8574,-0.022169
8575,-1.192545
8576,1.161081
8577,0.388712
8578,1.288533
8579,0.168725
8580,-1.510136
8581,-1.027581
8582,-0.205697
8583,1.146568
8584,0.580309
8585,-1.146626
8586,0.263766
8587,-1.223916
8588,-0.595198
8589,-0.590785
8590,2.007347
8591,0.320881
8592,1.656849
8593,0.001831
8594,-0.297815
8595,0.946340
8596,0.480978
8597,0.454130
8598,-0.505309
8599,-1.421954
8600,-1.777014
8601,-1.961638
8602,-0.523231
8603,0.092596
8604,-0.093343
8605,0.019551
8606,-0.247869
8607,-0.543513
8608,0.828113
8609,1.553952
8610,-0.345053
8611,-0.421591
8612,2.048555
8613,0.622057
8614,1.164058
8615,0.629859
8616,0.480838
8617,-0.491333
8618,0.646555
8619,0.551843
8620,0.928528
8621,-0.326350
8622,0.528365
8623,-0.204013
8624,-0.192019
8625,-0.615149
8626,-0.473747
8627,1.196245
8628,-0.072599
8629,-0.230640
8630,1.298441
8631,-1.017160
8632,-1.169312
8633,-1.385492
8634,0.711286
8635,1.262227
8636,0.584857
8637,-1.042924
8638,-0.520662
8639,-0.906909
8640,-0.855881
8641,0.471439
8642,1.059010
8643,-0.644353
8644,-1.262640
8645,-0.041181
8646,-0.628164
8647,0.292043
8648,0.650198
8649,1.415892
8650,-0.284547
8651,0.276833
8652,-1.136195
8653,-1.345953
8654,-1.244825
8655,-1.828715
8656,-0.527882
8657,0.243104
8658,-0.278370
8659,0.861276
8660,0.658350
8661,0.594796
8662,-1.443356
8663,-1.886512
8664,-0.958418
8665,-1.265252
8666,-1.027713
8667,0.148476
8668,-0.776964
8669,-1.073375
8670,-0.350610
8671,0.144833
8672,1.846903
8673,1.701880
8674,-0.342426
8675,0.573700
8676,-0.306776
8677,-0.971549
8678,0.900128
8679,0.191572
8680,1.188543
8681,0.328353
8682,0.696630
8683,-0.647076
8684,1.244592
8685,0.180712
8686,2.368047
8687,1.311304
8688,-0.615433
8689,-0.092911
8690,1.711855
8691,-0.012690
8692,-0.340387
8693,0.297852
8694,1.300838
8695,0.631611
8696,1.797587
8697,-2.232353
8698,0.876032
8699,1.311940
8700,1.333586
8701,1.149030
8702,0.056269
8703,1.433884
8704,-0.409761
8705,0.445736
8706,-1.233845
8707,-1.045214
8708,-2.505470
8709,-1.090554
8710,1.356138
8711,-0.458458
8712,1.221659
8713,-1.106060
8714,-0.101804
8715,0.430699
8716,0.634809
8717,0.415721
8718,1.288958
8719,-1.159629
8720,-0.277839
8721,-0.939568
8722,-0.412377
8723,1.708977
8724,-1.070282
8725,0.889874
8726,-0.341605
8727,-0.124014
8728,-0.986439
8729,-1.625353
8730,-0.244927
8731,0.202387
8732,-1.637176
8733,0.445873
8734,0.991480
8735,0.219199
8736,0.079546
8737,-0.222339
8738,-2.877501
8739,0.208132
8740,-1.103167
8741,-0.005444
8742,0.585916
8743,1.029769
8744,-0.593120
8745,-0.354879
8746,0.339331
8747,1.821543
8748,0.841539
8749,0.044156
8750,-0.690634
8751,-1.223920
8752,-0.382242
8753,-0.295884
8754,-2.221856
8755,0.850364
8756,1.478005
8757,-0.306531
8758,-0.248556
8759,0.255840
8760,-0.114162
8761,0.770367
8762,-2.591453
8763,2.826155
8764,0.958282
8765,0.818187
8766,-0.883413
8767,-0.730636
8768,0.784447
8769,-0.425307
8770,-0.495604
8771,-0.812509
8772,-1.075882
8773,-1.634074
8774,0.440572
8775,0.551583
8776,1.425568
8777,0.888787
8778,-0.618818
8779,-2.014776
8780,0.385187
8781,0.545296
8782,2.978357
8783,0.841207
8784,-0.506110
8785,-0.579591
8786,-0.346447
8787,0.668307
8788,1.206021
8789,0.821027
8790,0.017492
8791,1.380721
8792,0.691244
8793,1.042835
8794,-0.917464
8795,-1.393531
8796,-0.725615
8797,0.069977
8798,0.124472
8799,0.153068
8800,1.273107
8801,-0.168849
8802,-0.415755
8803,1.543854
8804,1.227390
8805,0.641309
8806,0.940347
8807,-0.917989
8808,-1.045118
8809,-0.323102
8810,1.217194
8811,0.546654
8812,-1.799292
8813,0.243112
8814,-0.752360
8815,1.520922
8816,-0.182657
8817,-0.369638
8818,-1.241004
8819,1.500354
8820,-1.845063
8821,0.214537
8822,-0.276311
8823,-0.058448
8824,-1.490618
8825,-1.545428
8826,-0.948959
8827,0.111804
8828,-0.271365
8829,-0.752103
8830,-0.513640
8831,0.235487
8832,-0.571854
8833,0.678812
8834,-1.118030
8835,0.530916
8836,0.012638
8837,-0.979073
8838,0.191815
8839,-0.074443
8840,-1.220604
8841,-0.768270
8842,0.955288
8843,1.416516
8844,0.973233
8845,0.818122
8846,0.666931
8847,1.383224
8848,1.448066
8849,0.742854
8850,0.435627
8851,2.581824
8852,1.288166
8853,1.339657
8854,-0.275702
8855,0.911296
8856,1.510589
8857,-0.045717
8858,-0.777580
8859,0.297184
8860,2.922306
8861,-0.002252
8862,-0.081178
8863,-0.878661
8864,-0.388119
8865,0.575217
8866,0.945172
8867,1.902841
8868,0.953123
8869,-1.858760
8870,-1.157295
8871,-0.110438
8872,0.068646
8873,-1.481786
8874,-2.414164
8875,-0.470930
8876,-0.472513
8877,0.758067
8878,0.367776
8879,0.737245
8880,0.417197
8881,-0.457767
8882,0.079027
8883,-1.264467
8884,1.686902
8885,1.250967
8886,0.589437
8887,0.902775
8888,0.656364
8889,-0.585334
8890,0.756953
8891,-0.289740
8892,-1.706483
8893,0.141378
8894,0.254212
8895,1.409681
8896,0.437950
8897,1.045426
8898,2.060385
8899,0.130089
8900,0.410896
8901,-0.879646
8902,-1.878405
8903,-1.077792
8904,1.358654
8905,0.196553
8906,-0.712337
8907,-0.691517
8908,-1.160320
8909,0.097528
8910,0.658058
8911,-1.382399
8912,-0.440884
8913,0.537082
8914,0.901981
8915,-0.469592
8916,0.953643
8917,0.719834
8918,0.381682
8919,-0.089466
8920,1.337762
8921,1.425374
8922,-0.630171
8923,-0.121839
8924,-1.530256
8925,-0.804059
8926,-1.062013
8927,-0.204600
8928,0.476473
8929,0.009586
8930,-0.078503
8931,0.066715
8932,-0.251921
8933,-1.072818
8934,-0.027189
8935,-1.436959
8936,1.555430
8937,1.263060
8938,-0.187866
8939,1.101150
8940,-0.297886
8941,0.847225
8942,-0.909501
8943,0.774100
8944,-0.258986
8945,0.351445
8946,1.224713
8947,0.575224
8948,1.132508
8949,-0.527222
8950,-0.087097
8951,-0.886418
8952,-0.053568
8953,-1.495172
8954,0.192421
8955,2.646841
8956,0.291452
8957,-0.964954
8958,-1.041041
8959,-0.439666
8960,-0.065103
8961,1.005398
8962,1.574627
8963,1.078381
8964,-0.678570
8965,2.535929
8966,1.592324
8967,0.451605
8968,0.157076
8969,0.892673
8970,0.198740
8971,0.354300
8972,0.272903
8973,-0.841237
8974,-0.183121
8975,0.325728
8976,0.343435
8977,0.528822
8978,1.078954
8979,0.044837
8980,-0.156612
8981,1.208905
8982,1.466820
8983,0.839014
8984,-1.212996
8985,-2.190831
8986,-1.717715
8987,-0.809615
8988,0.043586
8989,-1.015290
8990,-1.095580
8991,-1.745233
8992,-0.005999
8993,-1.766500
8994,-0.468402
8995,0.589285
8996,2.287526
8997,-0.254323
8998,-0.838040
8999,-1.194766
9000,-0.213161
9001,-0.235375
9002,-0.090132
9003,0.670821
9004,0.362609
9005,-0.530802
9006,-1.788891
9007,-1.549835
9008,-0.938520
9009,1.720751
9010,1.535780
9011,2.309960
9012,-0.641987
9013,-1.255785
9014,-0.376217
9015,0.603306
9016,-0.045150
9017,0.853380
9018,-0.758891
9019,0.435201
9020,-0.023733
9021,0.586678
9022,0.832514
9023,-0.223517
9024,0.218696
9025,-0.398776
9026,-1.070222
9027,-0.408328
9028,-0.170292
9029,-0.500379
9030,-0.288403
9031,-1.437140
9032,1.239577
9033,0.957745
9034,0.463559
9035,-0.296861
9036,0.050914
9037,-1.119100
9038,-0.466867
9039,-0.939712
9040,-1.478012
9041,-0.056855
9042,0.497999
9043,0.100866
9044,-0.896247
9045,-1.624102
9046,-1.390904
9047,0.069692
9048,-0.846398
9049,-1.959738
9050,-1.580738
9051,1.586670
9052,0.195477
9053,-0.819565
9054,0.403079
9055,2.307894
9056,0.840542
9057,1.067613
9058,-0.434193
9059,-0.681110
9060,0.925681
9061,0.073064
9062,0.650197
9063,-0.989681
9064,-1.272089
9065,0.404924
9066,-0.340440
9067,-2.054891
9068,-0.551249
9069,0.530270
9070,0.942184
9071,-1.052829
9072,-0.087184
9073,-1.748691
9074,-1.179002
9075,-0.360373
9076,1.035399
9077,-0.250174
9078,0.552443
9079,-0.808840
9080,1.142043
9081,1.877515
9082,1.968972
9083,-0.047823
9084,-0.133893
9085,1.562211
9086,-0.318047
9087,0.979085
9088,-0.173388
9089,-1.296809
9090,-0.849296
9091,0.145703
9092,0.306327
9093,-0.320496
9094,-2.305453
9095,-0.546532
9096,-1.153854
9097,0.369857
9098,0.086681
9099,0.575594
9100,-0.803844
9101,0.992843
9102,0.512581
9103,0.153154
9104,1.016739
9105,-2.499897
9106,-0.455343
9107,-0.273095
9108,-1.861463
9109,-0.335891
9110,-1.044066
9111,-2.334230
9112,-2.449005
9113,-2.720923
9114,0.018426
9115,-1.305345
9116,-0.748159
9117,-0.684901
9118,2.299882
9119,1.625328
9120,2.586663
9121,2.165571
9122,0.830174
9123,-1.919665
9124,-2.087886
9125,-1.302509
9126,0.324236
9127,1.066766
9128,0.657574
9129,1.065185
9130,-1.661886
9131,-0.530779
9132,-0.290204
9133,0.940962
9134,1.009531
9135,0.981333
9136,0.773518
9137,-0.275918
9138,-0.415938
9139,-0.770143
9140,0.019724
9141,0.224602
9142,-1.090268
9143,-0.470329
9144,-0.113560
9145,0.631748
9146,0.922422
9147,0.006180
9148,-1.022309
9149,0.042444
9150,-0.004960
9151,1.258666
9152,0.994003
9153,0.325821
9154,0.155889
9155,0.124309
9156,2.731143
9157,0.045940
9158,-1.433332
9159,1.057189
9160,-0.434776
9161,0.289683
9162,-0.042698
9163,0.342670
9164,0.563597
9165,0.148662
9166,-0.678829
9167,-0.092204
9168,1.321723
9169,-0.843603
9170,-0.797055
9171,-2.476311
9172,-1.095193
9173,-0.291950
9174,-0.725968
9175,-1.126834
9176,-2.159939
9177,-0.368657
9178,0.611247
9179,-1.857321
9180,-0.343262
9181,-0.167853
9182,0.239799
9183,-0.139485
9184,-1.530926
9185,0.528325
9186,-1.571847
9187,1.493959
9188,0.650529
9189,0.438439
9190,-0.130518
9191,-1.926004
9192,0.030906
9193,0.059138
9194,-0.691128
9195,-0.716829
9196,0.865872
9197,-0.603186
9198,-0.977598
9199,-0.092570
9200,-0.208242
9201,0.208682
9202,0.350094
9203,0.178703
9204,0.413663
9205,0.716698
9206,-0.394641
9207,0.618341
9208,-0.496655
9209,1.382783
9210,0.041810
9211,-0.777856
9212,0.222305
9213,-0.426263
9214,-0.464882
9215,-1.169866
9216,-0.560251
9217,1.021405
9218,0.231099
9219,-0.213723
9220,-2.559850
9221,-1.990231
9222,-1.488042
9223,-1.909538
9224,-1.668719
9225,-1.511812
9226,-1.535000
9227,-0.500675
9228,-0.185867
9229,-1.095342
9230,1.073497
9231,-0.951544
9232,-1.109854
9233,-0.037210
9234,-0.176517
9235,0.824211
9236,0.557114
9237,0.072198
9238,-1.996371
9239,0.633580
9240,1.130755
9241,1.422357
9242,-0.966403
9243,0.388398
9244,-0.616849
9245,1.978844
9246,0.872944
9247,0.942509
9248,2.597391
9249,-1.349258
9250,-1.417262
9251,0.584527
9252,-0.716597
9253,0.460243
9254,0.693314
9255,-0.433661
9256,0.561535
9257,-0.089610
9258,-0.643711
9259,-1.612043
9260,0.157168
9261,-0.991471
9262,-1.752862
9263,-0.712065
9264,-0.144075
9265,-0.168896
9266,-0.265977
9267,-0.496546
9268,0.634477
9269,0.386602
9270,1.847037
9271,-1.036279
9272,-0.776039
9273,-0.506984
9274,-0.272493
9275,1.662988
9276,0.699981
9277,0.054191
9278,-0.181089
9279,0.316963
9280,-0.383272
9281,-1.041300
9282,0.326100
9283,-0.971580
9284,-0.819796
9285,2.010796
9286,1.062215
9287,-0.228851
9288,1.878876
9289,1.355689
9290,0.755715
9291,0.494899
9292,1.068203
9293,0.337189
9294,0.032477
9295,-1.481467
9296,-0.683425
9297,-0.131543
9298,0.530399
9299,0.446777
9300,0.887535
9301,2.084979
9302,0.509473
9303,0.412201
9304,-0.330838
9305,2.630388
9306,-0.860453
9307,-0.137076
9308,0.017616
9309,1.533623
9310,0.721259
9311,-0.181115
9312,-1.007018
9313,1.598554
9314,-0.488322
9315,0.274527
9316,1.050347
9317,-0.882357
9318,-0.450830
9319,-0.126192
9320,0.796571
9321,0.697725
9322,0.274467
9323,1.460380
9324,0.592994
9325,0.492837
9326,-1.067673
9327,-0.504673
9328,2.165499
9329,1.096370
9330,0.221355
9331,-2.227459
9332,-0.733494
9333,-0.281098
9334,0.290690
9335,1.433624
9336,0.199877
9337,0.961358
9338,-0.679936
9339,-0.915919
9340,0.622492
9341,-1.115904
9342,1.348084
9343,0.818532
9344,0.751868
9345,1.891305
9346,1.598687
9347,-0.283794
9348,-1.253043
9349,1.373493
9350,0.723640
9351,0.989737
9352,0.810710
9353,1.553899
9354,0.552827
9355,0.475997
9356,-0.666592
9357,0.732968
9358,0.259283
9359,0.349572
9360,0.734540
9361,1.018461
9362,0.948788
9363,1.723971
9364,2.008556
9365,0.802480
9366,2.167664
9367,1.193422
9368,-1.211889
9369,-0.986702
9370,1.776979
9371,0.189199
9372,-0.505863
9373,-0.496182
9374,-1.395696
9375,-0.186287
9376,-0.237252
9377,0.585241
9378,0.195139
9379,1.755763
9380,-0.841152
9381,-0.674192
9382,-0.284550
9383,0.369647
9384,-0.149627
9385,-0.684525
9386,0.620568
9387,-1.503059
9388,-0.763754
9389,0.439981
9390,1.498262
9391,1.349647
9392,1.907902
9393,2.573694
9394,1.101812
9395,0.240481
9396,1.769560
9397,-0.624905
9398,-0.472903
9399,0.050033
9400,-0.345834
9401,-0.837596
9402,0.131661
9403,0.457002
9404,-1.631302
9405,-2.421741
9406,-1.343528
9407,-1.192460
9408,-0.957729
9409,-1.699619
9410,-0.331322
9411,0.953004
9412,-0.141006
9413,1.284510
9414,-0.894268
9415,-0.615050
9416,0.807588
9417,0.216064
9418,-1.101835
9419,-1.452685
9420,-0.595327
9421,1.182620
9422,1.780166
9423,1.119642
9424,0.080146
9425,-0.791334
9426,-1.118101
9427,-1.075750
9428,-1.070219
9429,-0.492874
9430,-0.129459
9431,-0.485185
9432,0.770972
9433,0.477995
9434,0.998421
9435,-0.352608
9436,0.602217
9437,0.361564
9438,1.530209
9439,0.898490
9440,-0.968033
9441,0.675922
9442,1.195521
9443,0.217076
9444,-0.352303
9445,0.481694
9446,-0.648447
9447,-0.880521
9448,-0.191110
9449,-0.519743
9450,0.184968
9451,1.671785
9452,1.045758
9453,0.190050
9454,-1.221223
9455,0.890316
9456,-0.437125
9457,-0.816770
9458,0.390008
9459,-0.660378
9460,0.941392
9461,-0.162309
9462,0.258733
9463,-1.264612
9464,1.183232
9465,0.517437
9466,0.007225
9467,0.632441
9468,-0.157635
9469,1.468144
9470,-1.166846
9471,-0.239662
9472,0.706638
9473,0.498915
9474,0.995996
9475,0.892827
9476,0.036963
9477,-0.509495
9478,-0.672724
9479,-0.246084
9480,0.427162
9481,0.357853
9482,1.164673
9483,0.107895
9484,-0.744823
9485,-0.182356
9486,0.853962
9487,-1.987060
9488,-2.339137
9489,-0.578005
9490,-0.397033
9491,-1.000533
9492,-1.367223
9493,-2.254028
9494,-0.776828
9495,-0.944714
9496,-1.542150
9497,0.392172
9498,0.309772
9499,-1.547544
9500,-0.322626
9501,-0.321989
9502,-1.759037
9503,-0.416172
9504,1.847921
9505,0.695629
9506,-0.402688
9507,0.714259
9508,0.802887
9509,0.131392
9510,-2.462808
9511,-1.705845
9512,-1.125833
9513,0.669379
9514,0.255124
9515,-0.362378
9516,-0.628911
9517,-2.071206
9518,-1.008778
9519,-1.073844
9520,-0.576950
9521,0.149364
9522,-2.062310
9523,-0.286436
9524,0.829218
9525,-0.435976
9526,1.029431
9527,0.256553
9528,-0.085033
9529,0.552270
9530,0.828088
9531,0.068565
9532,-1.111520
9533,0.475451
9534,0.168241
9535,-1.393923
9536,0.000248
9537,0.010190
9538,-2.027407
9539,-0.394173
9540,-0.500633
9541,-1.211182
9542,0.117858
9543,0.918378
9544,-0.790077
9545,0.356102
9546,-0.732823
9547,1.586751
9548,0.550349
9549,-1.377564
9550,-1.210751
9551,1.340197
9552,-1.068179
9553,0.694867
9554,1.017365
9555,0.411947
9556,0.140429
9557,-1.336187
9558,-0.185296
9559,0.901191
9560,-1.085980
9561,-0.918899
9562,-0.809977
9563,-0.431631
9564,-0.415343
9565,-0.681212
9566,-0.154473
9567,-0.855232
9568,2.063928
9569,0.398213
9570,1.228396
9571,0.768960
9572,1.707774
9573,1.628265
9574,1.300514
9575,1.565719
9576,-0.336694
9577,-0.055507
9578,0.502208
9579,-0.148149
9580,0.099780
9581,-1.428175
9582,-0.708234
9583,-1.251933
9584,0.117865
9585,-1.774858
9586,0.105286
9587,1.821996
9588,-0.119043
9589,0.495375
9590,1.368963
9591,0.825219
9592,-0.480366
9593,1.487257
9594,1.202050
9595,-0.406824
9596,0.045334
9597,0.802981
9598,-1.422675
9599,0.621923
9600,-1.288399
9601,0.117382
9602,0.386068
9603,0.081263
9604,0.325228
9605,0.558056
9606,0.446257
9607,1.147948
9608,0.666951
9609,0.295138
9610,1.251882
9611,0.094609
9612,1.505883
9613,0.238547
9614,0.289325
9615,1.172295
9616,1.335882
9617,-1.077006
9618,-1.152794
9619,-0.541590
9620,-0.949792
9621,-1.430599
9622,-0.733503
9623,-0.462230
9624,1.487503
9625,0.009047
9626,0.463783
9627,1.293929
9628,0.690137
9629,-0.562698
9630,1.373755
9631,-0.257396
9632,-1.200608
9633,-0.789572
9634,-0.704827
9635,0.086364
9636,-0.347071
9637,0.676239
9638,-0.950023
9639,0.517844
9640,0.673319
9641,0.095220
9642,-0.602950
9643,-1.132721
9644,-0.137624
9645,0.717006
9646,-2.286779
9647,-1.096611
9648,-0.489911
9649,0.027918
9650,-0.927331
9651,0.320416
9652,0.621237
9653,0.394007
9654,0.038002
9655,0.994930
9656,-0.577868
9657,-1.420602
9658,-1.850336
9659,1.491440
9660,0.525211
9661,-0.494111
9662,0.876743
9663,0.351468
9664,0.657334
9665,-1.145486
9666,-0.822119
9667,-0.434674
9668,0.626157
9669,0.473421
9670,-0.639014
9671,-0.275117
9672,-0.640928
9673,-1.181009
9674,0.295268
9675,-1.552361
9676,-0.966879
9677,3.090449
9678,2.480304
9679,-0.218259
9680,-1.441445
9681,1.241408
9682,-0.743226
9683,-0.319207
9684,2.227116
9685,1.887822
9686,-0.434730
9687,-1.246912
9688,1.243679
9689,0.989348
9690,1.097127
9691,-0.558882
9692,-1.147986
9693,-0.187320
9694,-0.511054
9695,-0.510592
9696,-0.401327
9697,0.965488
9698,-1.000454
9699,-1.475864
9700,-0.977355
9701,-1.295591
9702,1.371166
9703,0.180835
9704,-0.549994
9705,-0.876575
9706,-1.585571
9707,-0.520922
9708,-0.736631
9709,-0.066943
9710,-0.234165
9711,-1.391949
9712,-0.681372
9713,-0.514278
9714,0.780854
9715,0.585419
9716,0.147398
9717,0.373913
9718,0.637051
9719,-0.094132
9720,0.491291
9721,-0.723200
9722,0.479182
9723,-0.549776
9724,-1.166969
9725,-1.129276
9726,-0.995919
9727,-1.799208
9728,0.511580
9729,0.634851
9730,-0.830112
9731,-1.491556
9732,0.151172
9733,-0.276202
9734,0.501525
9735,0.173344
9736,-0.719955
9737,0.900146
9738,-0.256765
9739,-0.195192
9740,0.044212
9741,-0.399487
9742,0.144613
9743,0.368032
9744,-0.293262
9745,2.336590
9746,2.362417
9747,0.931369
9748,0.006499
9749,1.126095
9750,0.377112
9751,-0.725002
9752,-0.370836
9753,-1.336723
9754,-1.188547
9755,-2.504320
9756,0.696901
9757,-1.969220
9758,-0.137836
9759,0.677273
9760,1.050116
9761,0.922204
9762,-0.025698
9763,-0.307251
9764,-1.479649
9765,-1.020332
9766,0.397994
9767,0.910803
9768,2.174007
9769,-0.234518
9770,-0.103324
9771,-0.328225
9772,-0.429183
9773,-1.056722
9774,-0.522720
9775,-0.356232
9776,-1.107617
9777,-0.978017
9778,0.776026
9779,1.780971
9780,2.257974
9781,2.227891
9782,1.603030
9783,-0.975529
9784,-0.490468
9785,-1.058289
9786,1.201110
9787,0.165666
9788,-1.419769
9789,-0.834212
9790,-1.474705
9791,-0.788126
9792,-0.598840
9793,0.553909
9794,0.676685
9795,2.396161
9796,0.514628
9797,-0.612155
9798,0.084547
9799,1.082226
9800,-0.821900
9801,0.491471
9802,0.659040
9803,0.834024
9804,1.351388
9805,0.265635
9806,0.180163
9807,0.342200
9808,2.313630
9809,-1.774655
9810,0.372300
9811,0.551458
9812,0.593921
9813,-0.614949
9814,-0.051568
9815,-0.282717
9816,1.344970
9817,0.114486
9818,1.155163
9819,0.169027
9820,-1.032622
9821,0.907691
9822,-0.473206
9823,0.330425
9824,0.812666
9825,-0.339719
9826,0.951344
9827,1.547264
9828,0.930597
9829,0.292599
9830,-1.122070
9831,1.561167
9832,-1.029950
9833,-1.347843
9834,0.254113
9835,-0.060689
9836,0.193339
9837,-0.682513
9838,0.757232
9839,0.003407
9840,0.390774
9841,1.412098
9842,1.011244
9843,-0.971031
9844,-1.096812
9845,1.497419
9846,0.347284
9847,0.065133
9848,-0.248256
9849,0.031486
9850,-1.625270
9851,-1.536915
9852,0.841314
9853,-0.051692
9854,-0.074728
9855,-0.305860
9856,-1.058051
9857,-0.263079
9858,-1.140398
9859,-0.258892
9860,-0.588670
9861,-1.967323
9862,-0.754016
9863,1.184223
9864,2.297825
9865,-1.195778
9866,0.560198
9867,0.966844
9868,-1.717819
9869,-0.192921
9870,-0.481351
9871,-0.901560
9872,1.577437
9873,1.295006
9874,-0.905601
9875,1.559128
9876,0.881312
9877,-0.064570
9878,-0.950871
9879,-0.423497
9880,0.685527
9881,-0.630797
9882,0.998054
9883,-0.281617
9884,-1.119002
9885,-0.731314
9886,0.796334
9887,0.424146
9888,0.627352
9889,-0.542799
9890,-0.517351
9891,0.092952
9892,1.528271
9893,0.372758
9894,-1.165086
9895,1.555436
9896,1.186113
9897,0.179243
9898,-0.857373
9899,-1.513347
9900,-0.554524
9901,-0.059402
9902,-1.071613
9903,-0.736293
9904,0.133072
9905,-1.934344
9906,0.829675
9907,-1.002991
9908,0.381001
9909,-0.311831
9910,1.717770
9911,0.177692
9912,1.527710
9913,0.222237
9914,-0.361321
9915,-1.021308
9916,-0.189275
9917,-1.367782
9918,-1.652392
9919,-0.405293
9920,-1.768867
9921,0.554068
9922,-1.601130
9923,-0.414550
9924,-0.171118
9925,1.895758
9926,-0.675265
9927,-0.845817
9928,0.747885
9929,0.435877
9930,0.212851
9931,-0.383666
9932,-0.281985
9933,-0.062287
9934,0.812256
9935,1.415400
9936,-0.343285
9937,0.942423
9938,-1.558494
9939,-0.663124
9940,0.205381
9941,1.568624
9942,0.744447
9943,0.244083
9944,-1.330297
9945,-0.680154
9946,-1.333697
9947,0.558642
9948,0.130126
9949,1.503402
9950,-0.654325
9951,0.990420
9952,-0.687042
9953,-1.085820
9954,0.415011
9955,0.520654
9956,1.111946
9957,-0.452974
9958,1.678071
9959,0.199830
9960,0.508658
9961,1.658642
9962,0.460408
9963,1.333688
9964,0.182219
9965,-1.085186
9966,-0.264856
9967,0.238635
9968,-1.829159
9969,0.883454
9970,-0.699182
9971,1.510803
9972,0.594584
9973,0.106621
9974,1.774260
9975,1.339229
9976,0.385069
9977,1.002406
9978,-0.185497
9979,0.070560
9980,0.200778
9981,0.535267
9982,0.007830
9983,-1.334131
9984,0.312372
9985,-0.825437
9986,1.605748
9987,0.166946
9988,-1.534288
9989,-0.460390
9990,-1.044538
9991,0.314004
9992,0.355664
9993,0.702242
9994,-1.521878
9995,-0.326878
9996,-0.508489
9997,-0.449095
9998,0.157651
9999,-1.672199
10000,-1.729217
10001,1.213229
10002,0.560056
10003,0.307229
10004,-1.155375
10005,1.203329
10006,2.751470
10007,-0.662181
10008,-1.868021
10009,-1.268087
10010,1.773457
10011,-2.111210
10012,-1.984840
10013,0.197366
10014,1.693744
10015,2.230885
10016,1.714320
10017,2.438979
10018,-0.597746
10019,-0.184076
10020,0.501576
10021,-0.537181
10022,-0.764942
10023,-0.743517
10024,1.001037
10025,-1.163285
10026,0.828738
10027,-0.718342
10028,-1.993400
10029,-0.564303
10030,-0.657276
10031,0.771355
10032,0.535567
10033,-1.087334
10034,0.785479
10035,0.219701
10036,-1.832494
10037,0.119504
10038,-1.279291
10039,-1.456693
10040,-1.651127
10041,0.465395
10042,0.840784
10043,1.439089
10044,0.809835
10045,-1.654577
10046,-0.106477
10047,1.425979
10048,-0.343058
10049,-1.647067
10050,-1.965690
10051,-1.116025
10052,-0.648302
10053,-0.912653
10054,-0.144877
10055,-0.734003
10056,-0.711483
10057,0.901212
10058,-0.571620
10059,-0.038532
10060,0.481259
10061,-0.870697
10062,-0.787724
10063,-0.316299
10064,-0.450720
10065,0.543622
10066,0.501651
10067,0.300667
10068,0.155834
10069,-0.118735
10070,-0.881388
10071,-0.855953
10072,0.802598
10073,0.326965
10074,0.979395
10075,-0.005471
10076,-0.985651
10077,1.444727
10078,0.114336
10079,-0.735563
10080,1.766773
10081,3.282367
10082,0.029552
10083,-0.151112
10084,0.281176
10085,0.219952
10086,0.144381
10087,-2.135473
10088,-1.354187
10089,-0.910985
10090,0.435270
10091,1.963468
10092,0.448486
10093,-1.043259
10094,-0.780496
10095,-0.982089
10096,-1.986215
10097,-1.162803
10098,1.015080
10099,0.650834
10100,-0.276474
10101,-0.604096
10102,-0.148002
10103,0.380013
10104,0.072758
10105,0.912404
10106,0.467291
10107,0.987735
10108,0.666987
10109,-1.242439
10110,-0.392358
10111,-0.029172
10112,0.241037
10113,-0.807957
10114,0.744898
10115,1.746500
10116,-0.951542
10117,-1.608268
10118,0.830036
10119,0.434957
10120,-0.749318
10121,-0.323293
10122,-1.429797
10123,0.368344
10124,0.565132
10125,1.365868
10126,-0.964677
10127,0.157362
10128,-0.517584
10129,0.227775
10130,-0.724608
10131,0.113427
10132,-1.413736
10133,-0.429122
10134,-0.094702
10135,1.280239
10136,0.604126
10137,-1.049124
10138,-0.082964
10139,0.122412
10140,-0.119778
10141,0.703497
10142,-0.732018
10143,-0.119221
10144,0.180986
10145,-0.540250
10146,-1.882670
10147,-0.261856
10148,-0.108147
10149,0.883748
10150,1.509445
10151,0.610311
10152,1.600378
10153,1.651329
10154,0.295939
10155,0.946066
10156,0.294380
10157,-0.484862
10158,-1.851666
10159,0.543033
10160,0.424779
10161,0.847727
10162,1.405887
10163,-0.024497
10164,0.592272
10165,0.211537
10166,0.603881
10167,1.388400
10168,-0.373790
10169,0.272704
10170,0.647988
10171,-0.850004
10172,-0.688812
10173,-2.346116
10174,-1.752894
10175,-1.589345
10176,-0.885641
10177,1.099311
10178,-1.000363
10179,-0.359611
10180,-0.792146
10181,-0.754053
10182,-0.140756
10183,0.504120
10184,0.018754
10185,-0.431368
10186,-1.950857
10187,-0.838845
10188,-1.318716
10189,0.832689
10190,0.898987
10191,0.293425
10192,0.940267
10193,0.079513
10194,-0.413651
10195,0.804545
10196,1.322587
10197,2.416810
10198,-0.488437
10199,0.372556
10200,-0.538187
10201,0.362743
10202,0.096234
10203,0.572983
10204,0.274449
10205,0.701014
10206,-0.166149
10207,-1.060226
10208,-0.999051
10209,-0.211849
10210,0.650365
10211,0.608337
10212,0.118834
10213,-0.170027
10214,-0.089525
10215,1.719142
10216,0.339423
10217,0.017073
10218,-0.038835
10219,0.417462
10220,-1.401907
10221,-0.426368
10222,-1.232600
10223,-1.242856
10224,-0.878223
10225,0.531645
10226,0.536428
10227,-1.630252
10228,0.110385
10229,1.868596
10230,0.672375
10231,0.548233
10232,0.176514
10233,1.174055
10234,2.379548
10235,1.340463
10236,2.596737
10237,-0.265317
10238,-0.994481
10239,-0.514951
10240,-1.999975
10241,-0.826968
10242,-1.534201
10243,-0.286136
10244,0.358790
10245,0.254961
10246,1.467511
10247,0.882536
10248,0.005910
10249,-0.453996
10250,-0.500413
10251,1.984700
10252,0.389671
10253,-0.184602
10254,0.458884
10255,0.490131
10256,0.923578
10257,1.168379
10258,1.640597
10259,0.299242
10260,-0.093069
10261,-2.465006
10262,-0.839968
10263,1.274375
10264,-1.144507
10265,-2.539459
10266,-1.164392
10267,0.225946
10268,0.923728
10269,-0.831133
10270,-1.792124
10271,-3.029119
10272,-1.371236
10273,0.705913
10274,-0.454708
10275,0.161133
10276,0.857232
10277,0.749527
10278,0.986562
10279,0.258119
10280,-0.647664
10281,-0.804381
10282,-0.912137
10283,-0.170465
10284,0.392563
10285,0.072771
10286,0.474982
10287,1.384298
10288,-0.415818
10289,1.094709
10290,1.487989
10291,-0.253602
10292,0.754688
10293,-0.411703
10294,-0.986427
10295,-0.494568
10296,1.250841
10297,1.472966
10298,-1.261020
10299,-1.291666
10300,-1.340107
10301,-3.080283
10302,-0.929692
10303,-1.143124
10304,0.605561
10305,1.266176
10306,1.625089
10307,0.839418
10308,1.042423
10309,0.720677
10310,0.427513
10311,3.126316
10312,1.523472
10313,-0.314259
10314,-0.848069
10315,-0.696245
10316,1.604854
10317,1.435473
10318,1.040127
10319,-1.469315
10320,-0.926784
10321,1.341215
10322,1.321121
10323,-1.371573
10324,-0.860743
10325,1.273930
10326,2.237666
10327,0.530734
10328,-0.034281
10329,1.271079
10330,-0.523636
10331,-0.246522
10332,0.445738
10333,-0.785495
10334,0.463413
10335,0.051823
10336,0.977782
10337,0.396342
10338,0.736774
10339,-0.668680
10340,-1.883541
10341,0.227305
10342,-1.040572
10343,-0.411353
10344,0.672015
10345,-0.738311
10346,0.379938
10347,-0.895539
10348,-0.241198
10349,-0.892435
10350,-0.650360
10351,-0.124365
10352,-1.061845
10353,-0.195563
10354,-1.123157
10355,-0.875466
10356,-0.341169
10357,-0.731632
10358,-1.264755
10359,1.258056
10360,0.016290
10361,-1.443338
10362,-1.182335
10363,-0.222405
10364,1.973970
10365,0.285134
10366,0.414905
10367,0.676452
10368,-1.378100
10369,-1.551352
10370,0.830979
10371,0.205261
10372,-0.721567
10373,-1.853061
10374,-1.827499
10375,-1.036860
10376,-1.733253
10377,-0.784960
10378,-0.011923
10379,1.630213
10380,0.411238
10381,-1.089999
10382,-1.789941
10383,-1.991578
10384,-0.231288
10385,-1.174614
10386,-0.497201
10387,0.136840
10388,0.316672
10389,0.724502
10390,0.217512
10391,-1.023987
10392,0.977991
10393,0.263056
10394,-1.089640
10395,-0.108921
10396,-0.013553
10397,0.751601
10398,-0.575249
10399,-0.021117
10400,-0.333912
10401,0.673833
10402,-1.640306
10403,-0.873298
10404,-1.270977
10405,0.798168
10406,1.096549
10407,-0.461449
10408,0.450748
10409,-0.079078
10410,0.974021
10411,2.129496
10412,-0.505215
10413,-1.337217
10414,0.178513
10415,0.909136
10416,1.189697
10417,0.284034
10418,-0.037482
10419,-0.229900
10420,-1.133751
10421,0.144954
10422,1.655616
10423,-1.140514
10424,-2.648782
10425,-1.023840
10426,0.694712
10427,-1.052860
10428,-0.014946
10429,-1.467422
10430,-0.683619
10431,-0.955431
10432,-0.150495
10433,-1.067943
10434,-0.361980
10435,2.519083
10436,-0.532372
10437,-0.051685
10438,0.601439
10439,0.172958
10440,-0.596234
10441,-0.084487
10442,1.430344
10443,0.962442
10444,-0.124783
10445,1.256358
10446,1.148048
10447,-2.127145
10448,0.204656
10449,-0.151792
10450,0.503921
10451,0.458734
10452,-1.181908
10453,1.952990
10454,-0.847423
10455,-0.763767
10456,-2.415571
10457,-0.591792
10458,-0.865380
10459,-2.265089
10460,0.149806
10461,-1.221366
10462,0.202435
10463,0.197151
10464,-0.660113
10465,-0.007293
10466,-3.186325
10467,-0.841062
10468,-1.092540
10469,0.203415
10470,0.577307
10471,-0.713549
10472,-1.839185
10473,-0.781368
10474,-0.854807
10475,-1.388473
10476,-1.300121
10477,0.110616
10478,0.067256
10479,-1.405980
10480,0.840305
10481,-0.715705
10482,-0.179664
10483,-0.619999
10484,-1.285508
10485,-0.999768
10486,-1.231927
10487,-0.724991
10488,0.200295
10489,-2.014791
10490,-0.452356
10491,0.029780
10492,1.563538
10493,-0.368823
10494,0.029144
10495,0.161711
10496,1.254701
10497,0.193834
10498,-0.535445
10499,-1.603952
10500,0.009974
10501,-0.457224
10502,-1.150372
10503,-1.090596
10504,-2.303346
10505,-1.277519
10506,-0.002402
10507,0.965596
10508,1.075721
10509,-0.203014
10510,1.138291
10511,-0.016996
10512,0.675733
10513,-0.134688
10514,-0.820395
10515,-0.729076
10516,0.374631
10517,-1.772963
10518,1.132965
10519,0.081813
10520,0.103065
10521,0.296054
10522,-1.187615
10523,-0.800944
10524,0.122899
10525,0.799508
10526,0.480866
10527,1.451917
10528,0.226874
10529,-0.159802
10530,0.114546
10531,-1.176265
10532,-0.435584
10533,1.184125
10534,0.271614
10535,1.081152
10536,-2.005731
10537,-0.357756
10538,0.393581
10539,-0.187734
10540,-0.331323
10541,0.171722
10542,0.460611
10543,1.751019
10544,-0.016671
10545,-0.067456
10546,0.176410
10547,0.694983
10548,0.049387
10549,1.388294
10550,-0.445770
10551,0.103873
10552,-0.671383
10553,-1.491588
10554,-0.235701
10555,0.475710
10556,0.787670
10557,0.205002
10558,-0.051968
10559,1.202437
10560,1.186191
10561,0.435919
10562,-1.851735
10563,-2.222045
10564,1.518225
10565,-0.639752
10566,-0.394797
10567,-0.254799
10568,0.795736
10569,0.158086
10570,1.431152
10571,-0.190587
10572,0.130502
10573,-0.087700
10574,-1.112555
10575,-0.001317
10576,1.467607
10577,0.199138
10578,-0.446817
10579,-0.287928
10580,0.054526
10581,-0.749462
10582,-0.513480
10583,-0.003009
10584,-0.477079
10585,-0.961053
10586,-2.583391
10587,-0.939314
10588,-1.404420
10589,1.152839
10590,-0.734094
10591,1.521032
10592,0.584178
10593,0.046188
10594,1.153326
10595,1.890809
10596,0.246370
10597,1.012924
10598,1.018563
10599,-0.132461
10600,-2.411977
10601,-0.707407
10602,0.565825
10603,0.017511
10604,0.223544
10605,1.374066
10606,0.115059
10607,-0.528803
10608,-1.765150
10609,-1.544088
10610,-0.129541
10611,0.604422
10612,-0.445742
10613,-0.520357
10614,-1.011252
10615,-0.076006
10616,-1.921383
10617,0.430918
10618,0.360535
10619,0.533713
10620,0.207729
10621,0.318156
10622,-1.914993
10623,-0.373000
10624,-2.030761
10625,0.130174
10626,-1.246782
10627,0.416743
10628,0.004703
10629,0.144752
10630,0.295245
10631,-0.063941
10632,2.810965
10633,1.430111
10634,0.386396
10635,-0.200922
10636,-1.246157
10637,-0.406778
10638,0.365861
10639,-0.672083
10640,-0.796875
10641,-0.893875
10642,-2.001052
10643,0.377569
10644,0.488072
10645,0.791832
10646,-0.212685
10647,-0.169433
10648,0.316284
10649,-0.207330
10650,0.654928
10651,-1.416964
10652,-0.269082
10653,0.407446
10654,-0.984556
10655,1.239948
10656,0.602961
10657,-0.644093
10658,-0.636201
10659,0.057196
10660,-0.952607
10661,0.406183
10662,0.737979
10663,0.159286
10664,0.099091
10665,-0.542101
10666,-0.255345
10667,-0.267385
10668,0.303587
10669,-0.769424
10670,-0.839226
10671,-1.279652
10672,-0.735307
10673,-0.798720
10674,1.227841
10675,-0.432936
10676,-0.711865
10677,-0.447362
10678,-1.855525
10679,-0.047290
10680,0.773766
10681,0.641263
10682,0.689991
10683,-0.493368
10684,-0.728422
10685,0.319836
10686,0.592751
10687,0.067252
10688,-0.000609
10689,0.136857
10690,-0.548779
10691,1.146979
10692,-0.764771
10693,1.650054
10694,1.339883
10695,-0.738473
10696,0.791103
10697,0.431186
10698,0.449112
10699,-0.391565
10700,-0.169818
10701,1.491156
10702,0.225691
10703,3.190192
10704,0.739632
10705,1.041080
10706,0.163447
10707,-0.325242
10708,1.643831
10709,1.391064
10710,2.587638
10711,-0.117013
10712,0.312228
10713,0.729903
10714,-0.114528
10715,-0.107908
10716,-1.198005
10717,1.387131
10718,-1.573469
10719,-0.440266
10720,0.550937
10721,-0.168636
10722,2.314520
10723,0.914026
10724,-0.080237
10725,1.628408
10726,2.859158
10727,1.675211
10728,2.289050
10729,-0.897083
10730,-0.544637
10731,0.226710
10732,2.949696
10733,1.057792
10734,1.658804
10735,1.240574
10736,-1.634197
10737,-1.076837
10738,1.537247
10739,-0.589489
10740,0.600063
10741,1.416706
10742,1.500666
10743,-0.251228
10744,0.907986
10745,0.179005
10746,0.083044
10747,0.378831
10748,0.600702
10749,0.536958
10750,1.457157
10751,1.081976
10752,0.042713
10753,0.720832
10754,0.233300
10755,-0.736858
10756,-1.526455
10757,-0.946151
10758,-0.509410
10759,1.002920
10760,1.101518
10761,0.416802
10762,1.378584
10763,-1.270003
10764,-1.248518
10765,0.035089
10766,0.389965
10767,1.302228
10768,-0.525084
10769,-0.984205
10770,-2.652801
10771,-0.088084
10772,-0.516480
10773,-0.590332
10774,-1.079939
10775,-1.952275
10776,-0.735361
10777,-0.956276
10778,-0.471121
10779,-1.363196
10780,-0.171094
10781,-1.256683
10782,-0.723239
10783,-0.455862
10784,0.220386
10785,0.882186
10786,0.323278
10787,1.057327
10788,0.218547
10789,0.130174
10790,0.662020
10791,-0.105614
10792,0.081498
10793,0.201746
10794,0.869666
10795,0.433349
10796,-0.146752
10797,0.866145
10798,0.407366
10799,-1.198242
10800,-1.507778
10801,0.766419
10802,-0.090870
10803,-0.365528
10804,0.363345
10805,1.642850
10806,-0.307046
10807,0.134322
10808,0.873305
10809,0.282490
10810,1.017926
10811,0.558644
10812,0.680710
10813,0.333802
10814,-2.189409
10815,1.820851
10816,1.194744
10817,1.798613
10818,0.514712
10819,0.832855
10820,-0.792904
10821,0.311696
10822,-1.868709
10823,-0.979366
10824,-0.204845
10825,-1.602650
10826,-1.244427
10827,0.218983
10828,0.804838
10829,0.533173
10830,-0.605918
10831,0.079690
10832,-0.657000
10833,2.376083
10834,0.226185
10835,0.029542
10836,0.380384
10837,1.981999
10838,1.188963
10839,0.020193
10840,0.647038
10841,0.527127
10842,0.269516
10843,0.073333
10844,-0.426781
10845,1.393683
10846,0.730615
10847,-0.185083
10848,-0.665964
10849,-0.882140
10850,-0.102938
10851,-0.537348
10852,0.546296
10853,0.136936
10854,0.236608
10855,2.431214
10856,0.170859
10857,0.622586
10858,-0.458211
10859,-0.675368
10860,-1.446539
10861,1.059709
10862,-0.160066
10863,-0.383580
10864,-0.415223
10865,-0.758939
10866,-0.095246
10867,0.872642
10868,1.456102
10869,-1.153716
10870,0.539213
10871,-1.026213
10872,0.589679
10873,0.097179
10874,0.095517
10875,-2.237756
10876,-1.926850
10877,0.011188
10878,0.952794
10879,1.532925
10880,1.317141
10881,-0.487091
10882,-0.493472
10883,0.251555
10884,-1.833381
10885,-0.522401
10886,-1.149751
10887,-0.916377
10888,1.343027
10889,-0.418150
10890,-1.324964
10891,-0.490683
10892,-0.686063
10893,1.045311
10894,0.920515
10895,-0.056203
10896,1.752139
10897,0.067598
10898,1.171438
10899,-0.146162
10900,-0.823699
10901,-0.338018
10902,0.443995
10903,0.295491
10904,0.316275
10905,1.032822
10906,0.593977
10907,-0.882769
10908,-1.644292
10909,1.367154
10910,1.299485
10911,0.840111
10912,-0.291807
10913,0.598929
10914,0.269878
10915,0.920416
10916,1.396817
10917,2.668868
10918,-0.163944
10919,1.118619
10920,0.352764
10921,0.521037
10922,-1.157111
10923,0.248520
10924,0.957039
10925,0.546951
10926,-1.983406
10927,0.561931
10928,0.129406
10929,-0.895282
10930,1.276531
10931,-0.539110
10932,-0.011434
10933,1.525405
10934,-0.218243
10935,-0.201506
10936,-0.468048
10937,-1.460002
10938,-2.058113
10939,-0.267481
10940,1.589613
10941,1.812323
10942,-1.629521
10943,-1.693017
10944,0.554291
10945,1.046444
10946,-0.918405
10947,-0.947064
10948,-0.453574
10949,-0.078153
10950,0.602359
10951,-1.921921
10952,-1.038922
10953,0.789952
10954,-0.760180
10955,0.687696
10956,-0.857999
10957,0.354709
10958,0.369198
10959,1.318295
10960,1.565664
10961,1.275975
10962,0.724096
10963,-0.244285
10964,1.634025
10965,-0.403147
10966,-0.049872
10967,-0.644342
10968,-1.163816
10969,1.323296
10970,0.450866
10971,0.099774
10972,1.265598
10973,0.401116
10974,0.229094
10975,-1.271447
10976,-1.800198
10977,-0.704671
10978,0.719621
10979,-0.868980
10980,-0.176456
10981,-0.240152
10982,1.031388
10983,0.864099
10984,0.865596
10985,0.258700
10986,-0.990533
10987,0.441834
10988,1.022902
10989,-1.092186
10990,-1.977594
10991,-0.193860
10992,0.816259
10993,-0.351976
10994,-0.399348
10995,-0.504046
10996,-0.688434
10997,-0.428406
10998,1.135089
10999,0.639440
11000,1.553908
11001,0.371750
11002,-0.412044
11003,-0.307509
11004,-1.124966
11005,-0.650157
11006,-1.259935
11007,-1.227483
11008,0.823282
11009,-0.296931
11010,-0.045474
11011,1.712883
11012,1.327960
11013,0.311727
11014,1.058333
11015,0.408728
11016,-0.873995
11017,1.132960
11018,1.193266
11019,-1.210781
11020,0.137388
11021,0.493388
11022,-1.186162
11023,-2.060300
11024,2.077300
11025,2.970284
11026,0.810797
11027,-0.064368
11028,-0.117723
11029,0.228434
11030,1.398894
11031,2.370247
11032,0.545500
11033,-0.710538
11034,0.473278
11035,0.668420
11036,-1.002794
11037,0.779124
11038,0.360394
11039,-0.941572
11040,-1.469724
11041,-0.908632
11042,-1.521020
11043,1.749083
11044,1.048296
11045,1.903268
11046,-0.419618
11047,0.531401
11048,0.484350
11049,0.168788
11050,1.143650
11051,0.801022
11052,1.233799
11053,0.171077
11054,-0.067189
11055,2.933479
11056,1.322226
11057,0.588713
11058,2.414136
11059,0.868899
11060,1.180923
11061,2.839793
11062,0.726591
11063,-1.374479
11064,0.773496
11065,-0.294868
11066,-0.053658
11067,0.941006
11068,-0.704232
11069,-2.363007
11070,0.238048
11071,-0.066281
11072,-0.372099
11073,2.298077
11074,1.813390
11075,1.180378
11076,-0.088156
11077,1.443239
11078,-0.220698
11079,-0.249910
11080,-0.710421
11081,0.120088
11082,-1.690316
11083,-0.353979
11084,0.825683
11085,0.276767
11086,0.554019
11087,-0.499599
11088,1.425350
11089,-0.321541
11090,-0.178846
11091,-1.418109
11092,0.227935
11093,-0.568677
11094,-0.980760
11095,1.310530
11096,1.292092
11097,-1.388125
11098,-1.596425
11099,-0.694704
11100,0.198919
11101,0.762412
11102,-0.674379
11103,-1.432139
11104,-1.016505
11105,0.503916
11106,-0.439982
11107,0.790030
11108,-0.347844
11109,0.794033
11110,-1.126333
11111,0.727151
11112,-0.055647
11113,0.438309
11114,-0.237626
11115,0.155796
11116,-0.355323
11117,-0.926732
11118,0.025273
11119,-0.181295
11120,0.650583
11121,0.193489
11122,-0.854214
11123,0.787115
11124,-0.897663
11125,0.302309
11126,-0.748541
11127,0.273795
11128,1.642097
11129,0.894601
11130,0.363150
11131,-0.037796
11132,0.833998
11133,-0.739452
11134,-0.690954
11135,-0.049297
11136,1.661653
11137,0.375089
11138,-0.136830
11139,0.456974
11140,-0.219163
11141,0.841843
11142,-0.449888
11143,-1.684123
11144,0.705973
11145,-1.918691
11146,-0.653892
11147,0.176622
11148,-0.395054
11149,1.033347
11150,-0.037009
11151,0.504750
11152,0.231735
11153,-0.705997
11154,0.001618
11155,0.377734
11156,1.633423
11157,0.895926
11158,1.419113
11159,0.364952
11160,0.255585
11161,-1.684486
11162,-2.187956
11163,-0.720511
11164,-1.314819
11165,-2.326334
11166,-1.415027
11167,-0.144885
11168,0.105041
11169,-0.414809
11170,0.194678
11171,-0.206701
11172,-0.967037
11173,0.864640
11174,0.735738
11175,0.778080
11176,2.196994
11177,-0.720903
11178,-0.371538
11179,-0.120839
11180,0.079188
11181,-0.801386
11182,-0.914035
11183,-0.865448
11184,-1.611200
11185,-1.469028
11186,-0.146069
11187,0.490734
11188,-0.547330
11189,0.149630
11190,-0.057751
11191,1.886413
11192,0.111685
11193,0.387672
11194,0.380722
11195,-0.700131
11196,0.353442
11197,1.495986
11198,0.913221
11199,0.386268
11200,-0.917792
11201,-0.873799
11202,-0.194786
11203,-0.333937
11204,0.617022
11205,0.925378
11206,0.202618
11207,0.164178
11208,0.005948
11209,-0.335272
11210,-1.424911
11211,-0.130390
11212,-0.943193
11213,1.106771
11214,1.081577
11215,-1.285271
11216,0.869875
11217,0.124266
11218,0.395885
11219,-1.433487
11220,-1.238923
11221,0.630375
11222,-0.006586
11223,0.419839
11224,-0.128864
11225,-0.765922
11226,0.404832
11227,0.612522
11228,-0.105461
11229,-0.780614
11230,0.579991
11231,-0.231967
11232,1.157094
11233,2.132647
11234,1.426265
11235,2.137738
11236,0.990888
11237,-0.517553
11238,-0.019190
11239,-1.114055
11240,-0.789082
11241,-0.843996
11242,0.814287
11243,1.511226
11244,-0.032293
11245,-0.874843
11246,-0.357029
11247,-2.291154
11248,-0.338790
11249,-0.781982
11250,-0.525243
11251,0.415811
11252,0.331090
11253,-0.204982
11254,1.230817
11255,-0.523130
11256,-0.298795
11257,-0.055107
11258,0.352361
11259,-0.288540
11260,-0.236212
11261,0.033943
11262,-1.347313
11263,-0.243209
11264,-0.296823
11265,-0.704682
11266,-1.808215
11267,-2.291599
11268,-0.856068
11269,0.485480
11270,0.548528
11271,-0.773128
11272,-1.061685
11273,-0.557210
11274,-1.193516
11275,-1.253499
11276,0.105297
11277,0.525258
11278,0.064303
11279,0.852406
11280,-0.397969
11281,-1.818108
11282,1.628428
11283,2.107589
11284,2.059885
11285,1.508692
11286,-0.304727
11287,1.744092
11288,-0.782205
11289,-0.257820
11290,-0.168014
11291,-3.663236
11292,-0.553149
11293,-0.470734
11294,0.036918
11295,-0.886193
11296,-0.159996
11297,-1.030199
11298,-0.428918
11299,-1.113510
11300,-1.224303
11301,0.669678
11302,1.311940
11303,0.464053
11304,0.911343
11305,0.580562
11306,0.394280
11307,-0.249089
11308,0.291760
11309,0.476594
11310,0.228854
11311,2.011873
11312,0.968929
11313,-0.594608
11314,-0.391675
11315,-0.551020
11316,0.287788
11317,1.703149
11318,2.289315
11319,0.997326
11320,-0.660462
11321,1.594409
11322,1.132470
11323,0.524257
11324,1.683957
11325,0.689156
11326,-0.059715
11327,0.971402
11328,-1.082121
11329,-1.182130
11330,-1.073713
11331,-0.607487
11332,-2.383684
11333,-0.201569
11334,1.925390
11335,-0.116773
11336,-0.749217
11337,-0.562707
11338,-1.063113
11339,0.071937
11340,1.108999
11341,-0.492808
11342,3.819494
11343,0.247396
11344,1.426014
11345,-0.009705
11346,0.041059
11347,0.462811
11348,0.242647
11349,0.755888
11350,0.586520
11351,-0.084718
11352,0.829371
11353,0.995334
11354,-0.442731
11355,0.606453
11356,-0.095396
11357,-0.737859
11358,-0.983173
11359,1.354336
11360,-0.891134
11361,-2.384958
11362,-1.938874
11363,-0.251114
11364,-1.328593
11365,-1.493618
11366,-0.718435
11367,0.217389
11368,-1.312922
11369,-1.316530
11370,-0.414586
11371,-0.172624
11372,-0.494552
11373,-0.218905
11374,-1.476175
11375,0.357871
11376,0.933068
11377,0.506559
11378,0.502973
11379,1.736250
11380,1.242389
11381,-0.237752
11382,-1.064090
11383,0.289571
11384,-0.240312
11385,-1.461085
11386,-0.638285
11387,0.243407
11388,-0.746235
11389,1.373272
11390,0.640012
11391,-0.094168
11392,-0.866764
11393,-1.200049
11394,1.050327
11395,0.091538
11396,1.004440
11397,0.412139
11398,-1.637263
11399,-1.004801
11400,0.719889
11401,0.996928
11402,1.033160
11403,1.228247
11404,0.151849
11405,45.475740
11406,52.447368
11407,52.727240
11408,58.599327
11409,64.087017
11410,59.301101
11411,59.859431
11412,61.281224
11413,61.468113
11414,59.994904
11415,57.718474
11416,60.806281
11417,55.714003
11418,61.476606
11419,61.727417
11420,59.390193
11421,56.655264
11422,59.387550
11423,58.815357
11424,55.602453
11425,58.159791
11426,58.195577
11427,58.171748
11428,60.697598
11429,59.691797
11430,57.676062
11431,61.318557
11432,57.296411
11433,57.979727
11434,58.472868
11435,61.601103
11436,53.538614
11437,55.492867
11438,57.580726
11439,54.702083
11440,55.360233
11441,58.308662
11442,58.341128
11443,55.656188
11444,59.217820
11445,59.451532
11446,59.829217
11447,57.560411
11448,55.284903
11449,58.108443
11450,55.167699
11451,57.850343
11452,55.644712
11453,59.438951
11454,62.423815
11455,58.264251
11456,60.344412
11457,58.324746
11458,55.239513
11459,59.062407
11460,55.196072
11461,58.456558
11462,56.472949
11463,58.170269
11464,60.270245
11465,60.778176
11466,58.489164
11467,57.607746
11468,62.079027
11469,62.216282
11470,59.981029
11471,59.719045
11472,61.660729
11473,60.717304
11474,62.485535
11475,58.015937
11476,56.721124
11477,58.917248
11478,57.670290
11479,59.581736
11480,59.495015
11481,61.730611
11482,61.496762
11483,59.921005
11484,61.691526
11485,59.079538
11486,58.775263
11487,59.869933
11488,56.935103
11489,57.812890
11490,58.609315
11491,60.212885
11492,60.371985
11493,62.470167
11494,57.821408
11495,59.672579
11496,62.179165
11497,60.275062
11498,60.279294
11499,58.425591
11500,57.404144
11501,58.420696
11502,57.662478
11503,60.816341
11504,55.094585
11505,55.126888
11506,56.091831
11507,56.911566
11508,57.071842
11509,59.689216
11510,55.251247
11511,58.085126
11512,62.925996
11513,63.015646
11514,57.737806
11515,59.145932
11516,59.875492
11517,61.781359
11518,58.172398
11519,60.708021
11520,60.144553
11521,59.502229
11522,57.801450
11523,54.231487
11524,56.335237
11525,62.391184
11526,63.106328
11527,55.595612
11528,59.528814
11529,57.016593
11530,60.279258
11531,61.460439
11532,56.819444
11533,60.215338
11534,54.251946
11535,56.217418
11536,60.691349
11537,55.427449
11538,58.405694
11539,60.537167
11540,55.390015
11541,60.290520
11542,58.328734
11543,58.944768
11544,59.513768
11545,61.827500
11546,59.302572
11547,54.092021
11548,52.528477
11549,57.404231
11550,56.007701
11551,56.283258
11552,55.056870
11553,56.397807
11554,56.639023
11555,56.436493
11556,56.010194
11557,54.538717
11558,55.376202
11559,54.681537
11560,56.909940
11561,60.499796
11562,59.584548
11563,59.585925
11564,58.100112
11565,58.663726
11566,63.014267
11567,59.362956
11568,58.935335
11569,58.572140
11570,59.299740
11571,57.824179
11572,56.705164
11573,58.925486
11574,59.469521
11575,55.420867
11576,54.324551
11577,56.902774
11578,56.897682
11579,59.212551
11580,57.262239
11581,57.660554
11582,58.069391
11583,56.511519
11584,58.345263
11585,57.433483
11586,58.020275
11587,59.322983
11588,58.862252
11589,58.429297
11590,59.153113
11591,60.009093
11592,58.489029
11593,56.037591
11594,57.099702
11595,54.666314
11596,59.421630
11597,60.830204
11598,57.961840
11599,59.535898
11600,55.564464
11601,56.800770
11602,60.808265
11603,59.689794
11604,59.428615
11605,59.839137
11606,57.405337
11607,59.182934
11608,60.128364
11609,60.506038
11610,58.259901
11611,59.210974
11612,58.694779
11613,55.817760
11614,56.654317
11615,60.473085
11616,61.660135
11617,61.189727
11618,60.162370
11619,61.817695
11620,59.949104
11621,55.113961
11622,55.310556
11623,58.497298
11624,59.972673
11625,58.542534
11626,60.800403
11627,60.647499
11628,58.632696
11629,61.632976
11630,57.063652
11631,56.489983
11632,57.172590
11633,58.822214
11634,59.180267
11635,57.675196
11636,60.065702
11637,55.149989
11638,57.467915
11639,57.814210
11640,54.840540
11641,56.734327
11642,14.629306
11643,4.843867
11644,0.462808
11645,0.570011
11646,-0.423622
11647,1.077080
11648,0.015606
11649,0.567754
11650,-0.388800
11651,-0.200526
11652,-0.388302
11653,0.628532
11654,0.304979
11655,-0.183378
11656,0.896312
11657,-0.850838
11658,0.641286
11659,1.713757
11660,1.550099
11661,-0.350987
11662,0.525739
11663,-0.291933
11664,0.063567
11665,0.922665
11666,1.479832
11667,1.445924
11668,-0.383129
11669,1.038844
11670,0.793862
11671,0.875978
11672,0.225213
11673,0.849625
11674,-2.273574
11675,0.423256
11676,0.945646
11677,0.165787
11678,-0.955290
11679,-0.502563
11680,-2.494883
11681,-0.873555
11682,-1.288461
11683,-0.159429
11684,0.637692
11685,1.134640
11686,-0.188048
11687,-0.996460
11688,0.299396
11689,-0.608680
11690,1.388369
11691,-1.393559
11692,1.550648
11693,1.557010
11694,-0.232423
11695,-0.446132
11696,-0.002719
11697,1.377075
11698,1.120385
11699,0.875866
11700,0.024786
11701,-1.251267
11702,-1.176488
11703,-1.365092
11704,-3.204599
11705,-0.330042
11706,0.559768
11707,-0.476609
11708,0.874783
11709,1.131476
11710,-0.614907
11711,1.236136
11712,1.018648
11713,-0.738695
11714,-2.528514
11715,-0.957437
11716,0.614935
11717,-0.448748
11718,-0.489522
11719,0.224209
11720,0.361247
11721,0.791264
11722,1.063323
11723,-0.184567
11724,-1.987950
11725,1.186321
11726,-1.334582
11727,0.290057
11728,1.287591
11729,0.593877
11730,1.022361
11731,2.093966
11732,0.189690
11733,48.226885
11734,59.394921
11735,63.114009
11736,60.975048
11737,58.680391
11738,63.663615
11739,63.543665
11740,61.897617
11741,64.022217
11742,65.943827
11743,65.269776
11744,67.252360
11745,67.957650
11746,60.440066
11747,61.243780
11748,63.614051
11749,61.986795
11750,64.033889
11751,60.791767
11752,60.026660
11753,62.240679
11754,68.407799
11755,60.279628
11756,61.563529
11757,60.086466
11758,63.285330
11759,59.769228
11760,62.105128
11761,62.882081
11762,61.750620
11763,63.024602
11764,61.872767
11765,64.041649
11766,66.574180
11767,59.501922
11768,63.500777
11769,63.386653
11770,63.140725
11771,61.126485
11772,61.604490
11773,61.767008
11774,61.702495
11775,62.535429
11776,66.018186
11777,64.214827
11778,64.527510
11779,65.491973
11780,63.551638
11781,61.516580
11782,63.372428
11783,65.028181
11784,65.650059
11785,58.021523
11786,63.414909
11787,61.289743
11788,62.592507
11789,62.976143
11790,61.865709
11791,60.474723
11792,59.158712
11793,62.444050
11794,66.530003
11795,61.877629
11796,61.515062
11797,60.133907
11798,59.448510
11799,66.350716
11800,62.323442
11801,63.843288
11802,64.027450
11803,67.032071
11804,68.755111
11805,64.731759
11806,60.701002
11807,58.423628
11808,61.848050
11809,59.129115
11810,62.777927
11811,63.093452
11812,63.030424
11813,63.442900
11814,65.789173
11815,65.113239
11816,61.828256
11817,61.749975
11818,62.466304
11819,62.865041
11820,64.228039
11821,63.490208
11822,63.559364
11823,64.419163
11824,63.216097
11825,63.249857
11826,59.873363
11827,62.384794
11828,62.036123
11829,60.303725
11830,66.139055
11831,66.917960
11832,63.283651
11833,61.172710
11834,67.055976
11835,61.616233
11836,59.779488
11837,62.435778
11838,60.149649
11839,60.650445
11840,64.750362
11841,64.648654
11842,63.323778
11843,63.670576
11844,61.246976
11845,61.460562
11846,61.741407
11847,62.524341
11848,59.510886
11849,60.837219
11850,60.900946
11851,61.590229
11852,62.219256
11853,62.535089
11854,63.104848
11855,63.612716
11856,65.522117
11857,61.723768
11858,62.679948
11859,62.831769
11860,58.395964
11861,61.434499
11862,61.939170
11863,62.042555
11864,62.798103
11865,60.908295
11866,59.075472
11867,63.535001
11868,63.482521
11869,62.950303
11870,61.712340
11871,64.334130
11872,63.179773
11873,67.129168
11874,66.606102
11875,65.492709
11876,66.284592
11877,65.126104
11878,63.759453
11879,58.994565
11880,60.152331
11881,59.557767
11882,60.612821
11883,61.007831
11884,62.102259
11885,62.599912
11886,63.137385
11887,63.915763
11888,61.651375
11889,63.153493
11890,62.094803
11891,63.795204
11892,64.527566
11893,63.040040
11894,61.702736
11895,63.613966
11896,63.590736
11897,62.553011
11898,63.767392
11899,63.494103
11900,64.647205
11901,62.321075
11902,59.675358
11903,58.246891
11904,58.921803
11905,63.087579
11906,58.140163
11907,62.307985
11908,62.688942
11909,66.333437
11910,65.385550
11911,65.748210
11912,65.766514
11913,62.234530
11914,62.358495
11915,63.757378
11916,62.239311
11917,61.601811
11918,60.829689
11919,64.014825
11920,64.105160
11921,63.122318
11922,62.582398
11923,63.320041
11924,62.890570
11925,60.733956
11926,59.925037
11927,63.940530
11928,63.228572
11929,60.829208
11930,62.010823
11931,62.071540
11932,61.547188
11933,60.595446
11934,64.964564
11935,61.658835
11936,60.222145
11937,62.592951
11938,59.903909
11939,62.233483
11940,59.762919
11941,64.193169
11942,64.018606
11943,60.576585
11944,60.952668
11945,63.159144
11946,63.337007
11947,63.173474
11948,67.036733
11949,64.371379
11950,63.812138
11951,60.279118
11952,60.509783
11953,60.325238
11954,63.914063
11955,68.555828
11956,63.810361
11957,63.405292
11958,62.272882
11959,60.231353
11960,61.977854
11961,62.248845
11962,60.880684
11963,61.051499
11964,62.146721
11965,60.196821
11966,63.241992
11967,61.281098
11968,59.872247
11969,60.868646
11970,59.548207
11971,59.547828
11972,59.886010
11973,62.487575
11974,62.784100
11975,61.002992
11976,61.467511
11977,61.070869
11978,61.129340
11979,62.504345
11980,66.147249
11981,64.118712
11982,66.347588
11983,61.781414
11984,65.932172
11985,63.922542
11986,62.694193
11987,60.415813
11988,60.425081
11989,63.508588
11990,60.868108
11991,63.504433
11992,66.190632
11993,65.332968
11994,62.826771
11995,64.946910
11996,65.781580
11997,62.828983
11998,63.895030
11999,62.508810
12000,61.074805
12001,63.342078
12002,61.402738
12003,62.966722
12004,61.731858
12005,62.493948
12006,60.321395
12007,62.260501
12008,63.193798
12009,60.656140
12010,64.668048
12011,61.326956
12012,63.584186
12013,62.207486
12014,58.212160
12015,59.528345
12016,59.957401
12017,61.330601
12018,61.940539
12019,65.793307
12020,60.992073
12021,63.909737
12022,62.796497
12023,57.904833
12024,59.793919
12025,61.954956
12026,63.507637
12027,61.133082
12028,64.505567
12029,66.043071
12030,63.784490
12031,60.618923
12032,65.421910
12033,64.650133
12034,66.043858
12035,59.000991
12036,61.296648
12037,59.147618
12038,58.817506
12039,62.748951
12040,61.823270
12041,64.934877
12042,64.176281
12043,63.597899
12044,64.499537
12045,63.159779
12046,66.355335
12047,63.996673
12048,62.583359
12049,64.700227
12050,61.557589
12051,60.769539
12052,64.237689
12053,60.450324
12054,60.673512
12055,61.457936
12056,61.019742
12057,66.922954
12058,62.746174
12059,62.287646
12060,59.573501
12061,61.654064
12062,65.702638
12063,64.241020
12064,61.525509
12065,64.180409
12066,64.127030
12067,59.518451
12068,59.894166
12069,59.950345
12070,61.185951
12071,60.442522
12072,63.299341
12073,66.662572
12074,63.258108
12075,60.756738
12076,62.907815
12077,60.558454
12078,60.020749
12079,60.037618
12080,64.432597
12081,64.594300
12082,65.273711
12083,66.852224
12084,64.528434
12085,64.070628
12086,63.823634
12087,63.060097
12088,62.425940
12089,65.733653
12090,61.041029
12091,61.795866
12092,62.257500
12093,59.090583
12094,62.696140
12095,59.787294
12096,62.094047
12097,64.004396
12098,65.415052
12099,66.537688
12100,62.939812
12101,64.206623
12102,60.919978
12103,66.429271
12104,62.837639
12105,62.311566
12106,64.963179
12107,60.576575
12108,60.534596
12109,58.788675
12110,61.477905
12111,60.476549
12112,62.859693
12113,62.447266
12114,66.397063
12115,65.441296
12116,66.787745
12117,63.426758
12118,63.211639
12119,63.256285
12120,63.830090
12121,58.765408
12122,61.946571
12123,64.924929
12124,63.840155
12125,61.390406
12126,61.457455
12127,62.835527
12128,62.604670
12129,64.587205
12130,64.058325
12131,63.186987
12132,59.662224
12133,65.738946
12134,64.612175
12135,61.202385
12136,64.221795
12137,63.602813
12138,64.041766
12139,63.629378
12140,61.949314
12141,62.626316
12142,63.980922
12143,62.712101
12144,65.557330
12145,60.811568
12146,60.379246
12147,61.598205
12148,65.062663
12149,62.148139
12150,64.460760
12151,61.290886
12152,62.096323
12153,65.864391
12154,62.906068
12155,61.855399
12156,61.500086
12157,62.577302
12158,56.986394
12159,60.238881
12160,66.227862
12161,62.156362
12162,65.536355
12163,61.794578
12164,61.528506
12165,61.386784
12166,63.426387
12167,60.910817
12168,65.642557
12169,64.979475
12170,64.691862
12171,61.102020
12172,65.185332
12173,62.387072
12174,57.599544
12175,62.154861
12176,64.043444
12177,60.901122
